Short-Term-Fuel-Trim-Bank-1_percent	Calculated-Engine-Load-Value_percent	Vehicle-Speed_kmh	Intake-Air-Temperature_C	Engine-Coolant-Temperature_C	Long-Term-Fuel-Trim-Bank-1_percent	Intake-Manifold-Absolute-Pressure_kPa	Engine-RPM_rpm	Absolute-Throttle-Position_percent	Timing-Advance-for-Number-1-cylinder_degree
-1.6	68.7	63	28	87	-3.8	88.6	2528	29.1	15.3
-1.6	86.2	65	28	87	-2.8	92.5	2611	34.9	15
-2.2	89.8	67	28	87	-2.3	94	2636	34.8	15
1.7	89.8	69	28	87	-2.3	93.9	2671	30	15.5
1.9	89.6	69	28	87	-2.6	91.8	2656	33.6	15.5
-2.2	92.7	71	28	87	-2.3	93.6	2703	38.7	15.5
-2.5	95.8	75	28	87	-2.5	96.8	2918	43.7	16
-3.8	98.5	76	28	87	-2.5	97.4	2968	49.7	17
-3.9	99.1	78	28	87	-3.2	94.5	2939	46.3	17.5
-3.8	95.4	81	28	87	-3.1	93.2	3041	42.5	18
-4.8	93.4	83	28	87	-3.1	89.9	3241	34.5	18.8
-6.3	86.1	84	28	87	-4.8	85.7	3266	32	18.9
-5.3	81.1	86	28	87	-4.7	79.1	3256	21.8	18.3
-3.8	71.7	87	28	87	-5.5	80.5	3093	22	18.5
-1.7	75.4	88	28	87	-6.3	83	2646	25.5	16
1.7	83	89	28	87	-6.3	85.4	2689	26.6	16
3.7	83.8	90	28	87	-6.1	87.4	2729	28.6	16
2.8	84.3	91	28	87	-5.5	88.8	2742	29.6	16
-0.8	83.9	91	28	87	-5.2	89	2756	29.8	16
0.5	84.4	92	28	87	-4.7	88.9	2767	29.6	16
3.1	84.5	93	28	87	-4.3	87.5	2764	29.3	16.1
-1.3	82.4	94	28	87	-4	85	2734	25.1	17
-6.3	78.7	93	28	87	-5.5	80.8	2704	24.1	17.7
-5.4	78.8	95	28	87	-5.6	77.5	2658	20.9	21.4
-5.2	78.7	97	28	87	-6.3	82	2691	22.2	20.2
0.7	79	98	28	87	-6.3	82.6	2705	24.7	16.5
0.9	79.2	99	28	87	-6.3	86	2428	24.5	16.2
1.5	78.9	101	28	87	-5.8	85.7	2425	24.3	15.5
0.8	79	102	28	87	-4.7	85	2416	24.7	15.5
-1.6	77.4	103	28	87	-4.4	85	2416	24.7	15.5
-0.1	77.6	104	28	87	-3.9	85	2420	24.7	16
3.1	77.5	105	28	87	-3.9	81.9	2430	24.1	16.3
-0.4	73.7	106	28	87	-3.9	77	2455	20.5	20.4
-4.4	68.2	107	28	87	-4.7	77	2467	19.6	20.5
-8.5	62.1	107	28	87	-5.3	75.9	2483	18	20.5
-8.1	62	108	28	87	-7	69.1	2497	18	21.6
-6.3	62.1	107	28	87	-7.7	68.6	2499	18	23
-2.1	61.5	108	28	87	-8.7	68.2	2500	18	23.4
2.1	61.4	108	28	87	-9.3	77.1	2500	19.6	21.8
5.4	74.3	109	28	87	-8.9	77.4	2500	22.4	17.5
5.7	74.5	110	28	87	-7	81	2527	22.4	17.5
6.9	74.5	111	28	87	-6.7	81	2553	22.4	17.5
5.1	74.1	111	28	87	-6.3	81	2580	22.8	17.5
0.8	72.9	110	28	87	-5.6	79.8	2594	22.9	17.7
-0.2	71.7	112	28	87	-4.7	78	2621	21.6	19.9
-1.6	69.4	115	28	87	-4.7	77	2636	21.5	20.4
-2.5	68.1	115	28	87	-4.7	75.6	2656	21.2	22
-3.6	65.4	115	28	87	-4.7	73.1	2679	20.3	22.5
-5.5	58	117	28	87	-5.5	73	2683	18.5	23.5
-3.8	51.7	117	28	87	-6.4	73	2686	13.4	28.8
-1.6	41.3	116	28	87	-7	61.4	2687	13.6	28.9
-3.4	43.1	116	28	87	-7	51.2	2687	14.6	27.9
-5.5	46	115	28	87	-7	54.6	2649	14.6	27.9
-2.8	46.4	115	28	87	-7	54.1	2653	15	27.3
0	47.2	115	28	87	-7.8	54	2652	14.9	27.5
2.3	47.1	115	28	87	-8.1	54	2648	14.9	27.5
0.1	47.1	115	28	87	-8.6	54	2638	15	27.5
-3.6	47.1	114	28	87	-8.6	54	2635	14.9	27.5
-0.8	47.4	114	28	87	-8.4	54	2630	14.9	27.4
-0.9	47.1	114	28	87	-7.8	54.2	2625	14.9	27.5
-1.6	46.9	114	28	87	-7.8	54	2626	14.9	27.5
-1.8	41.2	114	28	86	-7.8	54.1	2620	14.2	27.8
-2.3	22.7	112	28	86	-2.5	39.5	2589	11.8	28.4
-9.8	19	111	28	86	1.8	21.8	2535	0.1	34.9
-16.7	14.1	109	28	86	-2.3	19.6	2534	2.7	35.3
2.3	34.9	107	28	86	-3	26.3	2542	7.5	35.9
1.1	37.8	105	28	86	-4.7	56.1	2635	12.6	31.3
-3.1	57.6	105	28	86	-6.8	60.8	2588	17	25.8
-3.1	58.7	105	28	86	-8.9	65.3	2496	17.3	24.4
-3	59.5	105	28	86	-10.2	61.2	2495	16.4	25.1
-2.3	50.4	105	28	86	-10.4	60.1	2493	14.9	26.4
-0.9	50.1	105	28	85	-10.9	57.1	2469	14.9	26.5
5.5	49.1	105	28	85	-10.6	57	2454	14.9	26.5
5.5	49.9	105	28	85	-10.2	57.1	2412	15	26.4
5.5	52.6	105	28	85	-9.9	58.1	2413	15	26.4
2	52.6	105	28	86	-9.4	60.1	2417	15.8	25.4
-2.3	52.9	105	28	86	-9	60	2419	15.7	25.5
-2.3	52.9	105	28	86	-8.5	60	2422	15.8	25.4
-2.3	53	106	28	86	-7.8	56.3	2427	15.2	25.9
1.8	50.1	106	28	86	-7.7	56	2433	13.8	27.9
7	45.5	106	28	87	-7	56.3	2440	13.6	28
5.4	43.9	106	28	87	-7	56	2448	13.4	27.9
4	42	106	28	87	-7	52.4	2451	13.3	28.2
5.4	41.4	106	28	87	-6.7	48.8	2455	13.4	28.9
5.5	40.8	107	28	87	-4.7	45.3	2457	12.9	29.6
3.1	38.8	107	28	87	-4.7	42.8	2454	12.2	31.4
1	36	106	28	87	-4.7	28.5	2401	7.3	32.6
-14.7	13.9	105	28	87	-4.3	27.1	2401	0.1	34.9
-14.1	13.3	104	29	87	-2.3	18.6	2138	0	26.1
0	13.5	102	29	87	-2.3	18	2135	0.1	0.1
0	13.7	100	29	87	-2.3	18.3	2058	0	0
0	13.2	99	29	87	-2.3	18	1994	0	0
0	13.1	97	29	87	-2.3	18.1	1941	0.1	0
0	13.8	95	29	87	-2.3	18.5	1901	0.5	0.3
3.6	17.9	95	29	87	-2.5	19.5	1847	2.1	1.6
7.8	24.8	95	29	86	-6.3	48.3	2079	5.5	7.1
7.8	24.7	92	29	86	-6.5	47.7	2332	13.7	27.9
7.8	24.8	92	29	86	-7.8	44.5	2261	11.7	29.7
-0.3	24.5	93	29	86	-7.8	44.1	2169	7.2	34.9
-7	24.3	94	29	85	-9.4	35.9	2182	8.1	35
7.7	31.1	94	29	85	-9	32.6	2207	10.2	34.9
4.2	39.3	94	29	85	-7.8	50.2	2288	12.5	31.6
-10.9	57	95	29	85	-8.4	53.9	2287	15.3	26
-11.1	56.9	95	29	85	-9.4	64	2285	14.2	26
-11.7	56.9	96	29	85	-10.2	51.2	2279	12.8	27.4
-2	45.1	96	29	85	-10.2	34.1	2268	7.2	37.3
10.9	23.6	96	29	85	-9.8	35.4	2280	7.7	37.2
7.5	27.3	96	29	85	-9.3	37	2297	9.9	34.9
3.9	32.2	96	29	85	-8.6	38.1	2287	10.6	33.9
3.1	43.7	96	29	85	-8.3	39	2276	12.5	29.9
2.8	43.5	96	29	86	-7	39.3	2281	10.5	31.7
-3.9	36.4	96	29	86	-6.4	38.3	2280	4.9	38.3
-3.9	24.9	96	29	86	-3.9	33.5	2278	4.7	38.5
-3.6	24.7	96	29	86	-3.9	33.1	2277	8.7	37.7
-3.1	24.8	96	29	86	-3.9	30.3	2262	7.9	37.1
-2.8	21.9	96	29	86	-3.9	26.1	2230	4	38.3
-2.3	16.6	96	29	86	-4.7	23.4	2194	3.9	38.4
-3.2	17	96	29	86	-4.7	21.1	2144	3.9	37.9
-3.2	17.6	95	29	86	-4.7	22.4	2151	4.2	38
3.9	17.8	94	29	86	-4.6	22.1	2149	4.8	37.9
3.4	18.1	93	29	86	-3.9	23.5	2136	5.7	37.9
-1.6	20.4	93	29	86	-3.7	23	2123	7.5	37.4
-1.4	20	93	29	86	-3.1	24.3	2131	6.8	37.5
1.6	22.2	92	29	86	-3.1	25.5	2145	6	37.5
0.3	23.9	92	29	86	-3.1	29	2170	7.6	37.5
-2.2	24.8	92	29	86	-3.1	29.4	2170	7.8	37.3
-7	27.9	92	29	86	-3.1	29	2171	8.7	36.4
-7	27.6	91	29	85	-3.1	32.4	2159	9.7	35.2
-6.3	27.5	91	29	85	-3.7	32.1	2142	12.9	29.4
-6.3	27.6	90	29	85	-9.4	36.4	2110	11.3	31
-1.6	26.6	89	29	85	-9.4	36	2066	7.2	36.9
4.7	24.8	87	29	85	-8.6	33.5	2061	7.1	36.9
7.5	25.9	87	29	85	-8.6	30.1	2054	7.2	36.4
11.7	28.7	86	29	85	-7.8	31.7	2044	7.3	36.4
10.2	31.8	85	29	85	-7	34	2027	8.7	34.9
7.9	36.9	84	29	85	-6.3	43.7	2092	10.7	32.8
-9.4	49.4	84	29	85	-6.7	53.3	2149	15.3	26
-8.4	58.9	85	29	85	-7.8	65.1	2053	15.3	25.8
-4.7	57.3	87	29	86	-8.5	63.3	2051	15.1	25.5
-4.7	53.4	87	29	86	-9.4	60	2048	13.3	26
-4.7	43.9	89	29	86	-9.4	51.3	2067	12.4	27.5
1.9	35.6	89	29	86	-8.5	41.2	2093	10.2	33.9
5.2	26	90	29	86	-3.9	22.3	2069	7.5	35.1
-0.8	16.3	91	29	86	-3.9	24	2061	3.1	37.5
-0.3	18.7	91	29	87	-3.9	32.1	2175	6.4	36.7
0.8	29.1	92	29	87	-3.5	33.2	2188	9	36
-0.2	28.5	93	29	87	-3.1	35	2216	9	35.9
-1.6	27.5	94	29	87	-3.1	32	2213	8.3	36.5
3.1	24.9	94	29	87	-3.1	29	2208	6.7	38
3	21.6	95	29	87	-3.1	28.3	2220	7	38
2.3	22.8	95	29	87	-3.1	27.5	2232	7.5	38
0.3	22	95	29	87	-3.1	23.1	2166	5.8	38
-4.7	16.7	95	29	87	-3.5	24.5	2180	5	37.8
0	29.9	95	29	87	-3.9	27	2218	10.7	34.9
7.8	62.4	95	29	86	-5.5	51.4	2277	12.8	32.2
-0.6	65.9	96	29	86	-5.8	76	2364	20	19
-10.1	70.6	97	29	86	-7.8	77	2337	20	19
0	70	98	29	86	-8	75.7	2315	20	19
-0.8	68.7	100	29	86	-8.6	71	2322	18.4	21
-4.7	60.8	101	29	86	-9.1	71	2324	16.5	24
-4.4	60.6	101	29	85	-10.2	71	2340	16.5	24.2
-3.1	58.8	102	29	85	-10.2	66	2344	16.5	24.5
-3.1	58.7	102	29	86	-10.2	66.1	2362	17	24.7
-3.1	57.4	103	29	86	-10.2	65.5	2365	16.9	25.3
-3.1	57.3	103	29	86	-10.2	63.2	2384	16.2	25.4
-0.3	57	103	29	86	-10.2	63	2384	16.1	25.5
6.3	55.7	104	29	87	-9.8	60.2	2388	15.6	25.5
5.1	50.6	104	29	87	-9.3	56	2396	13.3	25.5
3.1	37.6	103	29	87	-4.7	46.7	2390	12.3	27.1
2.6	34.1	103	29	87	-4.7	37	2382	9.8	35
2.6	30.5	103	29	87	-4.7	36.1	2371	9.8	35.2
3.9	29.9	102	29	87	-4.4	36	2358	9.8	35.5
3.4	29.9	102	29	87	-3.9	36.1	2339	9.9	35.7
2.3	30.3	101	29	87	-3.9	36.4	2332	9.8	36
2.6	29.9	101	29	87	-3.9	37	2317	9.9	35.9
3.1	29.5	100	29	87	-3.5	36.5	2309	9.6	36
3.1	29.1	100	29	87	-3.1	36.1	2298	9	36
2.6	28.6	100	29	87	-3.1	39.2	2291	9.7	35.5
-2.3	31.7	100	29	87	-3.1	39	2284	10.6	34.5
-2.5	33.7	99	29	87	-3.1	39.1	2277	10.4	34.8
-3.1	31.4	99	29	87	-3.1	38	2275	10.2	35.1
-3.1	31.4	99	29	87	-3.1	37.2	2271	10.2	35.5
-2.5	32.7	98	29	86	-3.1	38.1	2257	11.2	34.1
0	41.7	98	29	86	-3.1	38	2258	12.3	31.8
-0.3	43.9	98	29	86	-3.1	38.1	2263	13	28.9
-0.8	49.4	99	29	86	-3.8	44	2270	13.2	28.9
-4.5	52.4	99	29	86	-4.7	56	2290	16.5	25
-10.9	59.2	101	29	86	-5.9	60.4	2306	16.5	24.9
-10.9	58.6	101	29	86	-7.2	65.8	2333	16.5	24.5
-8.1	56	102	29	86	-8.6	63.1	2354	15.2	25.3
1.6	44.4	103	29	86	-8.6	57.9	2373	13.7	26.5
2.6	44.3	103	29	86	-8.6	47	2386	11.8	29.3
4.7	44.3	103	29	86	-7.8	40.5	2386	10.3	32.2
-1.6	37.2	103	29	86	-7.8	30.1	2386	3.2	38.4
-13.3	15.9	101	29	86	-6.7	26.9	2367	3.1	38.5
-11	16.6	101	29	87	-4.7	19.1	2240	7.2	38.5
-3.1	22.9	99	29	87	-4.3	22.9	2252	7.1	38.5
0.7	27.1	99	29	87	-3.9	29	2297	7.8	38
8.6	43.9	98	29	87	-5.2	40.7	2316	10	35.8
0.7	47.8	99	29	87	-6.2	53.6	2342	16.5	25.5
-8.6	53.7	100	29	87	-5.5	32.2	2334	12.9	28.2
-4.2	35.9	100	29	87	-6.2	34	2338	5.5	38
-1.6	26.3	99	29	87	-8.6	43.1	2454	10.6	32.8
-1.6	62.7	100	29	87	-8.6	50.8	2447	15.8	26.5
-4.9	60	100	29	86	-8.6	71	2415	18.4	24.3
-12.5	49.4	103	29	86	-9.9	61.9	2428	17.5	23.3
-5.9	47.3	104	29	86	-10.4	50.1	2450	14.5	27.5
-0.4	42.7	105	29	86	-8.6	40.1	2434	12	30.8
0.8	29.1	105	29	86	-8.2	37.7	2433	9.7	35.2
0.8	28.3	105	29	86	-7.8	34	2431	9	36.9
0.8	26.8	105	29	86	-7	34.4	2423	9.3	36.7
3.5	30.4	105	29	86	-7	35.1	2408	10.3	34.9
8.6	39.7	104	29	86	-6.3	35	2405	11	34.6
2	44.2	104	29	86	-5.6	35	2397	15.7	26
-8.6	53.3	104	29	86	-7	47.5	2397	15.7	25.9
-5.8	52.6	104	29	86	-7.3	59	2397	15.7	25.5
-2.6	51.7	103	29	86	-9.4	49.1	2386	14.6	26.6
3.1	41.7	103	29	86	-9.2	50.5	2374	12.5	29.5
1.2	44.1	102	29	86	-8.6	57	2363	14.3	27.5
-1.9	52.5	102	29	86	-8.6	54.5	2363	14.8	26.6
6.3	47.3	102	29	86	-8.6	51.8	2363	13.3	29
5.6	43.6	102	29	86	-8.6	50.1	2360	13.3	29
1.6	51.4	102	29	86	-8.1	52.9	2358	13.3	29
0.6	51.3	102	29	87	-7	63	2358	15.1	27.1
-2.3	51	104	29	87	-7.5	59.5	2371	16.5	25.2
-2.6	50.4	104	29	87	-7.8	56	2390	16.5	26.5
-3	49.4	104	29	87	-7.8	56.1	2405	14.5	26.5
0.8	48.7	104	29	87	-7.8	55.7	2405	14.5	26.5
1.7	48	104	29	87	-7.8	54	2408	14.1	26.7
3.9	47.1	104	29	87	-7.1	54	2407	14.1	27
1.5	46.7	104	29	87	-6.3	54	2405	14.1	27
-1.2	45.9	104	29	87	-6.3	53.4	2405	13.8	27.2
5.5	43.9	104	29	87	-6.1	52	2404	13.3	28
5	41.9	104	29	87	-5.5	48	2391	12.9	28.8
1.6	40.5	103	29	87	-5.2	47.6	2384	12.5	30
2.6	40.2	103	29	87	-4.7	47	2364	12.5	29.9
4.7	39.7	102	29	87	-4.3	47	2357	12.5	30
2.4	39.6	102	29	87	-3.9	47	2341	12.5	30
-0.7	39.6	101	29	87	-3.5	46.6	2334	12.1	30.5
1.6	36.8	100	29	87	-3.1	46	2320	11	32.5
1.6	32.9	99	29	87	-3.1	41.9	2306	11	33
3.9	32.7	99	29	87	-3.1	38.2	2287	11	35
3.4	32.7	98	29	87	-3.1	44.1	2274	11.6	33.6
-3.9	43.6	98	29	87	-2.9	44.9	2260	12.9	29.5
-3.5	43.5	97	29	87	-2.3	50.1	2261	12.9	29.3
-0.8	44.4	97	29	87	-2.6	50.6	2257	12.9	29
-1.7	44.5	97	29	87	-3.1	52	2242	13.3	28.8
-4.7	45.5	97	29	87	-3.5	52	2243	13.3	28.5
-5	45.8	97	29	87	-3.9	52	2246	13.3	28.5
-5.4	46.3	97	29	87	-4.7	52.5	2250	13.3	28.5
-3.9	46.8	98	29	87	-4.8	53	2254	13.3	28.5
-3.7	47.1	98	29	87	-5.5	53.1	2262	13.3	28.3
-3.1	47.1	98	29	87	-5.5	53	2263	13.3	28
-3.1	46.5	98	29	87	-5.5	53	2267	13.3	28.5
-3.1	44.7	98	29	87	-4.7	52.1	2267	13.2	29
-2.8	44.4	98	29	87	-4.7	51	2268	12.9	29
-2.3	43.5	98	29	87	-4.7	51	2267	13	28.9
-2.3	44.8	98	29	87	-4.7	51	2265	13.3	28.5
-2.3	47.1	98	29	87	-3.9	52.6	2265	13.3	28.4
-2.7	47.1	98	29	87	-4	53.6	2265	13.3	28
-2.1	46.5	98	29	87	-4.7	48.1	2261	12.3	29.3
4.7	36.2	97	29	87	-4.7	46.4	2256	11	32
2.8	36.1	97	29	87	-4.8	43	2238	11	33.5
0	36.1	97	29	87	-7	42.5	2230	11	33.5
2.3	36.1	97	29	87	-6.9	42	2219	11	33.5
3	36.1	96	29	87	-6.3	42.1	2202	11	33.5
7.8	36.2	95	29	87	-5.8	42	2199	11	33.5
6.4	37.4	95	29	87	-4.7	42	2191	11	33.5
2.3	42.8	94	29	87	-4.4	44.8	2189	11	33.5
2.3	42.3	94	29	87	-3.9	51.1	2184	11.1	32.2
2.3	40.1	94	29	87	-3.7	49.5	2181	11	30.5
2	40	94	29	87	-3.1	44.1	2174	11.5	31.3
0	38.7	94	29	87	-3.1	44	2180	11.4	32.5
0.8	38.9	94	29	87	-3.1	44.1	2240	11.4	32.5
3.9	52.5	93	29	87	-5.9	44	2252	11.9	32.1
-0.1	55	93	29	87	-10.2	44.1	2295	16.5	24.5
-7	61.2	95	29	87	-10.5	52.7	2285	16.3	24.5
-5.1	56.8	96	29	87	-10.7	67	2262	14.9	24.5
-2.3	48.6	97	29	87	-2.3	59.1	2262	14	25.6
-1.5	44.2	97	29	87	-2.3	51.9	2263	11.8	30.5
-1.2	38.8	97	29	87	-2.3	46.1	2254	11.2	31
-3.9	28.7	96	29	87	-3	39.5	2245	10.3	32
-2.1	27.5	96	29	87	-3.9	26	2215	7.1	35.4
0.8	25.1	95	29	87	-3.5	27.2	2211	7.1	38
2.5	25.1	94	29	87	-3.1	29	2203	7.1	37.9
4.7	25.2	93	29	87	-2.7	36.6	2243	9	35.8
6.3	38.5	93	29	87	-2.7	46	2302	14.9	26
6.8	58	92	29	87	-10.2	61	2292	16.1	24.8
-0.8	70.2	93	29	87	-9.4	73	2283	18.2	22
0	72	94	29	87	-7.8	82	2283	22.4	19.1
2.3	79.6	96	29	87	-7.4	83.6	2282	22.8	16
2.3	80.6	96	29	87	-7	86	2281	25.5	15
2.3	83.1	97	29	87	-7	72	2276	22.5	16.6
-1.5	74.3	97	29	87	-7	72	2268	15.3	24.5
-6.3	56.5	97	29	87	-7.9	68.4	2279	15.4	24.7
-5.4	56	97	29	87	-8.7	64.6	2292	15.7	25.5
-4.3	54.5	97	29	87	-9.4	61	2292	15.5	25.5
-2.3	44.8	99	29	87	-8	56.2	2295	15.3	25.5
-1.8	44	99	29	87	-4.7	39.1	2329	13	29.4
0	39.7	100	29	87	-4.4	39.5	2331	10.6	34.5
0.7	38	100	29	87	-3.9	41	2339	10.2	34.8
2.3	32.2	100	29	87	-3.9	39.5	2349	10.7	34.5
3.9	39.8	100	29	87	-5.2	41	2364	12.9	30
4.5	50.3	100	29	87	-10.9	66	2495	12.9	28.1
-3.9	62	101	29	87	-10.9	66.5	2478	12.9	24
-5.7	57	102	29	87	-10.9	68	2401	11.4	24.9
-10.9	32.2	103	29	87	-7.9	58.4	2388	10.1	26.4
-7.6	30.9	102	29	87	-3.1	35	2344	9	35.9
-1.6	28.3	100	29	87	-3.1	34.1	2328	8.9	36.1
-1.8	28.3	100	29	87	-3.1	33	2301	8.6	37
-2.3	28.6	99	29	87	-3.1	33.9	2284	8.8	36.8
-2	28.9	98	29	87	-3.1	35	2252	9.4	36
-1.6	29.4	97	29	87	-2.3	35	2240	9.4	36
-0.8	33.1	97	29	87	-2.1	37	2223	9.4	36
-1.1	35.7	96	29	87	-1.6	43	2206	11.4	34
-1.6	35.7	96	29	87	-1.6	42.6	2204	11.4	32.5
-2.4	38.1	96	29	87	-1.6	42	2200	11.4	32.5
-2.9	41.6	95	29	87	-6	60.3	2213	13.9	28.8
0.8	59.2	95	29	87	-8.8	74.8	2227	19.6	17.5
1.9	73.4	96	29	87	-9.4	78	2234	19.8	17.3
5.5	73.7	97	29	87	-9	78.4	2237	20	17.1
4.8	73.7	97	29	87	-8.5	79	2245	20	17.5
3.7	73.7	97	29	87	-7.8	79	2247	20	17.4
-0.8	73.7	97	29	87	-7.6	79.1	2247	20	17
-0.7	73.9	97	29	87	-7	80	2233	20.4	17
0	75.7	97	29	87	-6.8	80.5	2228	20.8	17
0.5	76	97	29	87	-6.3	82	2206	20.8	16.5
1.6	76.9	96	29	87	-5.9	82	2205	20.8	16
3.6	76.9	96	29	87	-5.5	82	2204	21.6	16
6.3	76.9	96	29	87	-4.7	82	2202	21.6	15.9
3.9	77.4	96	29	87	-4.5	82	2200	21.6	15.5
4	78	95	29	87	-3.9	82	2192	21.6	15.5
4.7	78.8	95	29	88	-3.5	82	2185	21.6	15.5
4.3	78.8	95	29	88	-3.1	82.1	2179	21.6	15.5
4	78.8	94	29	88	-3.1	84	2171	21.9	15.3
4.7	79.2	93	29	88	-2.9	84	2169	22.4	15
4.2	79.6	93	29	88	-2.3	84	2252	22.4	15.2
2.3	81.6	93	28	88	-1.6	85.5	2240	22.8	15.4
0.7	82	93	28	88	-0.8	88	2208	25.5	14
-1.6	82.7	93	28	88	0	86.3	2194	24	14.4
-3.3	75.9	93	28	88	0	84	2169	19.6	16
-5.5	63.1	92	28	88	-2.1	74.6	2177	19.7	16.3
-5.5	66.9	92	28	88	-3.9	64.8	2190	20	19
-5.4	73.7	92	28	88	-3.9	84	2189	21	17.8
1.6	77.1	92	28	88	-3.8	84	2188	23.1	15
1.3	81	93	28	88	-3.1	84	2189	23.1	15
-0.8	78	93	28	88	-3.1	80.3	2192	23.1	15
-0.3	77.9	94	28	88	-3.1	40.1	2225	17.8	21
6.3	58.4	93	28	88	-4.6	42.8	2225	8.2	36
4.9	58.2	91	29	88	-10.9	69	2515	11.7	36
-10.9	42.1	91	29	88	-8.7	63.9	2577	18	36
-10.9	42	91	29	88	-2.3	40.1	3272	17.5	36
-10.9	42.1	91	29	88	-4.5	47.7	3136	17.1	36
-8.6	43.9	92	29	88	-10.2	82	2231	21.6	27.7
1.6	76.9	93	29	88	-7.8	80.7	2229	21.6	16
-3	68	94	29	88	-3.1	76	2215	16.4	20.3
-14.1	37.6	96	29	88	-2.7	60	2236	12	26.3
-9.2	33.4	96	29	88	-2.4	39.4	2270	8.6	36
-3.9	27.1	95	29	88	-3.1	31.1	2227	8.6	36.3
3.9	27.9	95	29	88	-2.9	31.5	2223	8.6	37
3.9	28.6	94	29	88	-2.3	34.1	2192	8.8	36.8
3.9	29	94	29	88	-2	34	2189	9	36.5
3.9	23.9	94	29	88	-1.7	34	2180	7.8	36.5
3.9	12.6	93	29	88	-3.1	25.7	2092	5.4	32
2.1	13.3	92	29	88	-3.1	17	1974	0	13
0	14.6	91	29	88	-3.1	19.4	1850	0	8.8
0	17.4	89	29	88	-3.1	21.4	1758	0	0
0	17.1	88	29	88	-3.1	23.1	1843	1.3	15.2
0	16.2	86	29	88	-3.1	22.4	1855	1.3	35.5
1.4	17.8	86	29	87	-3.1	21.1	1909	3.5	36.1
4.7	23.5	84	29	87	-2.6	26.3	1949	4.7	36.3
0.9	29.9	84	29	87	-2.3	35.5	2013	8.6	35
-4.5	38.4	84	29	87	-2.3	60	2102	11.1	31.7
-18	58.4	86	29	87	-3.5	60.5	2096	14.5	25.5
-15.6	58.7	86	29	87	-7	63	2046	14.7	25.5
-4.7	61.2	87	29	87	-7.4	64.1	2046	14.9	25.5
-4	60.5	87	29	87	-8.6	69	2057	15.7	24.9
-1.6	56.5	89	29	87	-8.9	62.4	2055	16.3	24
1.6	53.6	89	29	87	-9.4	47	2052	11	27.8
8.6	44.3	88	29	87	-9	50.6	2073	11.5	31.2
3.7	44	88	29	87	-8.6	56	2124	14.9	26
-4.7	43.1	88	29	87	-8.6	51.4	2104	14	26.9
2.6	40.9	88	29	87	-8.4	46	2068	11	32
9.9	38.3	87	29	87	-6.3	49.1	2062	11.4	31.3
3.9	72.9	87	29	87	-5.7	51.9	2056	12.5	29
3.5	73.2	88	29	87	-3.1	80	2174	16.3	24.2
0.8	77.3	90	29	87	-3.4	74.5	2148	19.8	16.1
0.8	64.1	90	29	87	-3.9	64	2079	10.6	28
0.8	34.9	90	29	87	-6.3	51.1	2109	10.7	29.1
1.7	42.8	90	29	87	-5.9	42.7	2140	11	32.5
2	49.1	89	29	87	-4.7	58	2106	12.1	30.4
0.8	47.5	90	29	87	-4.7	55.6	2102	13.3	27.5
0.2	41.6	90	29	87	-4.6	50	2087	11.8	29.3
-0.8	27.8	89	29	87	-3.9	33.1	2097	10.9	31.6
3.8	31.1	89	29	87	-3.7	36.9	2119	9	36
6.3	34.2	89	29	87	-3.1	55	2216	10.5	33
3.9	34.5	89	29	87	-3.1	50.6	2216	11.8	29.7
4.2	33.8	89	29	87	-3	44	2216	11.8	31.5
4.7	32.5	89	29	87	-2.3	40.2	2180	11.9	31.5
5.4	43.9	89	29	87	-2.4	36	2122	12.5	31.5
6.3	64.3	90	29	87	-4.7	58.9	2198	15.2	29.4
5.5	71.5	92	29	87	-4.3	84	2317	24.3	15
4.6	80.8	95	29	87	-0.8	86	2317	24.6	14.9
3.1	81.5	97	29	87	-0.8	86.2	2317	25.5	14.5
3	82.4	99	29	87	-0.8	89	2333	26	14.6
0.8	82.4	101	29	87	-1.9	87.9	2350	27.1	15
-0.4	82.2	104	29	87	-8.6	70	2413	23.4	17.8
-10.2	54.9	105	29	87	-7.9	67.1	2414	16.9	24
-7.9	53.1	106	29	87	-4.7	46.1	2449	16.9	27
4.7	32.6	106	29	87	-4.7	45.2	2449	16.9	33.5
4.7	32.5	106	29	87	-4.7	40.1	2450	14.2	33.8
3.9	32	106	29	87	-4.4	41.6	2450	10.8	34.5
2	36	106	29	87	-3.9	45	2450	14.1	30.5
-1.2	45.1	106	29	87	-3.9	49.3	2450	14.2	28.2
-7.8	46.2	106	29	87	-4	53.1	2449	14.5	27.5
-7.6	46.2	106	29	87	-4.7	54	2447	14.5	27.6
-6.3	37.4	105	29	87	-5	51.1	2441	14.5	28
-4.1	37.3	105	29	87	-5.5	43	2422	13.1	30
3.1	37.3	104	29	87	-5.2	42.7	2417	11.8	32.5
4	37.5	104	29	87	-4.7	42	2402	11.4	33
5.5	38	103	29	87	-3.9	44.4	2394	11.9	32.3
1.7	39.8	103	29	87	-3.8	47.1	2382	13.3	29
-1.7	42.4	103	29	87	-3.1	50.1	2378	13.3	28.8
-2.3	45.1	103	29	87	-3.3	50	2375	13.3	28.5
-3.2	49.3	103	29	87	-3.9	50	2388	14.9	26.9
-5.5	59.6	104	29	87	-6.8	54.7	2397	16.5	25
-4.9	59.4	104	29	87	-10.9	66	2429	17.3	24.8
-3.1	58.4	106	29	87	-10.9	66	2440	17.3	24.5
-2.6	58.5	106	29	87	-10.9	66	2475	17.3	24.5
-1.6	58.8	108	29	87	-10.2	65.6	2484	17.2	24.6
-1.6	58.3	108	29	87	-10.2	65	2505	16.9	25.5
-1.6	57.3	109	29	87	-9.4	64.4	2516	16.9	25.5
-2	56.9	109	29	87	-9.4	63	2530	16.9	25.5
-1.1	54.7	110	29	87	-9.4	58	2552	15.9	26
3.1	43.5	111	29	87	-8.8	55.9	2550	14.9	26.5
2.6	44.7	111	29	87	-7.8	50	2542	14.5	28
1.6	48.6	111	29	87	-7.8	53	2545	14.7	27.8
0.1	50.2	111	29	87	-7.7	58	2552	15.7	26.5
-1.8	52.5	110	29	87	-6.3	59.3	2549	15.8	26.4
-4.7	52.5	110	29	87	-6.3	59.5	2544	16.1	26
-3.9	52.4	110	29	87	-6.3	58	2533	15.3	26.2
-0.8	51.4	109	29	87	-6.3	57.2	2528	15.3	26.5
-0.6	51.4	109	29	87	-6.3	54	2504	14.4	27.2
1.6	51.4	109	29	87	-5.9	52.6	2501	13.3	28.5
2	49.4	108	29	87	-4.7	45	2472	12.2	29.8
3.1	36.9	107	29	87	-4.5	45	2469	12.2	31.5
2.1	37.3	107	29	87	-3.9	45	2451	12.2	31.5
0	38.8	106	29	87	-3.5	46.6	2447	12.6	31
-0.8	42.1	106	29	87	-3.1	49	2438	14.1	28
-1.5	46.7	106	29	87	-3.1	49.1	2441	12.5	29.2
0	38.4	106	29	87	-3.1	47.8	2444	9.4	32.5
-0.2	29.8	106	29	87	-3.1	35.1	2442	9.4	33.6
-2.3	29.1	106	29	87	-3.3	35	2440	9.4	36
-1.8	29	106	29	87	-3.9	35.1	2436	9.4	36
1.6	29.9	106	29	87	-3.9	35.8	2436	9.4	36
1.2	30.1	106	29	87	-3.9	40	2440	10.2	35.2
-0.8	35.7	106	29	87	-3.6	41.6	2446	11.1	34
-1.6	35.7	106	29	87	-3.1	45	2461	12.2	32.6
-3.1	35.7	107	29	86	-3.1	43.9	2457	12.1	31.7
-2.5	35.8	107	29	86	-3.1	42	2449	11.8	33
-1.6	36.1	106	29	86	-3.9	46.2	2444	12.8	31.4
-10.2	44.4	106	29	86	-4.2	51	2437	15.3	26.5
-8.5	51.2	105	29	86	-5.5	57	2433	14.8	26.7
-1.6	47.8	106	29	86	-5.8	56.5	2433	14.1	27
-0.8	50.8	106	29	86	-6.3	55	2433	14.6	26.7
0.8	60	105	29	86	-6.3	62.2	2436	15.9	25.7
0	60.9	106	29	86	-6.7	68	2442	18	23.5
0.2	61.6	107	29	86	-7.8	68	2463	18	23.5
0.8	61.6	107	29	86	-7.8	68	2469	18.1	23.5
-0.8	62.1	108	29	86	-7.7	68.2	2479	18.4	23.5
-0.8	62.7	109	29	86	-7	70	2520	18.4	23.5
-0.4	62.7	109	29	86	-6.9	70	2520	18.4	23
0	62.7	110	29	87	-6.3	70	2540	18.4	23
1.7	62.4	111	29	87	-6.1	69.9	2562	18.4	23
2.4	61.9	112	29	87	-5.5	69	2590	18.4	23.2
-3.1	56.5	113	29	87	-5.5	66.7	2595	18.1	23.6
-2.4	55	113	29	87	-5.5	62	2610	15.7	26
-1.6	52.4	113	29	87	-7	58.5	2610	15.4	26.3
-0.8	46.7	113	29	87	-7	55.5	2610	14.5	27.5
-1	46.6	113	29	87	-7	53	2610	14.5	27.7
-1.6	45.9	113	29	87	-6.4	52.7	2608	14.5	28
0.1	45.2	113	29	87	-5.5	52	2599	14	28.3
3.9	43.1	112	29	87	-4.7	53.8	2595	13.7	28.2
3.5	46	112	29	87	-4.7	56	2588	13.7	26.5
3.1	51	112	29	87	-4.7	57	2588	14.3	26.5
0.8	50.6	112	29	87	-4.8	57.2	2589	15.7	26.5
0.6	49.8	112	29	87	-5.5	50	2585	14.7	27.3
-0.8	41.2	112	29	87	-5.8	49.3	2584	13.3	29
-0.6	40.4	112	29	87	-7	45	2558	12.6	30.2
0	34.9	110	29	87	-6.8	45	2554	11.8	32
-0.2	35.5	110	29	87	-6.3	45	2530	12.5	32
-0.8	38	109	29	87	-5.9	45.4	2524	12.5	32
-1.7	37.9	109	29	87	-5.5	46	2512	12.5	31
-3.1	37.6	108	29	87	-4.7	45.5	2505	12.5	31.1
-2.4	37.2	108	29	87	-4.6	45	2495	12.5	31.5
-1.6	36.5	109	29	87	-3.9	45.1	2499	12.6	31.2
-0.8	38.8	109	29	87	-3.9	45	2504	12.9	30
0	42	109	29	87	-3.9	45.1	2516	13	29.7
-2	41.8	109	29	87	-3.9	45	2530	13.3	29
-3.8	41.7	110	29	87	-3.9	45	2562	13.3	29
-6.3	42.4	110	29	87	-4.1	46.4	2566	13.3	29
-6.6	42.6	110	29	86	-4.7	53	2605	13.7	28.6
-7.8	43.9	114	29	86	-5	52.5	2609	14.1	28
-4.4	39	114	29	86	-5.5	51	2630	13.7	28.5
2.3	23.9	114	29	86	-5.5	40	2618	12.8	29.7
-0.1	27.1	114	29	86	-5.5	24	2597	8.6	37.5
-3.1	32.5	113	29	86	-5.5	37.1	2660	10.7	35.6
-2.2	44.5	113	29	86	-5.5	52.4	2731	14.9	28.5
-0.8	57	113	29	86	-5.5	73	2773	18.2	25.6
1.6	68.6	113	29	86	-5.9	74.1	2740	20.8	22.5
-1.1	64	113	29	86	-6.4	76	2661	20.8	22.5
-4.7	55.7	112	29	86	-7.8	69.6	2630	18.7	22.7
-6.5	54.9	112	29	86	-7.8	61	2577	16.1	25.5
-8.6	53.7	111	29	86	-8.2	61	2568	16.1	25.5
-5.6	53.7	111	29	86	-8.6	61	2555	16.1	25.5
-3.1	53.7	111	29	86	-8.6	61	2554	16.1	25.5
-3.1	54.5	111	29	86	-8.6	61	2555	16.1	25.5
-1.9	53.6	111	29	86	-8.6	61	2561	16.1	25.7
2.3	48.6	112	29	86	-8.6	58.9	2563	16.1	26
2.7	48.5	112	29	86	-8.6	53	2577	15.4	26.6
7	43.1	112	29	86	-8.2	52.3	2578	14.1	28
5.1	42.8	112	29	87	-7	49	2590	13.7	28.6
-0.8	40.8	113	29	87	-6.7	48.6	2592	13.3	29.5
-0.8	40.5	113	29	87	-6.2	48	2596	13.3	29.5
-0.2	40	113	29	87	-4.7	48	2596	13.3	29.5
3.1	40.4	113	29	87	-4.5	48	2593	13.3	29.5
3.3	40.5	113	29	87	-3.9	48	2557	13.1	29.5
3.9	41.2	109	29	87	-3.9	48	2550	12.9	29.5
3.4	40.8	109	29	87	-3.9	48	2512	12.6	29.8
2.3	39.6	107	29	87	-3.1	47.5	2488	12.5	30
-0.8	39	106	29	87	-3.1	46.8	2455	12.5	30
-1	38.4	105	29	87	-3.1	45	2399	12.2	30.6
-2.3	36.9	104	29	87	-2.9	45	2399	11.8	31.5
-2.1	36.5	103	29	87	-2.3	45	2399	11	32.2
-1.6	35.3	102	29	87	-2.3	38.2	2381	10.4	33.1
-3	27.8	101	29	87	-2.7	28	2333	3.5	38.5
-4.7	15.7	100	29	87	-6.3	24.2	2291	3.5	38.5
-4.7	15.9	99	29	87	-5.7	21	2241	3.5	38.5
-3.6	16.3	98	29	87	-3.1	21.1	2219	3.5	38.5
1.6	19.2	97	29	87	-3.4	23.7	2219	4.1	38.4
2.5	21.7	97	29	87	-3.9	30	2273	8.6	37
3.9	27.5	96	29	86	-3.1	31.5	2277	8.6	37
0.8	27.5	96	29	86	-3.1	33	2283	8.6	37
-2.4	27.2	96	30	86	-3.1	33	2275	8.5	37.1
-3.1	14.2	95	30	86	-3.1	28.3	2228	8.2	37.5
-2.3	14.1	95	30	86	-3.1	17	2057	3.6	35.5
0	14.1	93	30	86	-3.1	19.5	1989	1.2	33.6
1.2	22.8	93	30	86	-3.1	23	1850	9.4	36
3.1	43.9	91	30	86	-1.6	39.4	2051	10.6	34.4
3.1	44.4	91	30	86	-2.3	51.1	2258	13.7	28
2.8	44.7	91	30	86	-5.5	45.1	2147	12.4	28
0.8	32.6	91	30	86	-5.5	44.4	2148	10.2	28
0.7	33.2	91	30	86	-5.5	41	2170	11.3	28.6
0	44.7	92	30	86	-5.5	43.7	2169	12.9	30
-2.1	44.8	92	30	86	-5.5	52	2162	13.1	29.5
-6.3	45.1	92	30	86	-5.9	48.2	2163	12.8	29.2
-0.3	40.7	92	30	86	-6.3	42	2167	9.4	35
9.4	30.2	92	30	86	-5.9	38.1	2149	9.2	35.2
6.6	28.7	92	30	86	-5.5	32	2108	7.8	37
2.3	25.5	90	30	87	-4.1	27.8	2089	6.5	37.1
0.2	21	89	30	87	-3.1	23.4	2055	3.1	37.5
-1.4	15.6	88	30	87	-3.1	20.1	1948	2.1	37.3
0	15	86	30	87	-3.5	20.2	1943	0.8	37
0.4	15.6	85	30	87	-4.7	21.1	1898	1	36.8
2.3	22.7	84	30	87	-4.7	23	1906	1.2	36.5
3.3	27.8	84	30	87	-4.7	28	1946	7.5	36
5.5	42	84	30	87	-4.3	35.4	1946	7.5	34.1
0.7	54.2	84	30	87	-3.9	46	1945	7.5	18.5
-5.5	73.3	84	30	87	-4.7	63.9	1945	10	18
-3.9	76.8	85	30	87	-4.8	84	1945	21.6	13.5
-2.4	81.2	86	30	87	-5.5	86	1980	22	13.3
-3.1	78.8	87	30	87	-5.8	79.6	2017	21.9	13.1
-4.2	67.7	88	29	87	-6.3	61	2044	10.2	29
-6.3	31.8	86	29	87	-5.1	47	2020	9.5	30
-0.5	29	84	29	87	-3.9	26	1968	6.3	36.5
6.3	24.3	81	29	87	-3.9	27.9	1934	6.3	36.4
4.3	24.8	80	29	87	-3.8	31	1885	6.3	36
2.5	25.5	77	30	87	-3.1	55	1997	10.4	32.2
5.5	54.4	77	30	87	-3.9	60	2084	18.4	21.5
2.6	76.1	79	29	87	-6.3	90	1822	22.1	16.8
-5.5	76.1	78	29	87	-4.8	65.9	1822	22.4	13
-7.2	55.2	78	29	87	-3.2	28	1822	2	35.5
-9.2	22.4	77	29	87	-4.7	37.1	1895	4.9	34.6
3.9	34.7	77	29	87	-4.6	46.5	1970	11	31.5
1.9	47	76	29	87	-3.9	58	1886	11.9	28.7
-7	54.5	78	29	87	-4.1	59.4	1882	12.9	24.5
-5	55.1	78	29	87	-4.7	64	1862	14.1	24.2
-0.8	57.3	78	29	87	-5	61.6	1866	13.8	24.2
-1.1	57.3	79	29	87	-5.5	56	1885	11	28.5
-1.6	57.3	82	29	88	-5.5	55.2	1910	11.1	28.5
0.1	55.1	82	29	88	-5.5	54	1975	12.5	28
3.1	49	83	29	88	-5.5	54	1976	12.7	27.8
2.8	49.7	83	29	88	-5.5	54	1977	13.3	26.5
2.3	51	85	29	88	-5.5	49.9	1980	12.7	27.1
4.4	44.7	85	29	88	-5.4	45.8	1983	10.6	31.5
5.7	37.4	85	29	88	-4.7	43	1984	10.4	31.7
0.8	39.6	84	29	88	-4.4	43	1985	10.1	32
0.6	38.2	84	29	88	-3.9	43	1985	9	33.5
0	32.2	82	29	88	-3.5	42.2	1975	9.4	33.4
0	38.8	81	29	88	-3.1	41	1951	12.5	29
0	51.4	80	29	88	-2.3	49.5	1938	12.7	28.2
-2.7	52.7	80	29	88	-2.4	59	1918	13.3	24.5
-5.6	54.6	80	29	88	-3.1	59	1891	14	24.2
-7	67.1	80	29	88	-3.5	60.5	1863	15.3	23.5
-5.8	66	79	29	88	-4.7	67	1856	14.7	23.5
0	53.3	79	29	88	-4.7	64.3	1857	13.9	23.5
2.2	53.1	79	29	88	-4.7	57	1865	12.5	25.5
5.5	52.5	78	29	88	-4.7	57.9	1847	12.5	25.3
5.5	54.3	78	29	88	-4.6	59.3	1822	12.5	24.5
5.1	56.5	77	29	88	-3.9	64	1814	13.1	24
2.3	60.4	77	29	88	-3.9	64.8	1813	14.1	23
1	61.6	77	28	88	-3.9	68	1814	14.5	23
-4.7	68.6	78	28	88	-4.9	74.7	1823	15.4	23
-4.2	72.7	78	28	88	-6.3	90	1854	24.7	17
-3.1	88.2	80	28	88	-4.2	91.1	1873	24.7	11.5
-3.4	88.3	81	28	88	-1.6	93	1916	24.7	11.5
-3.9	88.6	83	28	88	-1.6	91.5	1942	24.7	12.5
-5.1	80	84	28	88	-2.4	88.1	1975	24.7	17
-6.1	68.2	87	28	88	-7	68	2042	21.7	19
-2.3	63.6	88	28	88	-7.1	67.5	2041	14.9	25
-2.1	58.4	90	28	88	-7.8	59	2082	14.6	25.4
0	53.8	91	28	88	-6.9	55.9	2119	14.1	26.5
0.6	47	91	28	88	-4.7	43	2126	11.6	30.5
2.3	30.6	92	28	88	-4.4	40.4	2137	9.7	35
1.8	33.9	92	28	88	-3.9	35	2167	12.5	31.5
0.8	43.5	93	28	88	-3.5	41.5	2176	12.6	31.3
-0.2	44.8	93	28	88	-3.1	51	2195	13.3	29
-1.6	47.5	94	28	88	-2.3	53.4	2201	13.5	29
-1.6	44.4	94	28	88	-2.4	56	2211	14.1	29
-1.6	40.9	95	28	88	-3.1	48	2240	13.8	29
-1.6	45.5	95	28	88	-3.1	48.5	2267	13.3	29
-1	45.6	95	28	88	-3.1	51	2267	13.3	29
1.6	46.3	95	28	88	-3.1	51	2260	13.3	29
0	45.3	95	28	88	-3.1	51	2216	12.5	29.3
-3.1	42.7	93	28	88	-3.1	50.1	2196	12.5	29.6
1.4	42.4	92	28	88	-3	49	2158	12.2	30.5
6.2	42	91	28	87	-2.3	49	2132	12.3	30
3.9	45.7	90	28	87	-2.3	51	2104	12.6	29
1.9	50.1	89	28	87	-2.3	56	2063	13.7	28
-3.1	58.4	88	28	87	-2.3	60.4	2065	14.1	26.9
-3.1	60.2	88	28	87	-2.3	66.2	2069	16.1	24.5
-3.7	62.3	88	28	87	-2.3	68	2064	16.3	24.3
-6.3	64.3	89	28	87	-3.3	68.5	2061	16.5	24
-3.7	64.5	89	28	87	-5.5	70	2068	16.5	23.5
3.1	65.5	90	28	87	-6.6	70	2076	16.5	23
1.6	65	90	28	87	-7.8	70	2095	16.5	23
-0.8	63.9	91	28	87	-7	68	2111	16.5	23.1
-0.8	63.7	92	28	87	-6.9	68	2133	16.5	23.5
-0.8	63.5	94	28	87	-6.3	68	2163	16.5	23.7
-0.8	60.9	95	28	87	-6.2	67.7	2202	16.5	24.5
-0.7	57.3	96	28	87	-5.5	45	2230	14.5	26.9
0.8	46.1	96	28	87	-5.3	44.7	2260	11	32.5
0.8	35.7	96	28	88	-4.7	42	2251	11	32.9
0.8	36.1	95	28	88	-4.4	42	2240	11	33.5
0.8	39.6	95	28	88	-3.9	42	2211	11.4	33.2
0.8	46.3	94	28	88	-3.1	49.2	2212	12.1	33
-0.1	50.7	94	28	88	-3.1	56.2	2214	14.1	33
-0.9	55.8	95	28	88	-3.1	64	2219	14.9	30.8
-1.6	59.2	95	28	88	-3.5	64.2	2218	16.1	25.5
-1.4	61.7	95	28	88	-4.7	65	2209	17.4	24
-0.8	80.8	95	28	88	-3.4	70.4	2212	18.9	22
0	78	95	28	87	-0.8	87	2231	22	18.5
1.6	69	96	28	87	-3.3	80.4	2235	21	16.3
-1.4	64.8	96	28	87	-6.3	70	2242	16.5	24
-5.5	57.3	96	28	87	-7	66.2	2242	16	24.4
-4.8	49.4	96	28	87	-7	61	2243	14.1	27
-3.9	34.1	95	28	87	-5.9	51.1	2253	13.5	27.3
-2.8	32.4	95	28	87	-4.7	35	2277	9.4	36
-0.8	27.8	95	28	87	-4.7	35	2261	9.3	36
-1.1	27.8	95	28	87	-4.7	35	2224	9	36
-1.6	27.8	95	28	87	-3.9	32.6	2214	8.6	36.3
-0.8	26.1	95	28	87	-3.8	30	2198	7.1	38
-0.3	23.8	94	28	87	-3.1	29.1	2201	6.8	38
-3.9	14.6	93	28	87	-3.1	30.2	2204	6.3	38
-2.6	16.7	92	28	87	-3.1	35	2207	7.8	36.9
2.3	32.2	91	28	87	-2.8	33.3	2189	9.2	35.5
1.5	30.3	91	28	87	-2.3	29	2125	6.7	36.6
-0.8	22	89	28	87	-2	28.2	2111	6.9	37.5
1.8	22.9	88	28	87	-1.5	27	2081	7.5	37.5
5.5	24.7	87	28	87	-0.8	30.1	2071	7.5	37.4
1	24.9	87	28	87	-0.8	30.1	2058	7.5	37
-1.8	25.1	86	28	87	-0.8	31	2036	7.5	36.6
-2.3	25.1	84	28	87	-0.5	36.9	2067	8.4	35.6
-4	37.7	84	28	87	-0.4	47	2161	14.5	27.5
-6.3	62	83	28	87	-7.8	59.4	2105	15.7	25.5
-4.8	70.3	84	28	87	-7.9	71.9	2041	18.4	19
-3.7	76	85	28	87	-8.6	84	2010	19.6	19
-3.1	68.6	87	28	87	-8.6	78.2	2023	20.8	19
-4.1	63	87	28	86	-8.6	65	2070	14.9	22.4
-6.3	45.1	88	28	87	-5.1	51.7	2078	13.8	26.5
-4.3	38.7	88	28	87	-1.6	33	2096	6.7	37
-0.8	23.1	86	28	87	-1.6	39.1	2137	7.8	36.5
-1.8	35.6	86	28	87	-1.6	46	2207	14.1	28.5
-3.1	62.7	87	28	87	-1.6	60.7	2223	14.1	27.5
-3.1	55.9	87	28	87	-1.7	76.5	2245	14.1	24.5
-3	48.6	88	28	87	-2.3	49	2201	13.7	26
-1.6	48.6	88	28	87	-2.3	50	2154	12.9	29.5
-1.5	48	88	28	87	-2.3	56	2069	12.3	28.7
-0.8	40	87	28	87	-2.3	52.8	2065	11.4	27.5
0	37.7	86	28	87	-2.3	39	2021	9	31.2
2.3	23.1	84	28	87	-2.3	40	2046	7.1	36
1.2	26.7	84	28	87	-2.3	42	2118	11.8	33.7
-0.8	36.1	83	28	87	-2.7	34	2036	10.4	31.7
-4.4	29.5	82	28	87	-3.1	23	1871	1.6	36.5
-9.4	17.3	81	28	87	-3.9	22.5	1853	2.3	36.4
-5.6	17.3	81	28	87	-3.7	21.9	1831	4.3	36
-5	17.4	80	28	87	-3.1	21	1783	2.4	33.7
-11.7	18	79	28	87	-2.6	23.8	1779	1	30.5
-7.7	20.7	79	28	87	-1.6	30	1851	6.7	35.5
0	28.2	77	28	87	-2.8	30.9	1845	6.4	35.6
-4	25.4	76	28	87	-3.8	32	1834	5.5	36
-8.6	21.2	75	28	87	-1.6	28.3	1769	4.4	35.8
-6.8	24.3	74	28	87	-1.8	27.2	1696	2	35
-5.2	30.2	73	28	87	-2.3	43	1917	7.5	32
-3.9	49.4	73	28	87	-2.3	47	1872	11.9	28
-3.6	48.5	73	28	87	-2.6	52	1785	10.2	28
-3.1	46.7	73	28	87	-6.3	54	1768	10.5	27.5
-1.6	48	73	28	87	-6.3	54	1746	11.4	25.5
-0.1	49.8	74	28	87	-6.3	55.1	1755	11.3	25.6
-1.6	49.8	74	28	87	-6.3	56.4	1765	11	26
-1.2	50.8	75	28	87	-6.3	60	1808	12.4	24.8
0.8	58.8	76	28	87	-6.3	61.6	1807	14.1	23
-0.1	59.5	76	28	87	-6.3	66	1807	14.5	23
-1.6	61.2	78	28	87	-6.3	66.4	1815	14.6	23
-2.3	61.9	78	28	87	-6.3	67	1829	14.9	23
-3.1	63.1	79	28	87	-6.3	67	1837	14.9	23.1
-1.9	63.4	79	28	87	-6.3	67	1850	14.9	23.5
-0.4	63.9	80	28	87	-6.3	68	1865	14.9	23.5
4.7	61.1	80	28	87	-5.8	66.3	1881	14.9	23.5
3.7	56.9	81	28	87	-3.9	53	1904	12.9	25.5
-1.6	37.3	80	28	87	-3.6	49.9	1899	10.2	29.5
-0.1	38.2	80	28	88	-3.1	40	1880	11	30
4.7	43.1	80	28	88	-3.1	44.7	1881	9.8	30.6
1.8	34.6	80	28	88	-3.1	52	1883	2.4	32.5
-3.1	16.1	79	28	88	-3.9	35.7	1788	1.7	31.9
-5.1	16.1	78	28	88	-4.2	21	1673	0	30
-5.4	16.3	76	28	88	-5.5	21	1597	0	29.6
-2.3	17.3	73	28	88	-4.4	22.1	1605	0.1	29
-2.5	17.6	73	28	88	-2.3	25	1644	3.9	31.5
-3.1	18.8	70	28	88	-4.1	24.3	1551	3.4	32.9
0.2	18.7	69	28	88	-6.3	23	1288	0	3.5
7	18.4	66	28	88	1.6	26.4	1379	0.7	4
6.7	25.9	66	28	88	1.6	32	1635	9	30.5
6.3	43.1	65	28	88	-2.3	36.4	1646	7	30.5
-1.3	43.1	65	28	88	-2.4	42	1664	0	30.5
-10.2	43.1	65	28	88	-5.5	33.7	1477	1.8	30.4
-2.2	43.1	64	28	88	-5.2	25.4	1205	6.3	30
7	43.1	62	28	88	-2.3	82	1405	9.5	27
-0.6	43.1	63	28	88	-2.3	82	1700	18.8	13
-8.5	43.1	65	28	88	-2.8	84.7	1632	18.7	12.6
0.8	60.3	66	28	88	-3.3	86.3	1554	18.4	11.5
-0.1	77.7	68	28	88	-3.9	82	1599	18.2	12
-5.5	78.4	69	28	88	-4.1	82.5	1609	18	13
-5.1	78.3	70	28	88	-4.7	84	1661	18	13
-3.9	77.6	73	28	88	-5	83	1670	17.9	13
-4.3	77	73	28	88	-5.5	80	1709	16.9	14
-5.5	74.5	74	27	88	-5.8	80	1712	16.9	14
-3.7	74.4	74	27	88	-6.3	80	1737	17.3	14.4
1.6	73.7	75	27	88	-6.3	77	1737	17.1	15
1.6	67.7	75	27	88	-6.3	69	1740	13.3	19.4
1.6	49.8	75	27	88	-5.9	69	1752	11.8	24.2
-2.2	39.3	75	27	88	-5.2	69	1776	6.7	32.5
-6.3	24.3	74	27	88	-3.1	45.9	1776	5.7	32.9
-6.3	24.3	73	27	88	-3.4	26.2	1776	2.7	35
-6.3	24.3	71	28	88	-4.7	28.1	1714	3.9	34.8
-0.6	28.6	70	28	88	-4.6	29.4	1659	6.3	34
3.9	33.7	69	28	88	-3.9	41	1782	7.3	33.2
3.9	33.7	69	28	88	-3.9	39.8	1770	8.6	31.5
2.9	32	69	28	88	-3.9	35	1685	5.9	32.6
0	24.3	69	28	88	-3.9	30.8	1646	4.7	32.7
0	21.4	69	28	88	-4	24	1563	0	28
0.1	17.3	68	28	88	-5.5	23.5	1563	0	23.3
12.5	17.8	67	28	88	-5.4	23	1563	0	4
12.5	18.4	66	28	88	-4.7	23.1	1437	0	3.8
8.6	18.6	66	28	88	-4.7	23.5	1303	0	3
8.8	23.8	65	28	88	-4.7	26	1455	1.5	13.9
10.2	70.2	63	28	88	-4.4	42.4	1641	3.5	32.5
7	70.2	63	28	88	-3.9	85	2551	16.3	24.5
-3.9	70.2	67	28	88	-4.6	83.6	2535	25.4	16
-2.9	72.4	67	28	88	-5.5	81	2489	22.4	16
-0.8	80.4	70	28	88	-5.9	82.8	2489	22.9	16
-0.8	79.6	71	28	88	-6.3	86	2489	25.9	16.5
-0.8	77.6	74	28	88	-6.3	80.9	2465	25.2	16.5
-2.2	77.6	74	28	87	-6.3	71	2388	18	23
-4.7	77.6	75	27	87	-6.7	75.2	2321	18.6	22.1
-0.3	79.3	75	27	87	-7	81.1	2178	21.2	15.5
3.1	78.6	76	27	87	-7	84	1960	17.5	17.6
3.1	53.3	77	27	87	-7	82.9	1789	11.8	22
3.1	56	77	27	87	-7	77	2010	14.6	20
3.1	75.3	77	27	87	-7	78.1	2003	18	16.5
2.8	76.2	77	27	87	-7	83	1889	20.8	15.1
0	93.6	79	27	87	-5.6	85.2	1888	26.3	11.5
0	93.7	79	27	87	-0.8	96	1887	26.8	11.5
-0.7	93.4	79	27	87	-0.8	96	1886	32.5	11.5
-2.3	92.5	82	27	88	-0.8	94.4	1892	31.8	11.5
-1.6	88	82	27	88	-0.8	91	1911	20.8	12.6
0	74.9	83	27	88	-6.3	84	1922	20.9	13.5
1.3	77.5	83	27	88	-6.3	76.1	1940	21.2	14
3.1	82	83	27	88	-6.3	79	1953	20.3	14.6
-1.8	78.9	83	27	88	-5.9	78.3	1969	18.4	17
-6.8	74.5	84	27	88	-2.3	49	2035	13.8	22.2
-1.6	50.3	84	27	88	-2.7	45.4	2091	5.9	36
-2.2	26.4	83	27	88	-3.9	23	1850	3.3	34.5
-4.7	15.3	82	27	88	-4.2	22.3	1827	0	32
-5.9	15.7	81	27	88	-4.7	20	1691	0.2	31
-8.6	17.3	78	27	88	-4.4	21.7	1719	1	30.3
-4.6	18.4	78	27	88	-3.9	25	1802	4.7	36
2.3	20.8	78	27	88	-4.3	24.5	1787	4.4	36
0.3	20.1	78	27	88	-4.8	24	1763	3.1	36
-1.5	19.2	78	28	88	-5.5	24	1764	3.1	36
0	19.2	78	28	88	-5.5	24	1766	3.1	36
-0.7	19.1	79	28	88	-5.5	24	1799	2.9	36
-5.5	17.6	79	28	88	-5.5	23.4	1793	2.7	36
-4.5	17.3	80	28	88	-5.5	21	1760	1.3	33.8
0	15.3	81	28	88	-5.8	20.7	1752	0	31
-0.3	15.3	81	28	88	-6.3	20	1728	0	30.5
-0.8	15.3	81	28	88	-6.3	20	1737	0	30.6
-1.5	15.3	81	28	88	-6.3	20	1754	0	31
-2.3	15.3	81	28	87	-6.3	20	1727	0.2	31.2
-1.7	17.6	80	28	87	-6.3	20	1669	1.2	32.5
-0.8	22	78	28	87	-5.9	21.4	1687	1.1	32.5
-1.7	20.2	77	28	87	-5.5	24	1747	0	31.9
-3.1	16.1	75	28	87	-7	22.4	1682	0	30.9
-2.7	15.9	74	28	87	-7	21	1593	0	28.5
-1.8	15.7	73	28	87	-7	21.1	1557	0	25.6
7.8	19.7	72	28	87	-6.7	21.7	1559	0	18
7.7	19.7	70	28	87	-5.5	26.1	1589	2.9	22.2
6.3	34.5	69	28	87	-5.5	27.6	1593	7.8	32.5
5	34.5	68	28	87	-5.5	41	1728	5.8	32.2
-10.2	19.3	68	28	87	-5.8	38.4	1704	2.4	31.5
-8.7	19.6	67	28	87	-7	23	1281	1.3	20.9
0.8	25.9	66	28	87	-6.5	27.2	1359	0.5	3
0.1	35.8	65	28	87	-5.5	39	1676	12.2	14.2
-1.6	68.6	67	28	87	-6.6	53.9	1692	12.9	25.4
-3.5	70.5	68	28	87	-7.8	78	1728	16.9	14
-6.2	74.5	71	28	87	-7.8	81.7	1732	17.7	13.7
1.6	78.5	73	28	87	-7.8	85.3	1742	20	12.5
1.8	82.7	75	28	87	-7.8	87	1806	20.5	12.5
3.1	82.7	80	28	87	-7.8	84.9	1818	21	12.5
1.5	78.5	80	28	87	-7.8	77	1887	16.1	16.5
-3.1	51.8	84	27	87	-5.9	68	1923	16.1	21
-1.2	60.7	85	27	87	-3.1	50	2017	16.5	23
2.3	83.5	87	27	87	-4.4	69.3	2100	19.5	23.1
0.8	85.4	88	27	87	-5.8	90.6	2231	30.2	13.5
-1	88	91	27	87	-8.6	59	2188	24.7	17
-3.1	32.6	91	27	87	-8.2	59	2127	11.4	29.5
-3.1	32.5	92	27	88	-3.9	45.1	2138	10.5	30.4
-0.2	29.7	91	27	88	-3.8	30	2155	6.7	38
3.1	25.1	90	27	88	-3.1	30	2126	6.3	37.9
2.3	20.9	89	27	88	-4.1	27.3	2075	5.5	37.5
1.2	17.5	88	27	88	-6.3	18	1910	2.8	35.5
-2.3	15.3	85	27	88	-6	19.7	1919	0.1	32.5
-0.8	16.5	85	27	88	-5.5	24	1956	2	34.5
3.9	23.5	84	27	88	-4.5	29.1	1993	2	37
2.8	26.1	84	28	87	-2.3	45	2182	7.3	33.8
-1.6	53.7	85	28	87	-4.7	49.7	2177	13.3	29.5
-1.1	58.6	85	28	87	-9.4	64	2146	12.8	27.7
0	75.3	87	28	87	-7.4	70.1	2131	13.5	25.3
-0.8	65.9	88	28	87	-5.3	77.2	2105	18.4	19.5
-1.7	52.5	89	28	87	-3.9	57	2094	18.4	21
-3.9	55.1	89	28	87	-4.5	57.1	2081	18.4	25
-4.2	58	89	27	87	-10.9	70	2138	50.1	23.9
-7	50.2	90	27	87	-9.7	67.5	2192	18.8	21
-6.8	41.6	91	27	87	-3.9	47	2159	16.9	21
0	44.5	91	27	87	-4.7	48.2	2159	13.3	21
0.5	47.8	90	27	87	-10.2	76	2222	15.8	20.4
7	72.5	90	27	87	-10	76.5	2283	20	19
4.3	69.6	90	27	87	-9.4	79	2129	18.2	19.7
-3.1	58	90	27	87	-9	71.2	2118	16.3	20.6
-0.4	62.4	90	27	87	-8.6	60.4	2096	14.5	25.5
3.1	70.2	90	27	87	-7.8	80	2172	15.7	23.7
0	66.7	91	27	87	-7.6	80	2263	18	19.5
-0.2	61	92	27	87	-3.9	65.7	2190	15.9	22.6
-1.6	34.1	91	27	87	-3.7	50.4	2126	12.9	28.5
-0.5	34.6	91	27	87	-3.1	29	2135	7.1	32.9
2.3	36.1	90	27	87	-4.7	42	2170	7.1	37.8
-0.1	41.6	91	27	87	-7	68	2281	7.1	23
-4.7	57.6	93	27	88	-7.4	63.3	2262	7.6	23.1
-3	51.3	94	27	88	-7.2	56.2	2220	13.7	28
-0.8	38.4	95	27	88	-2.3	40	2282	15.9	26.1
0	32.7	96	27	88	-2.9	37.9	2346	21.2	20
0.1	26.3	97	27	87	-6.3	18.1	2121	12.9	24.4
1.6	12.5	95	27	87	-6.5	18	2092	0	34
1.8	16.2	94	27	87	-7	18	1892	2	15.6
2.2	28.6	92	27	87	-6.6	39.7	2128	5.3	4.5
-4.7	44.4	92	27	87	-6.7	60.7	2435	16.5	25.5
-4.7	58.2	93	27	87	-7.8	59	2191	15.4	26.1
-4.7	51.8	95	27	87	-6.1	56.1	2191	14	27
-2.4	48.8	95	27	87	-3.1	49	2191	10.6	30
4.7	34.9	94	27	87	-3.1	46	2189	10.5	33.5
4.5	33	94	27	87	-3.1	38	2181	8.6	35.4
3.9	26.7	93	27	87	-3.1	33.6	2172	7.9	37.1
-0.1	22.5	92	27	87	-3.1	26	2148	3.9	38
-5.5	14.1	90	27	87	-4.8	22.3	2148	3	33.5
1.6	18.9	89	27	87	-6	18	2148	0	13
1.6	27.5	87	28	87	-2.3	40.1	2131	0	15.8
2.1	29.7	86	28	87	-2.3	40	2099	0	34
3.1	36.1	83	28	87	-2.3	42.2	2056	1.4	34
1.8	37.6	83	28	87	-2.3	46	1952	11	34
-0.8	42	82	28	87	-3	51.8	1950	11.3	34
-3.2	45.6	82	28	87	-3.9	62	1945	12.9	29.1
-7	52.9	82	28	87	-4.8	60.6	1943	13	25.5
-5.1	45.6	82	28	87	-5.6	57.5	1940	13.3	25.5
-3.1	35.3	82	28	87	-6.3	21.1	1869	9.7	26.6
-4.7	26.8	81	28	87	-6.3	21	1782	0	31
-6.3	15.7	79	28	87	-6.3	21.1	1716	0	30.7
-2.4	16.1	78	28	87	-6.3	21	1641	0	29.5
0.7	16.6	77	28	87	-6.3	21.1	1623	0	29.4
0	27.5	77	28	87	-6.3	23.4	1604	0	29
-0.4	27.3	77	28	87	-6.3	45	1716	0	29.8
-4.7	17.6	76	28	87	-7	40.2	1791	0	31.5
-1.7	24.2	75	28	87	-8.6	21	1587	0.7	31.5
7	56.5	75	28	87	-6.3	24.1	1637	1	31.4
0.1	45.2	75	28	87	-3.1	30	1761	0	30.5
-11.7	16.9	74	28	87	-8.6	26.6	1683	0.7	30.9
-3.2	21.7	74	28	87	-8.6	22	1541	4.3	35
8.6	30.6	73	28	87	-7.1	41.2	1783	6.4	33.2
1	43.6	74	28	87	-6.5	57.6	2031	12.9	23.5
-6.6	59.2	76	28	87	-7	66	1800	13	23.5
-13.3	47.9	77	28	87	-7.2	63.5	1805	13.3	23.5
-12.3	34.5	78	28	87	-7.8	45	1986	13.9	23.8
4.7	60.5	78	28	87	-7.5	47.5	1985	14.9	24.5
4.7	92.2	79	28	87	-5.5	97	2554	27.7	23
4.7	95.7	82	28	87	-5.1	96.9	3165	58.4	17.5
4.6	100	86	27	87	-3.1	96	3476	57.5	18.1
-7.8	100	90	27	87	-4	89.2	3435	56.1	19.5
-10.1	91.5	94	27	87	-7	56	3096	35.6	21.6
-17.2	29	97	27	87	-7.7	43.6	2854	15	24.2
-11.8	24.5	96	27	87	-8.6	19	2096	0	34
-3.8	15.7	94	27	87	-5.6	19.5	2010	0	26.2
0	15.9	92	27	87	-4.9	21	1903	0	0
0.5	16.1	90	27	87	-8.6	27	2038	0	11
5.5	14.6	89	27	87	-8.6	25.4	2021	0	34.5
4.8	14.5	87	27	87	-8.6	19	1851	0	19.9
1.6	25.9	83	27	87	-6.5	20.6	1851	0.2	0.2
0.9	24.4	83	27	87	-3.1	24	1851	2.4	37
-0.8	18.4	80	28	87	-3.4	24	1842	3.6	37
0.5	28.3	80	28	88	-3.9	24	1807	14.5	27.5
3.1	62.7	80	28	88	-5.1	40.7	1845	13.7	27.3
-7.3	51.9	80	28	88	-6.4	64	1915	10.2	26
-18.1	34.5	81	28	88	-8.6	59.8	2041	12	25.5
-5.5	47	81	28	88	-8.6	57.6	2210	17.3	23.5
-5.5	59.2	80	28	87	-8.6	74	2480	18.5	22.5
-5.5	60	80	28	87	-8.6	66.4	2401	20.4	20.5
-3.8	59.3	80	27	87	-8.6	38	1930	16.4	24.3
5.5	51.8	79	27	87	-8.6	41.6	1954	11.4	30.5
5.1	53.8	78	27	87	-8.6	57	2175	14.9	30.5
2.3	78	80	27	87	-8.6	62.4	2152	20.8	30.5
2.3	78	80	27	87	-8.6	86	1951	21.3	27.7
3.9	83.1	81	27	87	-8.6	86	1950	22.7	12.5
3.9	91.4	84	27	87	-4	89.6	1966	23.6	12.5
1.5	90.1	85	27	87	0	94	1997	27.8	13
-1.6	87.8	88	27	87	0	88.8	2031	26.1	13.4
-0.8	78.8	89	27	87	-0.8	77.9	2074	21.6	15
-0.5	66.2	90	27	87	-3.9	35	2160	13.9	23.2
1.6	18.8	88	27	87	-3.9	34.3	2147	3.9	37.5
1.4	18.5	88	27	87	-3.9	32	2087	7.2	36.4
0.8	16.1	86	27	87	-5.6	28	2033	9.7	35
0.3	15.7	86	27	88	-8.6	19	1863	0	33.2
-0.8	14.5	83	27	88	-8.6	19	1823	0.1	31.4
-1.5	16.9	82	27	88	-8.4	19	1754	0.4	31
-2.3	20.4	80	28	88	-5.5	25	1792	2.1	32.2
-0.1	25.1	79	28	88	-5.8	27.6	1841	5.9	36
1	29.5	78	28	88	-7	45	1979	8	33.6
-3.1	25.1	78	28	88	-6	40.7	1953	11	29
-1.5	26	78	28	88	-3.9	26	1779	9.7	30.7
6.3	35.3	77	28	88	-4.8	31.4	1779	7.8	34
3.9	34.6	76	28	88	-6.3	43	1779	6.9	33.8
-8.6	26.7	75	28	87	-5.2	38	1776	5.6	33.7
-7.5	25.4	74	28	87	-4	31	1770	4.3	35.5
-6.4	23.1	73	28	87	-5.5	29	1748	4.3	35.4
-7	22.4	72	28	87	-6.6	27.6	1708	4.3	35
-7	21.4	71	28	87	-8.6	23	1589	4.3	25.3
-7	18.8	68	28	87	-8.6	23	1589	3.4	15.1
-0.6	18.9	67	28	87	-8.6	23	1589	0	3
7.8	19.2	64	28	87	-8.6	23.9	1465	1.7	7.3
8.2	19.2	64	28	87	-8.4	25	1240	7.8	27.5
8.6	19.2	64	28	87	-3.9	39.6	1364	7.8	27.6
-0.2	21.4	64	28	87	-4.1	54	1526	7.8	28
-7.2	24.3	65	28	87	-5.5	54	1497	5.4	29.7
-2.3	23.1	65	28	87	-5.5	50	1498	1.6	33.5
-0.8	23.1	65	28	87	-5.5	28	1521	2.5	33.8
3.1	23.1	65	28	87	-5.5	27.5	1518	3.1	34
3.9	25.1	65	28	87	-5.5	28.1	1514	3.1	34
4.4	27.6	65	28	87	-5.5	34	1600	4.6	33.6
1.6	29.8	65	28	87	-5.5	32.7	1592	6.2	33
1.6	29.2	65	28	87	-5.5	30	1568	4.3	34
1.6	27.5	65	28	87	-4.7	39.1	1669	5.9	33
-2	32.4	66	28	87	-4.1	52	1859	11.4	28.5
-6.3	40.8	68	28	87	-7.8	64.2	1850	13.1	25.8
-8.8	59.5	69	28	87	-6.7	73.4	1838	17.3	16
-10.2	73.7	71	28	87	-3.1	61	1687	11.3	21.3
-10.2	73.7	72	28	87	-4.1	48.2	1674	4.6	29
-7.2	60.8	72	28	87	-5.5	25	1639	0	29
-0.8	16.9	71	28	87	-7.1	24.2	1526	0	28
-0.8	19.1	70	28	87	-8.5	23	1324	0	18.5
-0.8	23.5	68	28	87	-5.5	26.4	1425	0.9	21.1
0.9	25	67	28	87	-5.3	30	1593	3.9	34
3.1	27.5	65	28	87	-3.1	38.7	1663	6	32.7
0.1	41.1	65	28	87	-3.1	48	1789	13.7	23
-3.9	64.7	66	28	88	-3.9	58.7	1704	13.6	22.7
-5.9	62.5	66	28	88	-3.9	71	1558	13.3	20.5
-8.6	58.4	67	28	88	-4.7	67.1	1567	12.9	20.7
-4.3	56.3	67	28	88	-4.7	63.1	1581	11.8	22
0.8	52.5	67	28	88	-4.7	67	1585	11.6	22.6
2.3	53.4	67	28	88	-4.7	67	1589	11	25
1.9	54.2	68	28	88	-4.7	67	1613	11.3	24.4
-3.9	23.5	68	28	88	-5.4	62.1	1640	12.2	22
-3.4	23.5	68	28	88	-8.6	23	1326	7.7	16
0.8	21.1	66	28	88	-7.9	23.7	1341	0	3
0.7	19.4	64	28	88	-5.5	28	1521	2.5	13.3
0	21.6	63	28	88	-5.3	27.4	1510	5.9	32.5
1.8	22.6	63	28	88	-4.7	25	1438	4.3	32.5
8.6	28.6	61	28	88	-4.4	27.8	1458	2.4	32.5
7.4	33.7	61	28	88	-3.9	36	1565	6.8	29.2
3.1	66.3	63	28	88	-4.2	44.8	1608	10.6	25
-1	59.6	63	28	88	-4.7	66	1772	1.6	27.5
-12.5	28.6	65	28	88	-6.1	52.9	1706	1.4	29.9
-7.4	25.1	65	28	88	-7.8	29	1538	0	28
-0.2	19.2	65	28	88	-7.8	26.3	1402	0	22.4
9.4	19.2	65	28	88	-7.8	24	1260	0	3
8.9	19.2	65	28	88	-7.8	24	1261	0	3
3.9	19.6	62	28	88	-7.6	24.2	1257	0	3
3.9	19.6	62	28	88	-7	25	1142	0	2.8
4.7	20.5	61	28	88	-7	25	1141	0	2
5.4	21.2	59	28	88	-7	25	1137	0	1.8
7.8	21.2	57	28	88	-3.3	26.2	1185	0.3	1.5
7	21.4	57	28	88	2.3	29	1367	7.1	15.2
4.7	22.4	55	28	88	-1.3	27.9	1304	6.3	29.6
3.2	24.4	54	28	88	-6.2	26	1136	0	2.5
0.8	29.4	52	28	88	2.3	34.6	1258	2.1	2.5
-0.3	29.7	51	28	88	1.6	43.7	1440	7.8	2.5
-1.6	30.2	50	28	88	-4.7	57	1595	7.8	6.8
-6.6	34.1	50	28	88	-4.9	57.2	1776	7.8	26.5
-11.6	39.6	50	28	88	-6.3	62	1801	5	25.9
-9.4	49.6	50	28	88	-6.9	64.3	1853	14.1	24.5
-9.2	56.5	51	28	88	-8.6	75	2222	16.3	23.1
-8.6	56.5	54	28	88	-7.8	63.6	2076	18.4	21
-7.6	50.8	54	28	88	-6.3	30	1287	0	18
-4.7	24.7	52	28	88	-6.3	30	1212	0	14.5
-2.5	24.7	51	28	88	-6.3	30	964	0	7.5
3.1	24.7	47	28	88	-6.3	30.4	954	0	0.5
3.1	24.7	47	28	88	-5.8	31	936	0	1
2.8	24.7	46	28	88	2.3	32	930	0	1.7
-3.1	25.9	43	28	88	2.3	32.1	923	0	4
-2.8	27.1	39	28	88	2.3	33	853	0	4.7
0	27.8	38	28	88	2.3	33	851	0	6
-0.3	27.9	37	28	88	2.3	33	835	0	6.2
-1.6	29	34	28	88	2.3	33.4	833	0	6.5
-1.4	29	34	28	88	2.3	35	790	0	6.7
0.8	29	34	28	88	2.3	35	791	0	7
-0.6	29	34	28	88	2.3	35	808	0	7.5
-3.9	29	34	28	88	1.9	35	797	0	8
-1.5	29.3	34	28	88	1.6	35	780	0	7.5
1.6	29.8	34	28	88	1.6	35	783	0	7.5
-1.3	29.4	34	28	88	1.6	34.8	787	0	7.5
-3.9	29	34	28	88	1.6	33	827	0	7.5
-3.9	27.8	34	28	88	1.6	33.1	826	0	7.5
-2.3	27.8	35	28	89	1.6	34	829	0	6.6
3.9	27.8	37	28	89	1.6	33.7	828	0	5.5
3.9	27.8	37	28	89	1.6	33	828	0	5
3.9	27.8	37	28	89	1.6	33	832	0	5.1
3.6	27.8	37	28	89	1.6	33	843	0	5.5
3.1	27.8	36	28	89	1.6	33.9	822	0	5.5
2	28.6	35	28	89	1.6	35	787	0	5.5
0.7	29.8	32	28	89	1.6	36	780	0	5.5
-4.7	29.4	32	28	89	1.6	35.8	776	0	5.5
-3.4	30.5	32	29	90	1.6	35	795	1.1	9.3
4.7	57.3	31	29	90	-1.2	43.1	988	2.4	17
2.9	59.6	29	29	90	-8.6	72	2204	11.4	17
-4.7	80.4	39	29	90	-7.9	77.1	2288	21.3	17
-2.2	81.9	40	28	90	-6.3	94	2666	38	16.3
5.5	89.8	52	28	90	-6	93.7	2689	38.1	15.5
4.9	90.8	53	28	90	-5.5	93	2779	40	15.7
3.1	96.1	63	28	90	-5.2	93.6	2814	40	16
1.5	95.9	64	28	89	-4.7	95	2974	40	16.5
-3.1	94.9	73	28	89	-6.2	84.7	2883	36.3	17.1
-5.5	78.7	73	28	88	-9.4	56	2554	0	30
-10.9	22	76	28	88	-8.3	56	2371	0	29.9
-7.9	20.5	75	28	88	-6.3	56	1632	0	29
-2.3	16.5	73	28	88	-6.3	43.7	1613	0	28.9
-0.3	16.3	72	28	88	-6.3	21	1565	0	28
3.1	15.7	71	28	87	-6.3	21.4	1486	1.1	28.4
3.1	21.2	71	28	87	-6.3	22	1328	6.3	33
3.1	35.3	69	28	87	-5.2	22	1423	6.2	33.1
0.1	32.4	69	28	87	-3.9	22	1633	5.5	34
-5.5	24.7	68	28	87	-5.2	23.2	1597	4.9	33.1
-2.5	25.1	67	28	87	-5.9	25.3	1518	0.4	19.5
1.6	25.9	66	28	87	-3.1	33	1558	0.3	21.5
0.4	22.6	65	28	87	-3.7	32.2	1600	0	28.5
-0.4	18.4	64	28	87	-6.3	24	1601	0	20.9
7.8	18.6	63	28	87	-6.1	24.2	1583	0	3
7.8	19	62	28	87	-5.5	25	1194	0	2.8
7.8	20.4	60	28	87	-5.8	31.6	1302	0.5	2.5
5.2	32	60	28	87	-6.3	49	1726	10.6	16.9
0.8	58	60	28	87	-7.6	55.3	1879	11.4	27.7
-6.2	54.2	61	28	87	-8.6	61.4	2112	14.1	26
-10.1	49.1	62	28	88	-8.6	54	1913	13.1	26.7
4.7	50.2	62	28	88	-8.6	51.4	1874	11.8	28
3.8	47	63	28	88	-8.6	43	1677	3.5	30.1
0	21.6	63	28	88	-6.7	38.3	1644	3.5	33.5
1	23.3	63	28	88	-3.1	26	1448	3.7	33.1
6.3	42.4	62	28	88	-3.9	33.3	1533	4.4	32.5
4.5	41.5	62	28	88	-5.5	52	1828	12.2	29.7
0	37.3	63	28	88	-4.5	46	1744	11.7	27.2
-0.7	35.5	63	28	88	-3.1	34	1537	9	29.5
-1.5	32.2	62	28	87	-4.5	29.8	1480	6.6	28.4
4.7	26.3	61	28	87	-4.2	25.2	1394	0.4	25
4.3	19.9	60	29	87	2.3	29	1441	3.3	27.1
1.6	34.1	59	29	87	-0.8	36.3	1540	7.1	30.9
1.8	41.3	59	29	87	-5.5	52	1760	7.1	24.5
2.3	61.6	60	29	88	-7.8	60.3	1937	9.1	24.3
1.4	62.6	61	29	88	-10.2	73	2320	18.4	22
0	65.1	63	28	88	-8.6	73	2272	17.8	22.5
0	64.9	64	28	88	-8.6	73	2179	15.7	25.5
-0.2	64.7	65	28	87	-10.9	72.5	2249	15.3	25.5
-3.1	52.8	66	28	87	-10.9	69.5	2320	14.5	25.5
-3.2	40.8	68	28	87	-10.9	48	1851	11	27.4
-5.5	21.6	68	28	87	-10.2	46.8	1850	4.7	33
-5.1	21.6	69	28	87	-5.5	22	1655	3.2	25.1
3.9	19.8	68	28	87	-5.5	22.1	1443	0	4
3	19.7	67	28	87	-5.5	23	1331	2.8	13.5
-0.8	27.8	66	28	87	-5.2	23.5	1297	6.7	32
0.5	26.2	66	28	87	-4.7	25	1479	0	27.1
4.7	18.8	63	29	87	-4.7	25	1420	0.9	21.5
5.4	22.5	63	29	87	-4.7	25	1217	10.6	22.5
7	38.8	62	29	87	-4	28.6	1290	10.6	22.5
4.2	34.6	62	29	88	-3.1	35	1519	10.6	25
-1.6	19.6	60	29	88	-3.1	31.6	1335	8.8	24.2
0.3	21.1	58	29	88	-3.1	27	989	0	0.5
3.1	23.9	52	29	88	0.2	29.6	988	3.8	1.2
3.5	46	52	29	88	2.4	33.9	988	24.7	12.5
3.9	79.2	53	29	88	-5.5	80	1557	17.7	15.8
-4.5	58.6	53	29	88	-5.3	80	2345	0	29
-14.1	28.6	54	28	88	-3.9	53.2	1848	0.6	29
-9.3	33.7	53	28	88	-4	30	1221	2	29
-3.9	39.2	51	29	88	-4.7	46	1373	3.6	28.9
6.3	33.7	48	29	88	-4.5	43.3	1462	6.3	28.5
5.4	33	47	29	88	-3.9	30	1077	6.3	18.7
0	26.7	38	29	88	-2	30.8	1034	6.3	0.5
-0.2	26.9	38	29	88	1.6	33	835	2.8	3.6
-0.8	28.6	34	29	88	1.6	33.7	816	0	7.1
0.5	28.9	33	29	88	1.6	35	773	0	8
2.3	29.4	31	29	88	0	58.8	1242	5.2	9.4
2.3	53.3	34	29	88	-1	81.5	1927	20.8	15.5
1.4	76.6	39	29	88	-7	86	2528	20.8	15.7
-5.5	78.8	44	29	88	-7	86.3	2513	20.8	16
-5.7	79	50	28	88	-7	88	2267	22.5	15.4
-7	82	55	28	88	-5.8	86.7	2252	25.1	14
-6.8	77	60	28	88	-1.6	80	2114	13.7	19.1
-5.5	21.6	62	28	88	-2.4	68.9	1977	0	28
-4.4	21.7	62	28	88	-4.7	26	1228	0	18.3
3.1	23.9	62	28	88	-4.5	29.3	1248	0	2.5
3.1	24.7	62	28	88	-3.9	51	1717	6	9.6
3.1	32.5	62	28	88	-6.1	57.4	1837	14.1	23
0.2	35.2	62	28	88	-11.7	79	2430	20.8	21.2
-9.4	51.4	66	28	88	-10.1	69.6	2302	20.2	19
-5.8	46	66	28	88	-7.8	50	1871	12.5	26
0	32.2	66	28	88	-3.9	36.2	1697	8.5	23.2
-0.8	24.3	65	28	88	-4.1	24.8	1500	0	14.5
-0.4	20.5	65	28	88	-4.7	24	1342	2.5	23.7
0.8	30.2	65	29	88	-4.4	33.3	1467	5.1	32.3
-0.3	29.6	65	29	88	-3.9	50	1786	9.4	29.5
-2.3	28.2	64	29	88	-3.9	40.2	1694	7.9	29.4
0.1	25	63	29	88	-3.9	25.9	1490	0	27
3	18.8	62	29	88	-3.9	25	1332	0	19.1
2.3	19.9	59	29	88	-3.9	25.2	1185	0	2
3.9	21.2	56	29	88	-3.9	26	1058	0	2
13.3	25.1	50	29	88	-2.7	26.9	1040	0	2
12.2	25.1	44	29	88	1.6	32	889	0	3.3
6.3	25.1	41	29	88	1.6	32.2	880	0	5.5
5.9	25.4	38	29	88	1.6	33	829	0	5.5
4.7	27.8	36	29	88	1.6	39.8	983	0.1	5.5
3.1	32.7	36	29	88	1.6	63	1846	14.9	14.7
-2.3	59.6	40	29	88	-2.4	56.1	1828	14.2	24.9
-1.7	52.8	40	29	88	-8.6	42	1755	0	21
0	27.8	42	29	88	-4.7	38.8	1643	0	21
0.5	27.8	42	29	88	1.6	32	901	0	15.3
3.9	27.8	38	29	88	1.6	32.6	887	0	5
2.8	27.9	34	29	88	1.6	35	798	0	6.1
-2.3	29.4	31	29	88	1.6	35	795	0	8
-1.3	29.4	26	29	88	1.6	35	784	0	7.8
1.6	29.4	15	29	88	1.6	35.4	775	0	7.8
1.9	29.8	13	29	88	1.6	36	757	0	13.5
2.3	30.6	6	30	88	1.6	38.6	723	0	13
2	31.7	5	30	88	1.8	41.1	677	0	10
1.3	33.3	2	30	88	3.1	42	612	1.3	12.2
-2.3	35.3	3	30	88	3.1	41.4	652	3.5	17.5
-2.5	34.4	4	30	88	3.1	39	1022	1.6	14.1
-3.1	30.6	6	30	88	2	39.4	899	0	9.9
-3.1	31.4	5	30	88	0.8	40	618	0	6.5
-3.1	33.3	0	30	89	1.9	44.6	660	1.6	7.9
-1.2	33.3	2	30	89	3.1	51	747	9	22
1.6	33.3	10	30	89	3.1	54.7	1194	9.6	22.4
-4.3	39.1	13	30	89	3.1	60	2088	12.5	27.5
-12.5	50.6	21	30	89	-3.6	58.6	2036	13.6	26.7
-7.9	52	24	30	89	-7.8	55.6	1943	18	21
-2.5	53.9	29	30	89	-3.1	32	1687	11.6	18.1
3.9	25.9	28	30	89	-1.7	32.2	1370	0	11.5
4.5	25.8	27	30	89	1.6	33	827	0	9.4
6.3	25.5	23	30	89	1.6	33.6	806	1.5	7.8
6.5	31.3	23	30	89	1.6	35	749	10.2	20
7	49.4	21	30	88	-0.3	41.7	959	10.2	20
3.3	47	21	30	88	-3.1	57	1839	12.5	22.7
-10.2	30.6	24	30	88	-3.1	50.5	1649	12.5	26
-7.1	30.2	22	30	88	-3.1	30	772	0	17.6
0.8	28.6	13	30	88	-1.7	31.7	758	0	7
1.2	29.4	12	30	88	0.8	36	709	0	8.9
2.3	32.9	7	30	88	0.8	36.6	715	0.2	11
2.8	34.1	7	30	88	0.8	38	741	2.7	14.5
3.9	37.6	5	30	88	1.1	45.7	949	2.7	18
0.7	37.6	6	30	88	1.6	60	1590	2.7	18
-7	37.6	13	30	88	-0.8	51.3	1553	3.1	18
-3.6	40.2	13	30	88	-3.9	37	1466	9	23.5
3.9	52.5	13	30	88	-6.1	43.7	1673	9.7	29
0	53.7	14	30	88	-8.6	54	2100	14.1	28
-5.4	56.1	22	30	88	-5.2	44.8	1801	9.9	22
0	42.5	22	30	88	-1.8	38.5	1447	0	3
0.1	27.8	22	30	88	3.1	49	1549	3.8	9.8
0.8	37.1	23	30	88	1.9	49.3	1550	10.6	27
0.4	47.1	24	30	88	-3.9	53	1802	10.8	27.3
-9.4	33.5	25	30	88	-3.9	50.3	1707	10.9	28
-8	22.8	25	30	88	-3.9	35	807	0	19.3
-2.3	29.4	14	30	88	-2	35.8	806	0	7.5
-0.6	30.9	14	31	88	3.1	39	807	4.4	14.1
5.5	40.4	16	31	88	0.2	41.3	934	8.6	22.5
3.2	40	17	31	88	-3.9	46	1485	8.6	25.6
-1.6	38.8	21	31	88	-3.9	43.6	1473	6.8	26.9
-5.9	31.8	22	31	88	-3.4	41	1454	0.4	20.5
-9.9	22	23	31	88	1.6	33	1162	0.3	17.6
-2.3	23.7	23	31	88	1.6	33.1	843	0	6
-1.6	25.5	23	31	88	1.6	34	789	0	6.2
3.1	25.5	24	31	88	1.6	34.2	782	0	6.5
3.1	26.3	25	31	88	1.6	35	750	0	7.5
3.1	29.4	27	31	88	1.6	35	758	0	7.5
3.1	29.3	27	31	88	1.6	35	788	0	7.2
3.1	28.6	26	31	88	1.6	34.7	793	0	7
2.8	28.6	27	31	88	1.6	34	808	0	7
2.3	28.6	29	31	88	1.6	34.5	801	0	7.1
-0.2	28.6	29	31	88	1.6	35	793	0	7.5
-1.9	28.6	30	31	88	1.6	35	786	0	7.3
1.6	28.6	29	31	88	1.6	35	786	0	7
1.6	28.1	27	31	88	1.6	35	789	0	7
1.6	26.3	20	31	89	1.2	35.9	769	0	6.9
1.2	26.7	17	31	89	0.8	37.1	737	0	6.5
0.2	27.2	12	31	89	0.8	38	653	0	6.5
-3.1	28.2	5	31	89	0.8	38.9	654	0	6.5
-2.5	28.7	5	31	89	0.8	41	660	2.6	10.8
0	34.1	5	31	89	1.3	41.3	707	5.9	18.5
-2.4	34.7	5	31	90	3.1	43	1169	7	20.7
-16.4	40.4	10	31	90	1	43.4	1214	8.6	25
-16.5	38.8	10	31	90	-4.7	45	1539	8.6	26.6
-17.2	25.5	14	31	90	-2.1	42.3	1431	8.3	29
-12.3	26.5	14	31	90	1.6	37	1107	4.3	28.1
-3	29.4	15	31	90	1.6	36.5	1102	4.3	27.5
0	29	15	31	90	1.5	35.8	1093	4.3	27.5
-0.3	28.3	16	31	90	0.8	33	856	2.5	19.9
-1.6	25.5	16	31	90	0.8	33.3	849	0	6.5
-0.9	25.6	16	31	89	0.8	35	787	0	6.7
1.6	26.3	14	31	89	0.8	35.3	786	0	7
2.4	28.7	12	31	89	0.8	36	786	0	10.7
3.9	34.5	6	31	89	0.8	37.5	747	0	12.9
0.5	32.9	6	31	89	0.9	39	682	0	9
-3.1	30.6	6	31	89	1.6	39	682	0	12.5
-3.9	31.4	7	31	89	1.6	39.1	682	0	26.5
-3.9	32.5	8	31	89	1.6	40	909	2.3	26.5
-5.9	34.2	10	31	89	0.5	40.1	1176	8.6	26.5
-8.6	37.3	15	31	89	-7	42	1467	8.6	26.7
-6.9	38	16	31	89	-6.7	41.6	1787	8.6	27.5
-6.1	37.8	19	31	89	-4.7	36	1560	6.8	28.2
-9.4	28.2	21	31	89	-3.3	35.6	1369	4.3	29.5
-7.9	28.4	21	32	89	0.8	34	1198	4.3	28.8
-3.1	29.4	19	32	89	0.8	35.2	1200	4.4	28
-3.7	29.4	19	32	89	0.8	38	1211	5.5	28
-4.7	29.4	17	32	88	0.8	35.3	1139	5.4	27.8
0	31.8	16	32	88	0.8	34.7	1082	5.1	26.5
2.8	35.2	15	32	88	0.8	44	1315	6.2	26.3
-3.1	41.2	14	32	88	0.5	43.7	1326	7.5	26
-5.9	39.5	14	32	88	0	43	1379	5.9	26.5
-14.1	31.8	14	32	88	-0.4	40.4	1243	5.5	26.8
-7.7	32	13	32	88	-0.7	36	940	3.1	25
0.8	32.5	11	32	88	0.8	35.5	859	2.4	21.5
2.5	30.5	10	32	88	0.6	35	752	0.4	9.5
3.7	28.2	8	32	88	-0.8	35	1006	0.8	14
1.6	29.4	7	32	88	-0.4	35.4	1243	1.6	25.5
1.6	29.6	6	32	88	0.8	38	706	0.9	19.6
1.6	31.8	3	32	88	1.9	39	693	0	9.5
1.6	31.8	3	32	88	3.9	42	633	2	11.2
1.6	31.8	2	32	88	1.8	45	633	2.6	13.9
0.8	32.3	1	32	88	0.5	47.6	633	4.3	20.5
0.4	32.9	0	32	88	3.9	43	612	2.6	17.2
-2.3	33.3	0	32	88	3.6	43	590	0	10
-1.7	33.3	0	32	88	3.1	43	549	0	7.5
0	33.3	0	32	88	3.1	42.8	549	0	3.5
-0.3	33.4	0	32	88	3.1	42	599	0	5.2
-2.3	34.5	0	32	88	3.1	42.4	597	0	8.5
-2.5	34.3	0	33	88	3.1	44	593	0	9.1
-3.1	33.3	0	33	88	3.1	44	596	0	10
-2.9	33.3	0	33	89	3.1	44	614	0	7.5
-2.3	33.3	0	33	89	3.1	44	606	0	5.4
-3.1	33.3	0	33	89	3.1	44	588	0	13
-4.7	33.3	0	33	89	3.1	45.7	608	0.6	13.5
-4	33.4	0	33	89	3.1	48	651	3.5	18
-3.1	33.7	0	33	90	3.1	45	639	2.8	16.2
-2.6	35.7	0	33	90	2.5	45.3	631	1.2	10
-3.4	36.2	0	34	90	-0.8	49	880	3.5	15.4
-6.3	31.8	0	34	90	0.9	47.7	823	5.6	21.8
-4.1	33.8	0	34	90	3.1	45	635	0.4	6.5
-0.8	38	0	34	91	3.1	43.9	648	0.3	5.2
-2.8	38	0	34	91	3.1	43.1	661	0	0
-4.9	38	0	34	91	3.1	44	617	0	2
-7	38	0	34	91	3.1	44	616	0	7.5
-6.8	38	0	34	91	3.1	45	617	0	6
-2.3	36.1	0	34	91	3.1	45	619	0	1.5
-2.2	34.3	0	34	91	3.1	45	621	0	2.8
-1.6	33.3	0	34	91	2.9	143.7	618	0	5
-2	33.3	0	34	91	2.3	43	608	0	5.7
-3.1	33.3	0	34	91	2.3	43	606	0	6.2
-1.7	32.7	0	34	91	2.3	43	604	0	2
0	31.8	0	34	91	-0.8	44.5	740	0	1.6
0.8	32.5	0	34	91	-0.2	45.9	937	0	0
1.3	33.3	0	34	91	3.1	43	773	1.3	1.9
-3.1	31.8	0	34	91	2.9	43	623	3.9	7.5
-3.2	31.9	0	34	91	2.3	43	617	2.2	7
-3.9	34.5	0	34	91	2.3	42	624	0	6
-5	33.7	0	34	91	2.3	40	649	0	3.9
-7	31.8	0	34	91	2.3	40	644	0	2.1
-6.7	30.3	0	34	91	2.3	40	634	0	3.5
-6.3	27.8	0	34	91	2.3	38.5	630	0	3.9
-5.9	28.3	0	34	91	2.3	37	624	0	6.5
-5.5	29	0	34	91	2.3	37	620	0	6.7
-4.7	29	0	34	91	2.3	37	614	0	7.5
-4.7	29	0	34	91	2.3	37	612	0	7.5
-5.3	29.4	0	34	91	2.3	37	609	0	7.5
-6.3	30.2	0	34	91	2.3	37	599	0	7.5
-5.8	29.5	0	34	91	2.1	37	592	0	7.5
-5.5	29	0	34	91	1.6	37	607	0	7.8
-5.5	29	0	34	91	1.6	37	608	0	7.9
-6.2	29	0	34	91	1.6	37	612	0	7.5
-7	29	0	34	91	1.6	37	612	0	7.5
-6.3	29	0	34	91	1.6	37.1	613	0	7.5
-6.1	29	0	34	91	1.6	38	598	0	7.7
-5.5	29	0	34	91	1.6	37.7	596	0	8
-6.1	29	0	34	91	1.6	37	592	0	8.6
-7	29	0	34	91	1.6	37	599	0	8.8
-7	29.5	0	34	91	1.5	37.1	608	0	8
-7	30.2	0	35	91	0.8	38	606	0	7.4
-6.3	29.6	0	35	91	0.8	37.9	604	0	5.5
-6.2	29	0	35	91	0.8	37	618	0	5.5
-5.5	29	0	35	91	0.8	37	616	0	5.5
-5.9	29	0	35	91	0.8	37	610	0	6.8
-7	29	0	35	91	0.8	37.3	607	0	8.5
-7.2	29	0	35	91	0.8	38	602	0	7.5
-7.8	29	0	35	91	0.8	38	600	0	7.6
-7.2	29	0	35	91	0.8	38	598	0	8.5
-6.3	29	0	35	91	0.8	37	601	0	8.5
-7	29	0	35	91	0.8	37	602	0	8.5
-7.3	29	0	35	91	0.8	37	597	0	8.1
-8.6	29	0	35	91	0.8	37.2	596	0	7.5
-8.2	29	0	35	91	0.8	38	596	0	7.5
-7	29	0	35	91	0.8	37.6	598	0	7.6
-7.4	29.6	0	35	91	0.8	37	603	0	8
-7.9	30.1	0	35	91	0.8	37	599	0	8
-8.6	29	0	35	91	0.8	37.3	598	0	8
-8.3	29	0	35	91	0.8	38	596	0	8.3
-7.8	29	0	35	91	0.8	37.5	601	0	8.3
-7.8	29	0	35	91	0.8	37	607	0	7.5
-7.8	29	0	35	91	0.8	38	608	0	7.6
-7.8	29.6	0	35	91	0.8	38	609	0	8
-8.1	30.1	0	35	91	0.8	38	614	0	8.4
-9.4	29	0	36	91	0.8	38	615	0	9
-9.1	29	0	36	91	0.8	38	609	0	9
-8.6	29	0	36	91	0.8	38	605	0	8.8
-8.6	29	0	36	91	0.8	38	600	0	8
-8.8	29	0	36	91	0.8	38	610	0	8.2
-9.4	29	0	36	91	0.8	38.3	608	0	8.5
-9.4	29	0	36	91	0.8	39	603	0	7.9
-9.4	29	0	36	91	0.8	38.5	603	0	7.5
-8.6	29.7	0	36	91	0.8	38	604	0	7.5
-8.9	30.2	0	36	91	0.8	38	607	0	7.5
-10.2	30.2	0	36	91	0.8	38.5	608	0	7.5
