X1	X2	X3	X4	X5	X6	X7	X8
-1.448176	-3.673391	-1.260033	-3.899554	-2.982517	-2.064822	-1.594883	-5.483167
-0.089472	-0.926780	-2.759777	-3.253482	-4.670860	-2.884579	-1.529557	-3.384536
-1.106923	-0.053240	-0.674535	-3.383810	-2.445467	-3.240245	-2.054462	-1.900358
-2.344930	0.546531	-3.809807	-0.810738	1.345861	-0.857720	-1.384799	-4.147733
-2.004594	-1.538868	-5.959692	1.660432	1.174724	-0.145607	-1.226967	-2.215465
-0.696113	-1.517336	-8.980992	1.089296	0.663420	0.513495	-0.607867	-1.840255
-1.015489	-3.763974	-9.384605	1.528854	0.238548	-0.147515	-0.332799	-1.604505
0.469580	-0.179281	-5.981333	0.595903	-0.578493	0.765661	-0.295362	-2.049117
2.052493	1.200243	-1.188275	2.420441	0.042995	-0.714077	-1.348657	-1.955993
-0.428850	0.900097	3.859269	1.045668	-1.002187	0.107970	1.070015	-0.512836
0.803951	1.944982	6.525098	1.288279	-1.778842	-1.528599	-0.014644	-2.651248
0.460497	2.600797	6.291413	0.711275	-1.486371	-2.814185	-2.245636	-3.875129
-0.711312	2.057444	5.101714	-0.349548	-2.552873	-2.007989	-2.241660	-2.365984
-0.395277	2.761621	4.047402	-1.698790	0.810348	-0.147612	-4.243017	0.779987
0.336004	2.453330	3.968375	-0.020055	-2.045507	0.423945	0.701894	0.190581
3.370430	0.144069	2.826035	0.294257	-0.833939	1.184481	2.532472	0.430296
4.581701	-0.577261	3.325882	-0.204056	-0.233550	-0.167304	1.583017	2.974331
5.947619	-2.563259	3.863016	-1.311097	2.424360	3.367988	3.540128	3.785983
4.799183	-1.672426	5.983838	-1.514868	1.945989	4.164056	3.613306	2.915949
4.959995	-1.506662	4.844448	0.344031	4.268537	6.464100	2.750951	3.168728
4.384353	-2.550066	1.846546	0.625497	2.838802	3.091018	0.210462	1.428419
3.081859	-0.787440	2.915634	0.213528	2.667984	2.109209	3.345139	1.418518
3.075813	-0.157081	0.228911	-0.895577	2.131381	-0.625827	2.436982	-1.215777
1.601516	-0.513392	-3.872322	1.078180	-0.770606	-2.214892	1.929190	0.831933
0.968368	-0.588870	-1.446465	2.895196	-1.888580	-4.015086	1.980064	-2.599154
-1.168830	3.289083	3.385785	0.094272	-1.762941	-4.034811	1.186203	-2.157741
-1.773278	3.202668	4.469326	2.253604	0.582711	-0.988768	-1.508893	-1.729830
-1.123275	3.806184	5.336260	3.634891	4.303773	2.020443	0.399376	0.429478
1.048880	3.125932	2.588788	1.427331	2.941246	3.379619	0.086509	1.664480
1.273886	0.514112	3.929110	2.703923	3.291828	2.608362	0.388906	-0.432126
-0.085854	-0.257576	3.703427	2.193965	-0.950481	0.942368	0.707167	-1.716643
1.386159	-0.811932	5.397241	-0.047345	-3.076582	-2.022862	-1.838708	-3.889371
-0.795573	0.898744	2.353851	-3.331908	-2.432776	-6.118231	-0.207020	-3.403013
-0.073151	1.138953	1.114460	-3.729526	-4.088563	-3.295438	-0.502669	-2.644671
-1.360872	0.467893	2.387768	-2.293200	-1.310246	0.435715	-1.593755	-2.032348
-1.447637	2.193265	3.178275	-2.181032	-0.938824	1.764927	-0.942478	-1.737945
-0.964145	0.514070	2.985684	1.490876	0.873403	3.735997	-2.414040	-0.658864
-2.328594	-2.416893	4.999695	0.582024	3.167732	2.110824	-0.567940	-1.360208
-1.703184	-2.914324	4.521309	-0.674891	4.722364	1.765807	0.013222	1.443922
2.056285	-0.146922	2.058428	0.340729	1.312797	2.256844	0.893945	3.089723
2.753216	-1.033688	2.673252	-0.365915	-1.739469	-1.146664	-0.567571	2.142894
0.864409	-0.502221	-0.789018	-0.691427	-2.524834	-2.255621	-0.855327	3.724032
-1.498336	0.151078	-3.970279	0.289494	0.630600	-3.527125	-2.703323	3.206036
0.764883	0.877710	-7.007431	1.561844	1.392433	-2.010079	-1.142060	2.418103
-0.541034	-3.216826	-9.514972	3.782823	4.852364	-0.071084	0.160564	2.798832
-2.321585	-2.414029	-9.078601	1.094230	5.194893	2.760960	0.031346	3.849320
0.072231	-2.332299	-4.757918	1.048564	3.470619	3.971752	1.011586	5.736666
-2.312685	-0.098437	-1.770620	1.181022	3.320041	3.010589	1.332985	4.221867
-0.139533	-2.235142	0.713295	1.935604	3.309458	2.057972	0.698141	2.353821
-1.903611	-0.758314	0.384826	-0.597192	-1.239829	-0.642601	1.820155	2.852627
-1.545918	-2.169954	-0.898324	-0.540767	-2.463022	-0.971832	0.443725	3.698482
-0.416854	-0.583760	-0.385453	1.781079	-1.939121	1.315780	0.175052	0.826785
-2.121916	-1.584734	-7.440561	0.544143	0.980273	1.144333	0.357335	-0.436366
-0.716604	-3.104775	-6.404545	1.195725	0.058160	-2.695275	0.604373	-0.420774
-0.488617	-0.865683	-6.794905	1.731624	-1.066761	-0.957543	0.777467	-2.944840
0.166847	-1.422058	-5.726238	1.548737	2.324109	-1.434374	0.432015	-2.408866
1.488088	-0.343800	-3.213944	1.918566	3.440871	-2.106668	0.671817	-1.829054
2.161608	-1.129709	-2.411020	2.243607	-0.318077	-1.116427	-1.691627	-0.541506
0.824207	0.170615	-1.014565	1.780461	0.696666	-3.173451	-0.734018	0.657076
-1.964112	-3.661728	-4.139178	-0.589074	-3.230702	-2.202142	-2.487256	1.139990
-1.769049	-0.672439	-1.305656	-2.778399	-2.270181	-4.430600	-2.193242	2.715434
-0.396002	-0.126416	-0.860098	-3.081315	-3.692872	-2.405027	-5.224777	2.018307
0.298929	-0.780160	1.086997	-1.758022	-3.567674	0.597077	-3.183860	2.674907
0.377146	-2.082272	-2.131269	-2.270021	-3.686488	3.016210	-3.412792	2.766732
-0.324850	0.057550	0.862507	-1.731914	-2.856915	3.956671	-1.156774	1.768579
0.138043	1.312504	1.596025	-1.015002	-1.101156	3.030759	-3.352607	0.490748
-0.593075	3.045892	2.332187	-0.703884	0.067190	5.309374	-1.043190	-1.870664
-1.433602	2.558912	0.943696	1.030838	1.234122	4.611114	-2.283525	-1.822258
-3.619237	4.175965	1.559852	2.134464	0.213440	4.943278	-0.339812	-2.178437
-1.189478	3.444552	-0.126942	-0.344308	-0.395757	1.997265	-0.930052	-3.101402
-0.309124	-0.509229	-2.044385	0.535923	-1.994670	0.314775	0.842256	-2.941354
-0.932175	1.203223	-0.837674	-0.598446	-4.118697	-1.165195	0.662410	-1.762796
0.144372	1.256908	-2.271909	-2.990013	-3.037341	-6.714644	0.088910	-4.749928
1.187817	-1.414875	-0.307687	-3.459880	-2.853501	-9.861174	-1.615345	-2.935854
-0.917338	0.676676	1.148793	-2.311448	-1.273777	-5.542285	-2.544256	-0.418175
1.901008	2.545359	5.313234	0.655483	2.757429	-2.020280	1.420578	-0.771992
-1.114843	4.986375	3.351636	0.527913	3.066119	3.059042	2.917755	-0.142806
-1.484191	3.621323	4.036603	3.929441	0.600091	2.902380	3.113176	1.188579
0.031466	3.078004	-0.293665	3.001466	1.810145	0.676832	1.805538	0.196964
-1.412970	2.354018	-6.183866	2.992688	-0.392419	-0.681603	0.817542	1.955745
-0.217299	0.364965	-7.440797	4.732207	1.140099	-0.609725	1.684388	2.054422
-1.949119	-1.894657	-9.705157	2.227723	-0.411402	-2.989436	0.345974	5.367292
-0.583129	-0.232345	-7.462945	2.916534	-4.064822	-3.540135	-1.216900	3.871755
-0.136127	-1.225002	-2.865658	0.808442	-0.265261	1.129275	-2.834235	2.169209
1.712788	-2.476925	3.049706	2.449344	0.358680	2.838794	-1.006930	3.632051
-0.306983	-1.990517	5.891448	-0.165958	1.036802	6.231321	2.677712	2.462481
-0.302939	-2.789477	3.836170	3.016935	1.381904	6.259656	2.261592	2.657498
0.624722	-2.036904	2.393874	2.560822	3.502186	6.101096	4.917509	2.966498
0.572301	-1.037799	0.447462	4.601404	2.794747	6.798043	4.772462	2.942982
-3.744600	0.400738	-1.660865	4.600281	1.534088	4.909194	2.498851	1.418847
-2.235781	1.032907	-1.854804	2.841252	1.970609	1.541248	3.942774	1.646992
-1.039940	6.163408	-1.965155	0.352117	-2.370392	-0.184494	2.159433	-1.329685
-2.517076	3.571640	1.766886	0.191976	-1.214114	-1.860934	2.534425	-3.995184
-2.652588	2.166804	2.026419	-0.663770	-1.663657	-2.790772	0.917750	-3.787108
-0.454773	3.042500	0.133646	-1.069222	2.434279	-1.910210	1.106108	-1.671458
0.590168	1.457028	0.645770	-2.817280	3.451393	-0.338248	1.008898	-0.619934
-0.198562	0.253587	-1.505809	-3.822644	2.539885	0.414613	-0.192981	-0.216340
0.830437	0.376277	-1.604588	-4.500713	0.407855	1.603873	2.041371	0.648525
-1.973434	-0.681601	-3.244865	-2.889988	-0.371596	1.126030	1.609153	-1.812742
-3.149272	-1.862648	-1.381140	-3.681967	1.951930	-0.137416	3.717565	0.207359
-2.264377	-0.153264	1.591090	-1.293452	1.431933	0.965934	1.790205	1.071426
-3.370247	-0.915348	-0.495073	-0.853242	2.676015	-1.359420	3.113274	0.287857
-3.424382	0.171298	-0.186528	-2.203236	4.371173	2.472421	4.607670	1.739951
-0.332879	-0.099125	-1.457273	-1.455635	4.753309	3.601256	3.051093	0.022708
-0.619839	0.283482	-1.440207	-1.217438	0.910822	4.426184	2.089142	1.765626
-1.440259	-1.895779	-1.869328	-2.651044	3.833713	6.962406	-0.549382	3.982603
-2.464739	-2.164810	0.424766	-1.275354	0.154380	6.716919	1.327718	2.637238
-1.871377	-1.918411	0.455576	-0.601067	-0.894476	3.834225	-0.537457	3.061430
-1.155772	-0.954281	0.294304	-2.076683	-2.336855	2.012121	-1.915609	3.055178
-1.236022	-1.290321	0.013752	-2.738100	-3.659357	-1.045792	-2.515237	2.180981
-1.407928	-0.225431	-1.146679	-2.657819	-3.698182	-2.305315	-1.310043	4.589737
-1.981387	-0.957111	-1.217688	-2.467940	-1.678731	-4.004349	-1.472426	0.688645
-1.022099	-0.813661	-2.651272	-2.573061	-2.933104	-4.726294	1.216211	4.005705
-3.209262	-1.856882	-4.575431	-1.668983	-0.847600	-4.460851	2.063570	0.773214
-2.123075	-0.011372	-2.782963	-3.414704	-0.234320	-3.353920	3.091049	1.516272
-3.473537	-3.069333	0.196734	-1.783224	-3.353563	-2.651702	0.798047	1.526178
-0.710447	-1.792765	-1.238839	-4.230142	-2.176630	-1.150297	0.204964	-1.201170
-1.441004	-0.416067	-1.519281	-1.601259	-3.122721	-3.404805	-3.260900	0.934128
-1.020907	-1.990641	-2.100090	-2.618372	-3.261436	-1.609728	-2.375046	-2.872030
-1.872454	-1.860085	-0.176365	-4.001982	-4.591575	-3.612265	-5.955576	-2.953545
-1.577945	-0.493100	-1.570504	-4.453788	-2.722937	-2.257017	-4.060489	-3.720917
-4.292479	-1.351287	-0.788807	-1.203888	-0.799024	-0.548185	-2.304185	-2.779648
-2.249754	-0.090944	-0.173371	-1.411883	0.424465	-0.641268	-0.754667	-4.988740
-0.140870	-1.031673	0.857305	-0.066572	-1.573269	-0.333068	-1.075733	-1.326592
-0.207725	0.404926	3.953621	-0.514353	2.245772	-0.644784	-2.763285	1.585295
1.932281	-1.530647	5.634179	0.187674	-1.044511	1.767383	1.021576	0.440318
5.256150	0.312709	6.232380	0.927409	-0.598418	4.302933	3.903451	-0.502223
4.559883	-0.378307	5.486426	1.063455	-0.172450	2.720065	3.780838	1.242371
1.476580	-0.485295	3.878917	0.164411	-0.424506	4.524280	4.047237	-0.963600
2.882942	-1.082756	4.628455	2.417579	-1.796485	4.384776	2.059848	-1.657338
0.306971	-0.457789	1.290040	0.413859	0.747910	5.629754	1.543269	-3.612344
1.727167	-0.542894	1.019875	-0.009748	-3.782218	3.711113	-1.509399	-3.172419
-1.255368	-1.125672	-0.006041	0.204260	-2.385571	-1.561747	-3.420357	-4.775563
0.575666	1.863777	-1.009406	-1.034318	-1.639249	-5.809526	-3.624206	-2.295378
1.028070	2.365854	0.595182	-0.645778	-0.570350	-9.371424	-4.566846	-3.348964
-0.881655	3.938957	0.615822	-1.915622	-1.041777	-7.175542	-1.755178	0.590777
0.674593	2.163488	1.406416	-2.769948	-2.053527	-4.176480	-3.370003	0.250545
2.832313	0.226245	-0.667835	-0.549754	-1.979603	-0.512237	-1.348820	0.377340
2.084506	-1.012771	-0.834731	-0.615040	-1.618902	-2.197815	-0.434030	-2.487641
4.618775	0.546339	1.710130	-2.283904	-1.253927	-0.932813	-1.933735	-1.895898
4.246819	-0.989725	2.227148	-2.524746	1.547125	-1.431732	-0.753233	-1.792031
4.644239	0.649838	2.508825	-0.682465	2.321951	1.276129	-0.270827	-1.100741
4.540036	1.185227	4.699660	0.380641	4.770653	1.453269	-0.685216	1.235270
4.834411	3.018442	3.592655	1.048672	2.962730	3.647889	0.459300	-0.081598
1.889765	3.121083	1.128310	-0.833769	1.800883	2.039387	2.393919	0.890854
-0.718401	2.555749	3.793127	0.367117	-0.055389	1.517865	1.624141	0.381225
1.637812	3.266441	6.022705	0.498432	1.364514	-1.720178	0.058166	-1.076785
4.452907	4.607558	4.749645	2.219278	1.865692	-2.131243	1.314393	-1.473878
2.678884	3.506301	6.128348	0.919855	0.084546	-1.543428	0.211422	-2.071853
1.680644	2.665069	3.056015	0.252065	-0.978025	-2.345534	0.146253	-3.993413
-0.720514	1.236462	-0.137155	-0.514292	2.259479	-1.887062	-0.023816	-1.878257
-0.565187	1.881280	-3.775960	0.935786	0.216958	-1.089811	-0.525284	-2.234987
1.699325	0.841223	-6.737800	0.268701	2.422912	0.291320	2.010448	-0.421603
2.094222	-2.040510	-4.808175	0.924552	2.627041	1.742129	1.119280	0.411195
5.256106	-1.895318	-1.276384	0.623943	0.822645	1.289817	-3.108090	3.552604
5.399577	-2.085602	0.338773	3.047272	0.384724	-1.018516	-0.231860	5.089626
4.382035	-1.590861	-2.029804	4.794743	-0.192822	-0.267670	-0.191632	6.317758
3.636182	-1.985896	-1.326513	3.963856	1.299506	-2.716844	4.124694	2.730800
5.044318	-0.518307	-0.878656	1.894913	2.077910	-0.912840	3.660717	-0.245048
3.942543	-0.407594	-1.669732	2.295114	1.870688	0.245744	3.223038	1.014312
1.822259	4.649942	0.881560	1.655961	3.453541	2.118607	4.692555	-0.646519
-1.660434	2.553903	2.235619	-1.639245	1.268968	2.575049	3.713569	-0.915644
-3.228436	3.087387	2.009646	-2.148802	1.719370	0.754572	2.049478	-0.636361
-1.674545	0.597594	0.945242	-3.726610	-1.512353	0.298773	0.430284	-0.725573
-4.251262	-0.447475	-0.321795	-2.592267	-3.512202	-3.923445	-1.455916	1.261921
-2.699585	0.047679	-4.007264	-0.425572	-4.371677	-3.258083	-1.603520	0.365619
-1.571913	-1.187644	-4.179465	2.004476	-4.342478	-4.197342	-2.760430	0.321920
-2.570747	-0.114543	-3.147598	-3.976921	-3.152304	-4.726720	-3.727946	1.136925
-2.622686	-0.388920	-2.479063	-0.212562	-3.765856	-1.161217	-2.809667	1.829733
-3.745429	-1.041475	-2.216560	-2.228446	-3.423134	-0.906134	-5.193796	1.310442
-0.586875	0.438394	-2.284889	-2.301172	1.090362	-2.002271	-2.599331	-0.093147
-0.941524	-0.926215	-1.265351	-1.677139	2.466732	0.894174	-1.260673	0.267364
-1.970076	-1.350301	1.127055	-4.205144	3.177776	2.164300	-0.906023	0.627575
-2.003930	-1.124465	-0.046672	-2.812888	3.165594	2.136007	0.281120	-1.398115
-1.320184	-0.724307	-0.136931	-1.868968	3.726785	3.221695	2.913654	0.304094
-2.748040	-0.951927	1.071976	-0.818584	3.125750	1.276766	1.438780	-0.775100
-2.900095	-0.678924	-0.594150	0.550166	1.373588	2.809318	0.560498	2.289204
-1.150851	-2.388300	-1.707911	-3.342818	0.210200	1.387352	-1.562194	-0.643596
-1.880705	-2.074054	-1.705805	-3.894233	-0.416215	0.205868	-1.783094	1.066800
-1.583658	0.175814	-3.187733	-1.697279	-4.144457	-0.874633	-1.198205	-0.645108
-2.353709	-1.549597	-1.667597	-2.620655	-5.139226	-4.594551	-2.701525	-0.843522
-1.580058	-0.258486	-1.877996	-4.456559	-4.480422	-4.203086	-4.538655	-4.663241
-2.330104	-0.088954	0.203970	-1.205990	-2.005546	-2.305138	-3.175495	-4.386268
-1.432446	-2.390500	1.797399	1.380252	2.207804	-0.266907	-2.512846	-2.859701
0.115715	-1.225125	1.871191	3.345270	2.340526	2.601208	0.217292	-1.554942
0.357381	-2.655529	-0.538154	2.345164	6.490521	3.180707	0.214719	-0.984092
-1.036848	-0.446512	-0.798137	3.484136	3.660688	3.949790	2.452035	2.985049
-0.811471	-1.464174	-0.727058	4.263386	4.523427	4.057457	1.554539	1.672280
0.926711	-2.732115	2.723982	4.941215	2.347238	2.957609	2.619632	1.467702
0.485499	0.135865	3.512181	3.601026	5.056421	1.992046	0.934912	0.220212
1.189894	0.765765	2.854641	0.410118	0.705476	-2.172833	1.354581	-1.630789
0.797697	0.467886	3.205259	-0.768107	-1.671997	0.469774	-0.747564	-1.760703
2.457307	3.031327	1.511136	-1.646148	-1.558999	1.263967	-1.541920	-2.278429
3.809126	1.047788	2.659070	-0.414804	-2.441629	2.805745	0.643210	-3.054869
2.592153	0.929170	1.106060	-1.655674	-2.057188	1.964410	1.947127	-3.533122
2.343389	3.079072	3.885807	0.158743	-0.676776	0.461460	1.118031	-3.720290
0.382535	3.787494	6.651108	0.224248	0.655507	-1.207803	-0.982278	-0.840073
-1.758310	4.774637	5.420564	0.972742	-0.671239	-2.366579	0.548899	-0.126672
-2.456644	1.611099	2.952773	2.377227	0.664886	-5.052869	-2.329238	4.822612
-1.922167	0.197081	3.289935	-0.389698	-0.433019	-3.913571	-2.103888	3.544080
-4.076478	-2.143618	3.352348	1.596769	-0.102154	-2.115686	-0.796753	2.227631
-2.685079	-2.274497	3.224912	-0.594871	-0.489018	-1.852914	-1.005232	3.413063
0.528933	-2.412756	2.523926	2.010483	3.254588	-0.407054	2.853674	3.294476
0.808158	-1.860996	2.237688	3.720131	0.703963	2.897394	0.263066	4.009871
-2.187804	-1.735516	-1.089302	1.838275	-1.035391	0.158331	-1.138857	3.527345
-2.033453	-1.536317	-1.330545	2.331916	-3.186776	-0.587545	-1.657094	3.020400
-0.160089	-2.069799	-3.007042	0.186154	-2.449392	-0.850732	-1.276947	2.061833
1.588690	-0.852162	-0.669294	-3.142210	-3.602638	-3.629030	-2.143415	2.675545
3.820784	0.043494	-0.612203	-1.570876	-2.281016	-2.623039	-1.740198	2.949135
1.682993	-0.098531	0.804030	-0.776841	-0.996724	3.395041	-1.619897	1.656302
2.085317	2.962563	3.053406	-1.718807	-0.820364	3.721510	-3.076111	0.116846
0.881157	1.101275	0.465622	-0.364871	-0.706235	4.367068	1.806260	-0.874334
-2.526187	0.558006	-1.078523	-0.888033	-1.367937	3.842116	-0.698586	-3.495238
-1.422714	-0.997544	-2.663530	-1.894292	-3.545672	3.308954	3.159153	-2.606367
-1.944424	-0.928876	-2.437400	-3.300648	-1.956838	1.052582	2.073976	-2.434620
-3.096017	-1.835689	0.174967	-1.247001	-0.259437	-2.155701	3.528683	-3.123100
-0.918992	-0.925784	2.343268	0.820852	2.337333	-5.944293	4.368474	-0.171206
-3.406649	-0.929062	3.878803	3.982910	4.168870	-4.845895	0.857148	2.349261
-1.773387	1.101979	4.671770	4.591473	2.330974	-0.676907	2.008506	2.893100
-1.427206	2.051638	3.779068	4.953343	-0.273754	-0.291229	0.345648	4.356612
0.541794	1.589715	2.174697	3.296620	-1.097015	-0.293160	-2.909627	3.148196
-3.134586	0.211310	1.301954	1.095805	-2.929610	-0.157301	-3.097618	4.056850
-0.390046	-1.921578	-1.099661	0.195097	-4.654337	-1.580150	-1.489125	0.250275
-1.032586	-1.133848	-2.867250	-1.261401	-1.747498	-3.107410	-2.128850	-1.845529
-1.315305	-0.081901	-3.454314	-3.748991	-0.968693	-1.592978	-1.335691	-3.506564
-0.634002	0.738464	1.405046	-1.675971	1.648479	-0.441356	-0.540549	-0.977130
-1.051778	-2.259754	0.669629	-1.634241	2.239817	3.769457	2.460777	1.996773
1.352268	-3.062355	2.804033	0.492999	3.917221	5.151761	2.271586	2.407245
3.009236	-1.228139	1.974158	-0.160950	0.371991	4.843356	2.438477	0.250684
4.712127	-0.585406	0.861301	2.179612	-0.282974	6.657541	3.693752	-0.100209
5.091340	-1.535056	-1.649938	2.680185	0.484127	5.044718	3.313210	-2.135235
4.983377	-3.000589	0.587540	2.569471	-2.015207	2.593285	1.971251	-0.797095
4.198438	-2.241406	2.655932	-0.260332	-0.251775	2.883943	-0.406025	-2.443788
3.948223	0.396294	3.010738	-0.569422	-0.047378	-1.339009	-0.985218	-0.750616
0.435932	1.219310	3.393157	-0.256999	-1.719816	-4.511870	-1.342728	-3.194978
-2.845634	4.486442	-0.841412	2.425137	2.510410	-3.902040	-2.255655	-2.638775
-1.218876	2.668291	-0.527372	2.614985	0.832402	-2.448620	-1.065499	-2.421308
-2.659191	4.419456	-2.107523	1.756647	1.307958	-1.515509	0.628439	-2.211176
-1.964182	3.041136	1.058034	1.677523	-0.859222	-0.875708	-1.745139	-0.617780
-1.348946	3.150733	1.500997	2.766712	-3.215237	1.072683	1.005266	-1.416121
-3.435084	3.312545	1.280366	-0.550485	-1.307488	-1.089836	0.928854	0.797802
-1.787395	2.227972	2.024438	-3.117967	-2.309975	-2.369766	4.073725	1.661087
-3.020679	0.836115	-1.422588	-2.067136	-0.896397	-2.561305	1.305278	1.086636
0.407363	1.370574	-4.396812	-0.615591	3.418344	-1.106855	3.703515	-0.134154
0.062834	-1.044853	-4.508736	1.722769	2.912649	1.509484	5.614835	1.113519
3.083832	-1.410164	-3.398760	0.580542	1.986318	2.229812	2.473038	1.220653
3.709358	-3.012560	-0.026588	-0.292969	-0.305749	-0.656370	3.146324	2.002649
6.465113	-1.794242	0.490382	-1.165567	-0.082153	0.309236	2.202793	3.894706
4.753196	-2.090509	2.165947	-0.163651	-2.535693	1.962930	-2.249055	1.318324
4.105709	-2.614861	2.440905	-3.307020	-3.082470	3.550313	-3.628119	-0.899397
4.637650	-0.673199	4.913457	-0.104875	0.117217	4.673984	-2.421600	-1.617458
2.318722	-2.417923	2.536501	0.670084	-2.537232	3.654942	-2.003298	-2.686458
3.430422	-2.687432	-0.666765	-0.841843	-0.527519	1.243488	-0.110413	-0.952798
0.349253	-1.449828	-2.486441	0.013244	0.316558	-1.482080	-0.923544	-3.820577
-2.333186	-0.612510	-5.247128	0.837644	0.752899	-2.581360	0.996609	-0.780097
-2.315094	-0.499778	-9.490228	2.395658	1.828102	0.161146	-0.212855	-0.319858
-3.225071	0.083468	-9.536442	3.769586	-0.208131	3.964538	1.520564	0.036042
-1.444818	0.293227	-7.894971	3.338827	-0.008301	5.194016	-0.884432	-0.847899
-2.755533	-0.878001	-2.741916	4.008081	0.072592	5.888779	-1.383345	0.062019
-2.756717	-1.588815	-0.145178	-0.063952	0.964549	6.004327	1.595426	-0.492904
-0.397670	-2.361017	-0.902457	1.191527	-0.756231	3.966660	0.601480	0.035833
-3.315590	0.139694	0.285544	-3.141881	0.411252	0.189977	-0.071881	-1.531071
-4.201879	1.404218	-1.371275	-1.800777	0.175899	-4.675022	-1.669358	-2.601316
-2.966635	1.565454	0.780586	-2.061761	-1.084691	-10.074738	-0.770951	0.797099
-1.638959	3.592903	-1.772976	3.111066	1.376482	-7.711471	-1.691660	0.164072
-1.443550	2.303064	-0.356260	1.739305	1.663119	-5.641621	1.936816	0.756605
-2.836909	2.998238	-0.378769	2.009855	-0.827380	-2.092989	-1.496224	2.140697
-3.149134	1.413823	-0.828702	1.934416	0.599384	1.812524	1.395020	1.458148
-1.446526	0.779020	-3.289460	-1.193013	1.094112	0.769518	-0.229651	0.216758
-1.652086	-0.488372	-5.153745	0.982068	1.311203	-0.019707	-0.586137	-0.988272
2.433688	-1.657852	-3.002157	3.222958	-0.018141	0.193947	-2.678038	-3.727343
4.376996	-0.407721	-0.482098	0.586258	2.995679	0.271182	-1.399755	-2.143555
6.064237	1.728822	2.699833	2.660167	4.026263	1.905295	-0.359186	-1.839406
3.605512	2.990075	4.965634	1.575584	1.312711	-1.923713	-0.379832	1.522202
1.419621	3.242440	4.616605	2.185710	0.559724	-0.911044	-0.147793	1.682970
-0.153436	4.005815	5.723344	1.036443	-0.519999	-1.309697	-0.053468	-1.432702
-1.138459	1.531301	3.444752	0.704084	-1.399057	-0.293273	-1.675458	-0.271313
0.950052	1.265997	0.330527	0.333532	0.029651	1.768927	-1.739863	-1.759863
2.754897	-1.156797	0.560068	-0.780414	-4.523677	2.163602	-2.043182	-3.768353
5.816176	1.117819	-1.251524	-1.933954	-2.085839	4.408452	-4.099614	-1.336582
0.574890	-0.881854	-0.550050	-1.761188	-0.883036	5.492177	-0.733361	-2.293649
0.819338	-1.282118	-1.103312	-2.994016	-3.185667	4.693476	-2.448122	-3.032355
-0.365880	-1.137572	-1.457509	-0.109840	-2.698632	4.488847	-0.245696	-2.665798
-0.366163	-1.109817	-2.113943	-2.449860	1.197169	-1.253609	-0.609684	-1.278480
-1.045912	-0.489353	-1.533913	-3.482576	4.317737	-1.871993	-1.104486	-2.425698
-2.372227	0.608821	-3.664521	-1.169488	4.162172	-1.235606	-1.432501	-0.382754
-2.480807	-2.631496	-5.789866	0.821303	1.551873	-2.550849	-0.549329	2.371653
-1.360353	-0.396004	-7.778449	3.129496	1.074642	3.760279	0.297030	1.230425
-0.674264	0.320696	-7.857571	3.609791	0.701379	3.760275	1.179076	3.728360
-1.049842	3.808905	-3.965131	3.985788	2.171484	6.816640	0.591309	1.919961
1.815015	3.693723	1.194769	5.035186	2.884956	7.181372	0.766729	2.796626
1.892606	4.034249	2.993029	5.547885	2.077998	6.071072	-1.056363	2.057257
-1.138268	3.828783	3.993749	3.264784	1.147208	3.062838	2.166432	1.375954
-2.005709	1.314325	1.250429	1.374583	-0.722012	-0.861730	-1.715785	-0.504983
0.293684	1.778475	-1.444731	-2.110419	-3.558063	-8.223134	-2.347314	-1.633253
0.133211	-1.280067	-1.393332	-2.964122	-1.578643	-11.187073	-1.671855	1.277445
-0.516428	-1.060501	-4.093474	-3.446227	-1.983053	-13.016549	-3.988208	-0.489188
1.773166	-0.820028	1.144043	-2.274733	-3.288592	-5.094862	-2.590173	-1.240653
3.910593	-1.880247	-1.066982	-1.630943	-1.229261	-1.320514	2.345650	-0.278349
3.489354	-2.421159	1.870052	-0.391655	-1.398357	1.483796	3.767462	-2.156375
4.210948	-1.271164	1.334845	-0.309771	0.241119	0.268467	2.784063	-0.571430
2.852875	-0.966462	-0.147204	-0.767290	-1.875633	3.050397	0.340253	-2.165014
0.100835	-1.694153	-0.795195	-2.250514	-3.028912	-2.028414	0.466531	-1.986026
-2.144373	-1.281837	1.826973	-1.925442	-2.255117	-2.033267	-3.045901	-2.805666
-2.508649	-0.269514	2.175198	-1.627776	-1.073448	-5.478162	-1.586545	-2.604632
-1.012692	0.338015	4.281583	-0.569915	-1.737205	-0.438201	-1.404099	-2.161024
-3.478104	0.563051	2.691425	0.012940	0.922314	2.972816	-0.172563	-0.795842
-0.937784	-1.269906	2.690526	2.444589	-1.320093	1.744088	1.070162	-1.366784
-4.628533	-2.045257	1.012785	-0.780769	-4.062623	1.366915	-0.834024	-2.399550
-1.522751	1.308398	0.151203	-1.967534	-3.717977	-1.277105	1.973181	-1.929638
-1.490337	-2.992340	-2.814620	-1.994507	-1.426453	-2.985072	-2.178625	-1.831450
-1.725994	-1.045473	-2.992085	-3.173187	-3.016652	-5.578587	-3.227840	-2.677882
2.944980	-0.429799	-1.028090	-2.832376	-3.176773	-5.526451	-2.341766	-3.035735
3.732584	-0.321319	2.266164	-0.447673	0.951285	-3.072165	1.146699	-2.037208
4.139317	0.850766	5.066478	-0.300679	2.041123	1.825171	3.121354	-1.386799
4.439079	2.975458	5.145252	0.824206	0.454140	0.818356	4.381400	-0.255709
4.763770	3.977656	5.869185	1.991582	0.968638	2.274689	2.594136	-0.732136
5.787990	3.497559	3.269479	0.508348	0.910618	0.078469	3.246963	-1.425579
3.470037	0.726468	1.747334	-0.043197	0.953079	-0.413004	2.869480	-1.171737
2.655813	-0.145017	-3.545750	-0.647551	-1.943877	0.746068	2.413889	-1.933610
1.527615	1.082003	-1.893072	-1.385816	-3.297750	1.669286	1.434288	-1.536296
0.043944	-4.159571	-3.527333	-2.228192	-1.607639	1.146847	1.923979	-0.533894
1.521500	-0.637339	-2.439931	-2.182579	-0.790143	3.425352	-0.689440	3.855495
-0.408618	-1.280801	-3.110767	-1.011678	-3.173562	2.044800	-2.836267	3.247175
1.392989	-0.426058	0.342360	-2.441687	0.768504	2.204289	-2.190903	3.030645
2.801221	-1.885609	1.308452	-2.362309	2.255258	2.260820	-1.223948	3.416806
3.054078	-1.757954	2.713507	-3.346842	4.032099	1.553790	-1.032102	2.677560
2.991858	-2.283394	1.565127	-1.128287	4.299527	1.186301	1.653536	1.561107
2.440462	0.659872	-0.055087	-2.133144	4.571945	2.410350	0.043465	0.931248
2.182390	0.001344	-1.754136	-1.583514	2.865952	1.919837	-0.136014	-0.991814
-1.289561	-0.618979	-1.827719	-1.927396	-1.447950	-0.653639	1.714198	-1.715880
-1.686489	1.534305	-2.164434	2.390110	2.929539	-1.873478	1.160302	-0.000149
-1.300996	0.833594	-5.654882	0.875803	-0.253481	-2.201881	-0.602602	-1.451518
-3.025182	0.649989	-5.769361	2.611784	0.624592	-1.800349	0.204285	-1.988788
-3.084348	0.671390	-6.960272	1.462152	-0.206641	-0.139383	-1.798037	0.157943
-3.872895	-1.319103	-5.402713	1.629607	-0.388981	-1.773683	-0.413667	-2.347424
-4.178922	-0.782890	-2.371685	-2.150451	-2.218425	-2.902551	-1.711705	-0.942487
-2.529231	-0.986870	-2.442385	-0.012121	-0.613473	-3.078686	0.593348	-0.465347
-2.341822	-0.965245	-1.932913	-0.376403	3.320875	0.882711	0.798193	-0.447000
0.283704	0.876888	-4.326369	0.922101	1.377421	2.633038	1.122229	-0.659948
-1.632554	-2.366074	-2.304652	-1.352506	2.430164	4.317695	0.078757	0.403213
-2.275896	-0.994728	-4.071562	-0.024827	-0.805892	3.199281	-0.625324	4.944982
-1.077722	-0.843776	-1.531196	-1.197759	-2.665950	3.156496	-1.086814	4.087061
-2.069935	-1.965018	0.529745	0.129596	-3.629006	-0.331460	-1.738512	2.760151
-2.330733	-2.085552	2.125162	-0.761761	-3.034760	-3.929190	-0.873819	4.082554
-1.959118	-2.221779	1.643556	0.012670	-3.086712	-4.541792	0.015165	3.515870
-1.633091	0.206902	0.864027	-0.236910	-2.606161	-7.592369	0.541040	2.373701
-0.659753	-1.835511	-2.668622	-2.516603	-2.381306	-5.060020	-1.126594	1.311047
-2.918503	-1.519815	-1.844192	-2.076606	-3.253145	-3.478147	-0.741637	-3.900089
-2.188644	-2.098512	-1.733782	-2.132321	-3.600778	-1.360449	0.158310	-2.069108
-1.636075	-1.242201	-1.323290	-1.542847	-2.686305	-1.441627	-0.775052	-4.964506
-1.218298	-1.323281	-3.581317	-3.941383	-1.804124	-1.109283	-1.299723	-3.464385
-3.097912	-2.655654	-3.565360	-2.371430	-0.893934	-0.776616	0.238596	-1.505141
-2.303220	-1.848418	-1.679420	-0.893086	-1.113835	-1.804228	0.126105	-0.293375
-0.966321	-2.005072	-1.972095	2.013347	-0.682325	-0.427118	2.940403	-0.704185
-1.837218	-0.898818	-0.507884	2.056171	-0.448504	-0.434388	2.050592	2.594731
2.291891	-3.913255	0.979113	1.660686	-0.733171	-1.905438	0.505270	1.591173
3.712703	-0.571882	1.947698	0.036793	-1.535624	-2.281268	0.316837	-0.064157
4.544218	-3.507300	0.434771	-0.307709	0.742936	-0.605779	-0.753106	1.624442
5.176235	1.637193	-1.298766	-2.255019	1.544111	1.801428	-0.916761	2.802671
3.746554	-2.441105	1.738886	-1.003636	3.929003	2.794854	-0.398427	3.588531
3.321672	-0.418092	2.970930	-1.247560	4.266810	1.576596	1.310695	5.131124
5.024691	0.253732	5.137767	-1.265191	3.265336	2.261056	-0.002094	2.214250
4.806607	-1.539133	4.405096	0.704672	1.786780	1.271032	-0.084196	1.103712
4.511622	-1.868286	4.991519	0.138030	0.456543	-2.327175	0.959290	-0.734091
1.780333	-0.687128	4.924938	0.861882	-1.977174	-1.104767	-1.114938	-0.663157
1.447240	-0.824858	1.911652	-1.553570	-4.089169	-6.826544	-1.399578	-2.295684
0.337341	1.243424	0.667163	0.228074	-2.881042	-6.042107	-1.161832	1.712728
-0.644563	2.599418	0.379772	-2.207985	-1.589992	0.232245	-0.721799	2.275881
-2.864574	4.437226	0.415381	-1.887847	0.244582	3.351611	-0.222881	3.618175
-2.863793	3.452447	1.758788	1.059789	-0.636719	2.758491	2.884123	2.330413
-1.630220	3.109081	4.937897	-0.064477	-0.720895	2.036083	1.677112	0.830995
-0.433958	2.139729	4.479508	1.805356	1.530356	1.267089	0.185485	-1.887978
1.602494	0.504892	4.698521	0.133389	1.621934	-3.019594	0.985343	-2.545105
2.119234	0.079769	5.467838	1.764422	3.834240	-1.438364	-0.284116	-1.178684
2.246261	-1.083539	5.334460	2.936156	5.557276	0.703578	0.600709	-1.076514
0.321875	-2.740431	3.243187	3.134792	4.071442	2.960231	2.894516	1.501205
0.253174	-1.242308	4.273721	-0.287369	3.459839	2.072495	4.795806	3.344575
-0.771143	-0.026669	2.962362	1.545872	3.018067	1.433770	3.968378	0.964597
-1.709376	-0.208913	3.276912	1.258617	3.453028	2.512055	3.831431	2.473272
-1.182027	-1.030240	4.928572	0.653267	3.066723	2.622051	1.235965	1.133101
-4.165697	0.178850	6.475242	2.386923	3.303352	0.750657	2.060679	1.406185
-2.014487	5.059358	4.206723	1.170784	2.344716	0.648773	0.657873	0.610626
-4.764597	5.642884	2.869317	1.089153	0.938716	0.995198	1.563047	-0.297377
-1.415129	2.624828	2.485824	-1.418271	-1.451947	0.553833	-0.759702	-1.116121
-2.326883	4.529092	-1.566855	0.187514	-0.742673	-2.300723	-0.980572	-3.131606
-2.549362	4.310774	-0.181319	1.437308	0.300340	-1.210770	-0.854665	-0.176631
-1.485565	2.685177	-5.142467	4.004313	1.769192	-1.327808	2.197019	0.008006
-3.329995	0.755600	-7.069197	1.902928	0.998184	1.119663	0.413279	1.081004
-1.802751	-0.736957	-2.711410	1.029355	1.641616	1.418543	-0.885886	-0.929634
-1.334435	1.028408	1.098296	0.817896	1.333490	2.256231	-0.981176	-0.497208
0.219251	1.091794	4.350222	0.186949	1.023007	0.995928	-0.593292	-0.409216
3.109108	2.657303	3.575168	0.860718	0.293166	0.300133	0.146266	-0.207059
3.024933	1.603233	4.364036	1.281201	1.977069	0.123346	-1.419604	-0.299135
1.733126	0.510887	2.271726	1.455501	0.732716	-0.274532	0.325397	-1.571044
1.634786	-0.393136	-2.170961	0.676019	0.362308	1.954098	-0.752430	-2.958883
0.563411	-1.310035	-5.711823	-0.712946	2.288447	2.810636	0.810513	-1.424953
1.252201	0.026190	-7.679061	2.093308	3.296031	8.263882	1.547226	1.452847
2.729354	-0.795859	-7.297472	4.857083	4.563163	6.053337	2.215507	1.974619
3.388069	-1.348484	-4.635957	4.340978	2.234943	3.429200	1.559656	2.097762
2.538446	-0.168883	-5.536915	4.712695	2.841171	-1.329629	2.068672	2.886679
4.167683	0.226844	-1.644344	2.297335	1.318748	-1.432149	-0.477946	3.161169
2.934479	2.032098	2.008856	1.841699	-1.290925	-6.367461	-1.588998	1.727333
-0.174667	3.592180	1.023986	2.053487	-2.876948	-9.421265	-0.953386	4.417873
0.917643	2.937889	0.587346	-2.154199	-4.951120	-7.727259	-1.731811	2.119488
-0.613090	1.323026	1.576638	-0.917559	-1.596640	-5.565845	-1.923573	1.798980
-1.923868	-0.183409	-0.097337	-4.958891	-3.536909	-2.277222	-3.993274	0.939649
-1.051293	-2.139914	-0.696380	-3.737594	-1.816825	-0.968290	-4.453813	0.379396
-1.968566	-0.004090	-2.551488	-3.386568	-1.590988	-1.511248	-2.529794	-0.597978
-1.250487	1.261465	2.078238	-2.053712	1.289003	-0.288797	-1.004615	0.666827
-4.400857	1.942449	2.658799	-0.474624	2.717247	0.825063	-0.230179	-0.706389
-2.864778	1.172165	3.453797	0.314196	2.643947	0.610434	-0.468486	0.581177
-2.512451	-0.728187	0.384831	-1.293450	1.216201	0.423215	-0.696338	-1.403477
-2.491977	0.839492	-3.542997	1.208038	2.091210	2.282106	-0.254135	0.041250
2.306943	-0.106896	-5.463587	1.661761	5.298275	1.681607	-0.620078	0.321660
-0.512992	0.103449	-7.777638	3.296220	3.030997	1.288520	1.389631	1.839352
1.548317	-2.082673	-6.925050	1.548916	0.657875	0.543644	1.047291	-0.500372
-1.067931	-0.164761	-3.047721	1.179350	-4.837591	-2.696320	0.511402	-1.967913
-0.378338	-1.418715	-4.288051	-0.070076	-3.115398	-4.657973	-2.527339	-0.563470
-0.549504	-0.235334	-1.432440	-2.497563	-5.605649	-8.086213	-1.976831	-2.142742
-3.298931	-1.789917	0.553013	-3.244508	-4.607141	-3.737340	-1.416476	-2.894429
-3.196819	-1.911165	-0.328790	-3.931012	-1.901975	-2.909654	-1.247676	-2.488832
-3.394769	-0.736277	0.450949	-3.558273	-0.980251	-3.387455	-0.879731	-2.650548
-5.228384	-1.062152	2.618133	-0.530890	1.108332	-0.280842	-0.249143	-1.596478
-1.916163	-0.801490	3.885762	0.732137	3.678774	1.127385	-0.091213	0.005078
-2.320808	-2.147290	3.063436	-0.094990	2.776775	2.029827	0.046458	-0.679080
-2.000820	-1.328952	0.897856	-1.454771	-0.768564	0.587884	-0.903232	0.071050
-3.231000	-2.754876	0.909122	-1.136504	-1.448644	-1.392442	0.652817	-2.437433
-1.708349	-0.019961	-2.691765	-0.879690	-2.095565	-3.764553	-1.996696	-0.668329
0.669432	-0.957907	-0.115304	-2.093726	-0.141226	-2.927747	-0.705674	1.772363
0.559542	-0.381813	0.882605	-1.895512	2.542873	1.645276	-2.701318	2.531743
1.750980	-1.626879	1.856163	0.634153	2.920532	5.240418	0.965572	4.501911
0.307544	-1.176404	4.029770	2.189469	3.589451	4.484077	0.931494	3.102067
-2.801165	-0.207789	3.132726	2.361238	3.192730	4.024356	2.371747	3.050812
-3.067950	-0.841332	2.899133	1.690660	-0.648431	2.052555	-0.448571	3.040145
-2.468812	-1.329633	3.028491	1.506536	0.319268	-2.245727	0.524339	0.082367
-0.182151	-0.942992	3.724200	0.705667	-3.158074	-5.459187	-1.375224	-2.246722
3.503432	1.008891	1.966060	0.752754	-3.132055	-7.669026	-0.603962	-2.074423
5.190936	2.504417	2.139473	-0.774402	-1.735676	-5.037143	-4.163776	-0.796335
5.357859	1.125787	3.588938	-0.013402	-1.388638	-1.601237	-2.797067	-0.275959
2.446700	2.988400	1.898157	1.565257	0.613660	0.896293	0.597063	-0.905793
2.351860	1.514357	-0.446271	4.636274	-2.343383	3.615347	-1.314988	1.034961
-0.781665	0.837259	-4.034045	0.994950	-0.616467	5.220826	0.479380	-0.859996
-1.857673	-1.000595	-6.224164	3.672087	0.513709	1.741030	-1.494535	2.821735
-1.714267	-0.640204	-9.915528	2.389185	0.832843	1.297062	1.655866	4.555655
2.280152	2.304233	-6.124537	3.430144	2.853037	-2.753180	3.018581	1.775663
2.379285	3.524315	-0.988690	5.829365	1.713088	-2.924393	1.606608	5.157959
2.825828	2.869643	0.096213	4.114349	1.998898	-1.993477	1.294547	3.562744
3.355883	1.101418	0.613873	6.238896	0.677365	0.907468	1.496695	2.732716
2.274447	2.681839	-1.063711	4.688407	2.468690	-0.186456	-0.434848	0.808375
0.936120	0.035907	-1.141236	2.453383	1.182572	-0.386849	-1.401084	-1.158177
1.493001	-1.155378	-0.109904	1.569923	-2.647990	-0.833009	-1.713115	-1.905343
1.682189	-1.053416	2.274986	0.802530	-2.791495	0.328064	-0.606142	-1.028022
-0.365417	-1.223706	3.095435	0.367402	-3.101244	-1.822829	-2.433467	-3.253615
-3.420819	-0.242348	0.593644	-3.087759	-1.997638	-0.767387	-1.861991	-0.684221
-0.341116	-1.423941	0.622711	-0.924952	-3.363976	2.646291	-1.551915	-3.334341
-1.257810	-3.076387	-2.406261	-2.214578	-4.647361	3.433106	-1.878941	-4.451976
-2.761501	-0.398484	-2.171474	-3.048936	-3.266091	4.668259	-2.303171	-2.146225
-1.864992	-0.077732	-2.829726	-2.633526	0.370832	7.129051	-1.733005	-1.627890
-0.209482	0.897669	-2.595116	-2.913947	1.466508	5.626583	-1.440947	-0.682271
-1.960272	-0.751381	-2.093946	-3.596098	-0.604863	4.332555	-1.440096	-1.090067
-1.436363	-0.967282	-1.221214	-2.345980	-1.007483	3.276369	-0.274655	-0.328580
-2.789557	-2.140933	-1.141919	-2.941492	-1.542352	3.795827	-1.316225	-1.810511
0.332246	0.011765	1.089838	-1.761834	-1.834070	1.643328	-0.261907	-0.370558
2.137946	-1.589586	1.799757	-1.086405	2.312961	2.608074	-1.661104	-0.613024
2.487540	-1.489788	1.657140	-0.283006	4.418242	2.019066	-0.672816	-1.622909
-0.418771	0.501160	3.269986	0.616865	5.309871	2.619106	0.224355	1.841387
0.331612	0.704659	4.018597	0.188007	2.375547	0.585794	2.624307	1.797464
-1.892713	1.278608	5.203372	0.056420	2.620870	-0.586569	1.035739	3.228020
-1.454746	-0.469793	2.366711	2.883605	1.574140	-2.347181	0.809649	-0.593445
-0.692488	0.209057	4.478816	-0.056939	-0.520045	-0.353641	-1.189164	2.494469
-0.595439	-3.048942	3.664486	1.393390	-1.467386	0.910251	-0.261901	0.253160
-0.520602	0.106309	2.615922	-0.459710	-2.202183	1.499498	-1.156165	-1.730372
-0.914875	-0.538990	-0.466976	-0.948338	-3.213138	2.631099	-1.011956	-1.915027
-2.656961	-0.465137	-2.981308	-2.280093	-3.936150	2.412758	-3.756877	-2.784807
-2.966259	-0.630234	-4.207072	-3.386477	-3.071022	-0.874126	-3.303129	-1.782612
-3.406071	1.925120	-1.049068	-1.081488	2.345747	-1.434552	-2.525112	-1.326642
-3.271498	4.373125	0.439903	-1.936627	5.167254	0.601083	1.304170	0.958500
-3.164340	2.956781	1.927942	-0.084895	2.168700	3.494779	2.464317	0.064616
-0.080897	1.166187	2.469850	-1.665290	0.514983	2.984338	1.429128	2.607603
2.067628	-0.846456	3.383427	0.650586	-0.068398	4.426661	1.598700	-0.931539
1.047536	0.801252	1.183274	-1.782466	-1.063444	0.004549	3.925333	0.341789
1.050726	-2.366489	0.807190	-0.911246	-4.293056	-1.838596	5.748125	-2.232813
3.201597	-0.343280	-0.971023	-2.280255	-0.859134	-5.886474	1.866774	-2.213147
3.217649	-0.972220	-0.643566	-0.279693	1.313119	-6.572982	4.158978	0.787087
0.867180	-0.212910	0.151163	-1.407360	1.917903	-3.822520	2.435438	0.044187
0.336090	-0.029149	0.791064	-1.382957	0.708417	-0.868486	3.240250	-0.219947
1.721078	-1.878738	0.487437	-1.109583	-0.643741	-0.230379	-0.603286	-0.648516
2.490544	0.050423	1.513582	-1.398539	-2.547071	0.926702	-0.213272	-3.026322
2.045687	-0.513665	-0.170999	-0.521026	-3.915675	-1.378240	-2.637710	-0.986264
3.245607	0.563096	1.752693	-1.580243	-4.870553	-2.593506	-0.605200	-0.999144
2.407402	-0.532093	0.937359	-0.542591	-1.694608	-3.980592	0.991856	-2.135664
1.034471	-1.278332	0.110900	-1.473571	-3.122840	-2.461098	1.853156	-1.002323
-0.915584	-1.748521	-0.204484	-1.902083	-1.176451	-3.691423	3.938799	-2.457324
2.549334	-0.360461	-1.434192	0.426572	-1.463941	-1.472265	1.180184	-0.909867
-0.589375	-2.015053	-3.011824	-2.149905	1.899087	1.653278	0.945609	-0.150353
1.076788	-1.079895	-4.167479	2.860884	2.608333	3.163006	-0.521827	0.825717
-0.760177	-1.321088	-4.940357	3.484339	5.247896	3.492922	1.015075	2.603942
0.772730	1.768068	-5.377357	5.674259	3.945373	1.417227	0.944013	3.591220
0.771507	2.743971	-0.980378	3.807244	3.195864	0.813522	-0.456314	3.756351
