X1	X2	X3	X4	X5	X6	X7	X8
-0.880144	1.748939	-1.594046	-2.719242	-0.694974	-2.448376	-2.430024	-1.513121
0.229891	1.643065	-0.624424	-2.260478	-1.875782	-0.907358	-1.297108	-0.718065
-1.844164	-1.123771	-0.497698	-3.030901	-3.406934	-3.480380	-2.012702	-1.744028
-1.706609	-1.269868	-0.573167	-2.023912	-1.147730	-2.039644	-0.936007	-2.504911
0.205055	-1.628425	-1.863333	-3.185013	-0.730371	-2.002051	-1.441024	0.597786
-1.177772	-1.453442	-0.981294	-1.538904	-2.507858	-2.953004	-1.067353	-0.868938
-1.203589	-0.603719	0.087750	-0.740986	-1.326390	-2.084005	-0.461596	-0.532183
0.086401	0.019346	1.128998	-0.412460	-1.216667	-2.456354	-2.269854	-0.956548
0.373000	-0.420748	0.827653	-1.040426	0.156709	-0.981853	0.702973	0.740064
-0.756594	0.272901	-0.768787	1.097615	-0.213361	-0.704206	-1.345016	-1.070945
-1.048180	2.595993	-2.823921	2.764762	2.272322	-0.818512	-1.035623	0.280624
0.111741	3.789328	-0.045649	2.492513	0.422057	0.517825	-1.121148	-2.407331
-0.570932	3.123807	-0.142970	0.939369	-0.864255	-3.235696	-1.880492	-0.396708
-1.215198	-1.591569	0.139216	-2.615672	-2.495716	-0.231078	-0.585657	-1.486509
0.751141	-2.675100	0.804010	-2.584111	-3.447826	-2.694621	-1.403242	-2.958734
0.611786	-0.128785	1.000710	-4.105949	-3.368185	-2.644729	-4.201751	-2.267684
-0.903464	2.319876	-1.810281	-1.993186	-1.879794	-3.039602	-0.774682	0.140042
-1.345810	2.817585	2.186236	-0.446724	-0.880554	-2.276344	-2.007938	-1.233658
-1.749852	6.530141	2.241461	2.250236	1.134034	-2.075255	-1.585720	0.755016
-1.599990	5.406245	4.710695	4.842693	1.732070	-1.402039	-1.843928	1.345965
-1.351026	2.851099	4.033838	2.708746	-0.717947	-2.092398	1.066436	1.713786
-0.680559	0.519102	3.414490	1.008295	-1.144017	-2.883732	3.184171	0.556980
0.607710	-4.006345	1.188952	-1.546863	-1.319042	-0.221446	4.552277	0.553847
2.236579	-7.239541	-1.380576	-2.801928	-2.474822	-1.424740	3.842551	-0.082015
-0.467850	-3.468286	-0.455994	-2.723601	-2.059759	-2.356417	3.265593	-3.375405
1.423921	-0.333279	-0.856602	0.539816	-0.468552	-2.712879	2.237901	-1.333025
1.212691	-1.134519	-0.236899	0.693422	-2.406203	-0.386129	0.999675	-0.803774
1.381460	-0.681705	-0.081885	3.320716	1.068286	-0.031669	0.484913	-1.238153
-0.019273	0.579462	2.904340	1.140897	0.040816	-2.233901	-0.747785	-0.335764
2.256992	-2.065316	2.939477	1.119863	-0.188415	-1.004227	-0.340222	-0.748006
0.486254	1.164061	3.041525	-0.902886	0.195692	-3.076949	0.147601	-1.965979
-1.465289	4.151993	1.399785	-1.596853	-1.658464	0.858529	-0.400916	-3.661486
-0.801935	0.123683	0.327357	-2.073538	-0.208284	0.216505	-2.853375	-3.720825
-0.126187	2.505829	0.484742	-2.047342	-2.327470	1.971278	-1.817277	-1.797198
-0.010045	-0.345367	1.054840	0.498632	-2.613022	2.204844	-0.668524	-0.277705
1.275690	-1.361104	-2.527150	-0.716517	0.599759	2.087602	-1.945017	1.683954
0.635018	-1.781383	-2.511127	0.585911	-1.992530	1.646848	-2.566256	2.876477
0.193437	-1.696602	-0.231390	-0.133887	-2.398488	-0.376319	-1.150544	1.598664
0.491347	-1.448760	-2.282140	-3.900711	0.320482	1.138697	-2.534682	0.384514
-0.127752	-0.601757	-2.407876	-2.862764	0.877079	0.291594	0.277729	0.156327
-1.115563	1.716607	-0.919299	-4.149146	3.300602	1.943970	1.419088	0.781202
0.271716	0.874434	-1.901007	-2.315360	3.272050	3.685122	0.474394	0.520139
-0.661019	-2.163377	-1.163101	-0.266106	4.613921	5.009648	2.894544	1.782237
-1.431767	-0.560124	0.582619	0.147414	4.353414	3.947044	0.726138	1.102196
0.216271	-0.804307	1.182054	2.279698	1.791326	5.058508	0.921173	1.243314
-1.383906	-0.872524	-0.805996	0.514444	3.834058	3.747538	0.615650	0.772191
-0.445299	-0.797977	-3.445232	2.657352	3.471607	3.718931	1.317666	-0.401874
0.364691	-1.877563	-4.236252	5.413019	2.514272	4.421083	-0.851780	0.105119
2.699063	-0.992782	-3.108558	1.678545	-0.085850	3.739593	1.881410	-1.946531
1.442417	-1.112634	-2.667348	-0.037273	-1.463558	1.080958	2.809836	0.388576
0.066350	-0.574217	-2.675623	-1.483237	-3.222656	4.328974	1.399995	-3.179862
-1.746037	-1.234632	-2.371082	-2.335547	-5.287644	3.518639	0.658487	-3.057444
0.335954	-1.114577	-1.532026	0.809594	-3.764625	3.025951	1.898509	-1.764072
-0.893578	1.506647	0.259146	0.047385	1.093000	1.349407	-1.184340	-1.287147
-2.433834	-1.865957	-1.835067	-0.380576	0.417129	0.728202	0.946040	-0.914168
-0.179615	0.321010	-1.317864	0.771810	-0.789839	-2.854564	-0.991054	-1.250738
-0.451521	1.598049	-1.257344	-2.375060	-2.341906	-3.166995	-1.507823	2.013945
-0.740254	0.481660	-0.235309	-3.499886	-2.802675	-5.202394	-0.572869	3.569378
-1.964416	1.289645	0.683341	0.500329	-1.494547	-5.106164	-3.236693	4.336762
0.550594	1.502604	0.981408	-1.329516	-1.074623	-2.927408	-2.423296	3.573795
-0.175926	1.382337	2.870091	3.337376	0.330394	0.254572	-2.554481	1.401677
-2.817378	-1.882855	2.223890	1.022205	1.016702	3.512172	-0.385348	0.592506
-0.076462	1.979230	3.887405	-0.094132	3.467600	3.598590	0.652401	2.984284
0.261920	4.026691	0.961136	-2.265136	4.524586	5.168022	-1.590335	4.422407
0.188868	2.079629	2.648783	-1.040209	4.338257	5.467966	1.027641	3.087577
2.921281	1.050645	2.833246	1.504447	3.385212	4.235619	3.976329	-0.006908
4.466056	-0.747861	-0.223376	2.022830	2.966549	4.194977	2.066326	4.404851
3.210794	-3.298988	-0.845881	3.993939	2.692566	0.133538	3.702932	2.989254
1.295492	-3.371135	-1.513070	4.374472	3.480960	1.678799	2.281745	2.881199
2.019850	-1.982302	-1.755344	3.810427	-0.156570	-0.131144	2.603063	0.675087
-0.823933	-1.895288	-3.325202	2.935602	-0.727427	-4.142693	2.917185	1.754016
-1.057159	-2.528693	-4.984544	2.916395	0.399088	-2.668651	3.649610	-0.354514
-1.357528	-1.914915	-2.768271	0.453805	-1.225927	0.633178	0.727934	-0.705805
-1.509243	-0.833655	-0.400382	-0.565370	-2.150876	-1.540908	-0.308741	-2.316456
-1.501504	-0.641411	1.124322	-2.264532	-3.514159	-2.505813	1.728280	-1.965470
1.969888	-0.101183	-1.113858	-2.931683	-2.715879	-2.025239	-1.701502	-2.845545
0.878931	-0.112571	-0.098423	-2.540925	-1.544038	1.416510	-2.130089	-3.501384
-0.678175	-1.203673	1.161126	1.235341	-2.247638	3.306832	-1.967984	-0.644287
-0.936132	0.944910	1.108291	3.221612	0.285018	1.774223	-0.257587	-0.634055
-1.122742	-2.580820	3.654570	4.004988	1.135029	5.324880	-0.358900	0.174111
0.137795	0.990537	4.048164	3.038365	0.095692	0.138100	-0.230724	-0.077289
0.302178	2.773281	5.890872	2.344843	-0.589596	-3.279620	-0.690961	-0.620757
1.686605	4.251114	3.932994	1.424519	-0.422235	-0.203883	-1.168413	-1.585292
0.208374	4.438435	4.008930	0.911192	-0.596729	-4.479592	-1.155982	-2.523296
4.426086	4.038246	4.673681	-2.008641	-1.424680	-4.252750	1.892533	-1.752570
3.298438	3.734847	1.944445	-4.171080	-2.893689	-1.849260	2.052228	-2.604315
2.153629	-1.482662	3.401822	-0.241528	0.200040	0.334574	2.355503	-0.672731
-0.690341	-3.162579	-0.529387	0.882213	1.997205	1.580950	2.280355	2.928481
-0.879875	-4.736105	-0.666484	3.215142	3.303105	2.109764	3.810584	4.310020
0.709627	-4.096738	1.244533	5.487456	4.729437	3.374314	3.556888	6.220085
0.177264	-1.838879	-0.479338	3.744755	5.005399	2.907196	3.066466	5.447576
2.900134	0.276874	3.248903	3.178636	5.136787	2.980508	4.685815	8.859191
1.398036	0.181221	1.006157	1.777297	3.976002	3.979446	0.932635	3.271029
0.189468	-1.022337	1.161622	-1.231263	4.186338	4.098707	1.670323	5.568991
-0.479869	0.864100	1.046299	1.683654	4.468596	3.871388	2.329380	2.074974
-0.972178	-1.560968	-3.161913	1.229746	4.080872	3.396886	2.519802	-1.529722
-1.514460	-2.929839	-4.404614	3.014011	0.614563	1.955698	-1.134710	-2.747297
-0.978716	-0.308713	-4.479005	3.904048	0.413169	1.262422	-0.125560	-3.256753
-1.883447	-0.510090	-6.542784	2.075855	1.493885	-0.694847	-0.716748	-2.058991
0.311145	-2.123169	-5.035954	1.747231	1.032611	-1.581810	0.733025	2.606789
-0.919539	-0.347849	-2.246714	0.824673	0.231044	0.573928	0.322057	2.778186
-0.499703	-0.546730	-3.875164	-1.701521	1.542181	-1.810534	-0.809654	3.044598
-0.678446	-0.556012	-0.465405	-1.005951	0.179321	-2.569401	-0.264408	1.875526
-1.909670	-1.352193	-2.575537	-0.035020	-0.461440	-0.781074	-0.231308	-1.640033
1.934123	1.140426	-3.930261	1.671471	0.677597	0.719643	-1.460554	-1.719678
2.807034	0.039446	-0.476676	3.335020	-0.671671	-0.383553	-1.890247	-4.247711
4.061660	0.048069	0.566917	0.789826	-0.137745	-1.757865	-1.808491	-2.501132
2.170801	2.902793	2.424817	-0.216313	-2.426629	-0.819795	-2.319284	-3.518644
3.067755	6.924021	2.815925	0.792600	-2.423523	0.637953	-0.626729	-2.119545
2.869621	5.786451	2.254240	1.721366	-1.290632	0.402277	-0.259328	-1.397838
0.387399	4.583486	1.096461	3.412281	0.360944	-0.343827	0.436319	-1.225723
-2.735714	1.468425	3.033189	3.229345	0.639102	-0.172960	0.421010	0.899498
-3.538517	0.879669	-0.199278	0.657356	2.788339	-0.990927	-0.088355	-1.680175
-2.222212	-4.053881	-0.101638	1.859312	0.955854	-3.079629	-1.015779	-1.093442
0.320300	-5.031426	-1.075294	0.906812	2.194044	-3.030570	-0.977763	-1.392106
0.663418	-4.524564	-2.033845	2.434155	1.202508	0.241548	-1.384907	-0.780567
2.908941	-2.680295	-0.387091	1.320638	0.906242	-1.206978	-0.620912	0.647174
3.190268	-0.068618	-0.766833	-0.058139	3.782446	1.076849	-0.112181	-1.262883
4.758398	0.023766	-1.238371	-4.208079	4.696216	1.576326	0.130285	2.559160
0.116330	-0.417141	-0.198906	-2.868582	2.309151	2.040652	1.825887	0.619302
-1.316637	-0.372039	-0.941237	-1.676750	3.162348	1.953622	0.842721	2.124442
-2.493904	0.718772	0.672634	-3.083184	4.227005	2.461935	1.132789	1.885779
-2.205871	0.428894	0.233208	-1.497286	2.961021	3.085687	3.667287	3.521813
-0.807641	1.654226	-1.607416	-3.266458	2.650993	4.878777	1.042715	0.561642
-0.012212	-0.317232	-0.169739	0.059101	3.209720	4.082302	-1.291028	0.384565
-2.559588	-1.635677	-0.934660	-0.543413	1.177698	4.495659	-1.879042	0.241382
-1.219168	-1.723811	-0.257580	-0.936500	0.776627	2.900845	0.969970	-0.114509
1.057947	2.872767	-0.161299	-1.579561	-1.783996	3.099659	-0.420192	-0.264409
-0.392844	1.977659	1.314882	-1.347298	-1.809973	1.728597	1.030770	-3.740918
-0.557042	4.906464	3.551563	-0.806211	-3.284006	0.961857	2.337957	-2.500538
0.423053	5.825883	4.625143	1.623397	-1.443096	0.267537	0.242966	0.114131
-0.159061	2.374516	2.148823	-0.536875	-0.489746	0.487835	-0.563702	0.739487
0.329516	1.357463	4.683002	0.373873	-0.018158	0.673148	1.706950	3.706729
-1.664217	-3.370574	2.521579	-2.037661	-1.121432	2.923773	0.528122	3.206656
-0.089360	-6.138195	3.665655	-3.618477	2.036128	2.466709	1.212614	0.853668
3.762685	-3.887300	-0.090171	-2.527378	2.733621	0.191152	1.904323	-0.582337
4.111918	-0.196789	0.088200	-2.928164	2.841145	2.053202	-1.218350	0.005740
6.324138	-1.410561	0.202068	-0.575336	4.113099	0.827955	0.819493	0.146698
4.459746	0.394485	0.943234	-0.491796	2.722580	1.982010	0.705652	-1.401264
2.153139	-0.744851	0.754596	-0.249144	2.384588	-1.552535	-0.311174	-0.759147
1.944318	-0.295569	-1.493545	-3.233981	-1.589581	1.407916	-1.172786	0.906049
0.482981	-0.114668	-1.291891	-2.662809	-2.311727	0.594863	-0.549685	1.287021
-0.049771	-1.139247	-1.948640	-4.165828	-4.832651	3.259903	-0.958471	3.974969
0.576661	-2.524907	-0.579195	-1.754639	-4.810357	3.502334	-0.637846	2.794492
-0.203724	1.010353	0.690847	-0.295644	-2.894245	3.386054	-2.386710	2.406788
-0.172027	2.000533	1.939982	-0.367842	-3.110917	2.920861	-1.356863	2.100257
0.455653	-0.477365	-0.707287	2.651664	-2.947474	0.203954	-1.712107	0.949698
-2.040985	-2.607942	-0.714062	-0.389526	-0.882918	-1.521171	-0.750842	-4.652391
-2.356742	-0.847298	0.275357	-0.984212	-2.734150	-2.946413	-1.568868	-3.766010
-0.431318	-0.726031	-0.656231	-1.271796	-2.301873	-4.040076	-1.821687	-4.408461
1.609186	-2.860741	-2.475124	2.349021	-0.589586	-4.023261	-1.101799	-1.498745
-2.454329	-2.217929	-1.237725	2.348940	-1.322793	-1.938370	-0.040805	-1.628863
-0.906064	-2.556293	-1.994732	2.403059	1.869707	-1.283004	1.376596	-1.157915
-3.525220	-1.680933	-2.405647	1.908577	2.666211	-0.115066	1.626702	1.380096
-0.464097	1.860650	1.556332	2.766293	1.534018	1.405144	3.336812	1.916970
-1.564895	4.159859	0.870302	2.442408	3.666227	-0.080876	1.005427	-1.002194
-0.796715	3.764292	4.927565	3.984720	1.923137	-1.633129	3.004146	0.488502
-1.897156	3.145851	2.271519	3.785129	-0.433853	1.269485	0.408168	0.376758
-1.155419	3.063535	5.185366	2.680134	-1.436746	0.376564	-0.571208	-0.848528
-0.257404	3.722545	4.581604	2.177935	1.041559	-2.414994	-0.437480	-0.192257
-1.374811	4.936982	3.848833	1.133830	-0.622340	-1.097989	0.692649	-2.486729
-0.894641	7.426346	3.703154	-0.443680	-0.229045	-1.446324	1.849679	-1.206947
1.388206	5.103836	4.181965	0.478704	2.654944	-0.710299	3.566611	1.145189
1.551631	2.469054	2.837068	-0.737719	2.816826	1.337484	1.102244	1.806578
0.836333	-1.748500	0.295961	-3.211449	1.691700	2.035824	1.941277	3.897219
-0.050188	-3.294326	-0.917055	-1.376487	-0.637136	-1.215180	0.356710	3.700910
-1.484332	-0.411823	-2.953881	-1.077232	-2.533282	-0.952030	0.304342	1.275651
-1.232499	3.923008	0.466184	-2.741686	-2.884139	-1.344027	0.308275	-0.203461
-2.354889	1.561669	1.497639	-0.309349	-4.238808	-3.252371	0.603806	-3.342125
-1.881103	4.463659	0.413384	-0.661020	-3.613090	-3.949565	1.810737	-5.471043
-2.073539	1.240678	0.510419	-0.399302	-2.849186	-1.866808	0.707166	-1.817117
-0.217699	1.674028	-0.993557	-0.784993	-0.193797	-1.774402	-0.519507	-4.110146
0.127719	1.043808	0.704058	-1.876394	-4.188323	-2.593748	0.270119	-1.650134
-0.162286	-3.342581	-0.837638	-0.521805	-2.832665	-3.016547	-3.081358	-1.887779
-0.310215	-2.305240	-2.752744	-2.934228	-2.445224	-3.192300	-2.908037	0.999815
-2.161966	-3.227467	-0.558460	-1.065261	-0.802901	-3.198607	-2.706418	4.191849
-1.420739	-0.193263	-2.386587	0.149395	-2.199296	-1.460269	-2.309101	3.354120
-1.260036	-1.467327	-2.859924	-0.385961	-3.664209	-0.870588	-1.324987	1.896329
-2.151554	-1.484459	-0.895572	-2.704128	-2.067942	-3.102764	-1.556777	2.373673
-1.228195	0.197341	-0.478231	-3.803807	-2.516295	-1.237297	0.945431	1.400352
-1.856758	-0.649027	-0.005500	-2.017297	-3.912568	-2.488288	-2.989964	2.192364
-1.342342	-3.219062	-0.483980	-1.842600	-0.301663	-4.125539	-2.568862	1.789609
-0.615048	-2.387264	-2.081970	-1.222614	-1.544478	-4.418248	-0.411963	4.124185
-1.496675	-2.356432	0.794728	-3.433341	-2.355116	-2.238618	-2.355568	0.734591
-1.635724	-0.531368	-1.031383	-3.663580	-2.570176	-2.841649	-2.517876	-2.694773
0.281607	-2.198870	1.297494	-0.070531	-4.638459	-3.481140	-2.071188	-3.482410
-2.794882	-1.151338	0.521161	-2.739594	-2.322365	-0.538394	-3.277102	-1.510920
0.288008	-0.300673	-2.035083	-2.769970	-4.918494	-2.015109	-2.196821	1.874095
-1.427922	-0.169773	-0.322637	-1.898258	-3.068147	-1.032586	-3.091442	2.996735
0.472429	-0.275040	0.413398	-0.571558	-2.138724	-1.313026	-3.613867	3.557099
0.491960	-1.303572	-1.751777	0.963929	-0.084225	-2.178730	-2.563296	6.149785
-2.172627	-1.648969	-3.974363	1.731304	2.336550	0.278204	0.029673	4.895193
-0.379033	-1.100832	-1.713359	5.586968	0.141599	-1.617226	-1.900862	3.757520
-1.775057	-1.641960	-5.232265	3.582219	2.820325	-1.523320	-1.201901	3.805567
-3.289199	-1.668653	-4.219782	4.021158	1.283325	2.632422	-1.492142	3.703132
-1.259058	0.627688	-3.259309	4.228685	1.963300	3.061500	0.138913	1.894514
-0.457134	-3.107535	-3.854745	4.169801	0.616750	4.983214	-1.315734	-1.846888
0.103874	1.277677	-2.572792	-0.731095	3.078075	3.590863	0.876315	-1.094675
-1.490935	4.201924	-0.101349	-1.286302	3.938475	2.832448	0.118062	0.522951
-0.454859	5.037407	2.151284	-3.636221	2.645750	2.702368	-0.047594	-1.067209
-0.564798	4.228024	0.951908	-2.114351	1.931200	0.644624	1.113347	1.171042
0.095748	3.785277	1.397921	-1.476191	2.694624	-0.943084	-0.414414	0.225804
-1.545121	3.645665	0.228426	-0.935542	-0.447976	-1.199557	-0.199678	-2.729924
-1.838503	-1.006411	0.120821	-1.260904	-1.515102	-3.467793	-1.433144	-1.374744
-1.911898	-3.830752	-0.884994	-3.736776	-5.263352	-5.237295	-2.290212	-1.948155
-0.530606	-3.510857	-1.368417	-1.844257	-3.364627	-3.373560	-0.316583	-2.653360
-1.328426	-3.311628	-1.072450	-0.014449	-2.080226	-4.009389	-2.117755	-2.468359
-0.286959	-0.126363	-2.714991	3.074950	-2.362649	-1.762081	-2.110328	-2.853553
-1.252102	-1.389462	-4.998242	3.527540	-0.000097	-0.463537	0.770396	0.542856
-1.945956	-0.821927	-3.360601	1.020221	1.155932	0.295643	-0.689780	1.305769
-0.873620	0.710244	-2.551268	4.006893	-0.588863	-1.963139	0.052542	1.695784
-0.092095	-2.123050	-2.642244	0.681157	-2.341181	-1.903584	-2.063837	4.898599
0.409222	0.855090	-1.772129	-2.918087	-2.160423	-1.935291	0.363683	-1.296185
-1.202870	-1.706734	-3.379821	-3.074839	-3.262586	-3.293260	-1.890498	-2.722670
-0.573070	-0.854324	-1.019522	-4.925898	-3.141872	-4.815990	2.048821	-4.635556
-1.736377	-1.341679	0.486770	-0.936765	-2.766281	-1.970782	2.095039	-4.552845
-1.949792	-1.245000	-1.049846	0.647462	-3.763110	-3.190934	2.072558	-0.258437
0.617787	-0.636487	0.791330	1.396083	-0.383961	-1.334147	2.128876	-0.269634
2.162160	-0.096039	1.575899	1.338597	-1.621533	-0.856220	3.758194	1.050165
1.988827	-1.233258	3.585461	-0.679894	-1.859225	0.650748	4.448413	-0.877943
0.481890	-2.861543	-0.240185	-1.494490	-0.162236	-0.722543	3.281732	-2.834857
0.929948	-2.945694	-0.584838	-2.299892	0.379533	-2.539293	1.794052	-2.251978
1.024903	-2.456213	-0.855298	-1.686098	3.170682	0.173700	1.966772	1.464592
-2.747446	-0.881198	-3.432064	1.143492	3.636814	-0.005965	1.863994	0.029153
-2.618497	-0.083050	-4.444237	1.047477	4.210728	4.275313	0.746217	2.633505
-1.129051	3.207229	-2.394317	2.707259	5.843924	2.551135	-1.272859	3.343546
-0.370106	4.956542	-1.302503	3.375339	3.358603	0.403402	0.373966	1.977475
0.162138	4.258786	-0.880595	1.099015	2.053166	1.637114	1.675994	2.633793
-0.080219	3.038661	1.560707	1.827889	-0.375986	1.003171	0.270623	0.952299
-1.020076	1.823468	2.338902	-1.233139	-0.798754	-1.893226	-0.597946	0.343491
-0.977333	-0.443995	0.979492	0.613731	-0.088936	-0.831875	0.293687	-1.631931
0.249212	-3.990327	-0.235924	-1.231300	-1.930032	-0.532677	1.364723	-2.147568
0.600358	-4.439428	-0.131546	1.392968	-1.110341	-0.337331	0.784261	-0.811219
-1.491394	-3.825700	-1.628873	-1.089865	-0.423363	-1.100936	-1.453198	-3.076886
1.613957	0.064157	-2.054206	-0.360597	-0.967597	-0.761191	0.288545	-3.754770
-0.834590	-0.976957	-0.032445	-2.820229	0.059757	-0.216496	-0.920308	-0.270071
-2.128733	-0.519542	1.011512	-1.304161	2.079501	-0.324350	0.841641	0.761712
-0.771172	1.180001	-0.145737	-3.138792	1.317336	1.192048	-2.347207	0.225576
-0.445207	0.819872	0.782810	-1.001121	1.678360	-0.369302	-0.361851	-0.074279
3.121164	3.768870	0.401251	2.773552	0.765676	0.255902	-0.806293	-0.409452
3.066940	3.148194	0.653587	3.306026	0.814484	-0.981341	-1.216630	-0.911845
6.482721	2.275745	1.399818	5.934003	1.536385	0.829172	-0.160265	1.543442
4.639809	-0.115479	1.320545	3.047683	2.597780	1.802040	-0.470895	-0.144991
4.505703	-2.550678	0.288367	0.286066	0.368568	1.456163	-1.074723	0.933056
4.518605	-4.163152	0.234684	-0.893847	1.839052	0.784044	-0.440346	0.201181
3.492714	-2.725102	2.439596	-2.492457	2.351931	5.522983	-1.564365	-1.528415
4.184931	1.941672	3.372304	-1.820962	1.566507	4.639280	0.256419	0.022167
2.912757	5.109269	2.408707	-2.876963	1.611279	5.504237	-0.613793	-1.966974
-0.447009	7.878888	5.728905	1.127441	0.306850	5.995654	-0.029901	-3.983936
0.587434	6.683328	3.115299	0.419750	-2.703181	2.635231	-1.682105	-0.914722
-0.155613	6.843590	1.509089	2.632965	-0.548112	-2.798730	-1.686304	-1.551331
2.983749	3.845072	2.576174	2.098086	-3.734044	-1.877529	-1.140000	-2.498963
3.613322	5.116875	3.980454	1.498012	1.023226	-2.248764	-0.709392	-2.608218
4.254305	2.890696	2.778030	-1.376655	-0.359103	0.456164	-1.013880	1.042603
4.004599	2.570236	2.869001	-0.236416	4.005170	2.129858	0.730836	0.556700
1.137405	0.241194	0.804267	-1.303169	3.798947	4.064316	3.062956	0.832273
1.238821	-2.233730	0.627529	-1.432716	4.279228	3.002541	3.423479	1.217121
-0.638550	-4.537939	-1.243114	-3.755855	5.458113	0.387233	3.539507	-0.526754
0.840990	-4.220731	-0.993862	-2.585386	1.113204	1.709992	4.474139	-1.502655
0.982443	-2.005608	-0.747614	-2.069109	0.612400	-0.966180	3.987474	-1.517379
1.277609	-0.621771	1.000229	-3.173225	-4.652996	-3.747083	3.213713	1.546471
-0.348713	0.191180	-0.478034	-0.294932	-4.418285	-3.065416	3.937355	2.271097
1.864278	0.015844	-0.566901	-1.486030	-5.016465	-0.372578	3.468001	2.853498
2.459282	-1.501680	0.250327	-1.460819	-2.692536	-0.875269	2.664251	1.468775
0.237200	-0.956092	1.599749	-2.174000	-2.715197	0.466212	2.267903	-1.870473
2.867432	0.167606	0.399666	-2.385872	-2.838547	0.448866	3.077059	-5.215246
-0.588123	-0.569386	-0.094522	-0.952834	-2.576986	0.752194	0.099618	-4.087843
-1.311363	-0.840568	2.736583	-0.122587	-0.579113	-0.024005	0.712479	-4.285465
-1.094989	4.694158	4.269484	3.058770	-1.194826	0.473872	1.068244	-2.243611
-0.754201	4.410191	5.396978	2.690437	0.081973	-0.725376	-0.546490	0.455218
-1.614899	2.404031	7.181667	1.448213	0.182388	0.464752	-0.663320	-3.508376
-1.675882	2.789677	5.595149	1.805399	0.801017	0.503757	1.546751	-1.557395
-0.496850	-2.392771	3.940225	1.749696	0.817262	0.617140	0.182724	-1.604537
-2.260603	-2.723616	2.058995	0.228202	-2.514377	3.957201	-1.714001	-1.581203
0.348758	-0.157156	1.495858	1.455219	0.674002	-1.130560	-0.741824	-2.631092
-1.668965	2.975806	-0.528086	1.583446	0.416199	-0.637141	-0.564946	0.245096
-1.448873	4.873369	-1.878737	3.682183	-0.902186	-1.162142	-0.349067	0.256360
-0.071366	5.828134	-1.620695	5.328531	0.514148	-0.752263	1.098413	0.390902
0.106556	5.413399	0.793439	3.264189	1.311003	-0.485303	-1.220506	-0.803378
-0.432607	5.159064	0.263166	2.616157	0.946078	0.321939	0.965974	-2.626780
0.049746	1.167827	0.767686	-0.037464	-2.346426	-1.205636	-2.141145	-3.021504
1.022014	1.322888	1.491197	1.177625	-2.662207	-1.372130	-1.553064	-2.859649
5.192397	1.570545	1.688399	0.580625	-0.111166	-0.958939	-1.108084	-2.550815
3.597395	-1.783301	2.157294	1.305735	0.696298	2.651034	0.593995	-1.022402
3.383909	-2.201553	0.833779	2.617855	2.393986	3.957492	0.400773	1.613391
2.128138	-1.371810	1.504356	1.488085	1.249398	1.452535	0.890450	-0.892135
1.122583	-0.683373	0.464623	-0.193874	1.672136	0.581663	-2.160075	0.876519
-2.716258	2.171956	-1.064319	-0.389724	2.115299	0.967076	-0.595902	0.198754
-2.317483	-0.407723	-0.051070	-2.741863	1.164389	0.409075	1.398368	-0.190729
-2.533793	0.070289	-1.614532	-1.887293	-1.206695	0.286461	-1.677264	-1.029430
-0.699388	-0.470709	-2.610004	1.285087	-1.793451	-1.602367	-2.612900	-1.671248
-0.085568	-1.821418	-1.876887	3.229277	-1.207679	-3.280207	-1.248039	-2.147483
-0.554933	-1.885339	-4.371880	4.220276	-1.649178	-2.564460	-0.896782	-3.284735
0.145517	-1.221771	-1.350685	2.679385	-0.120748	-0.107525	-1.336429	-0.846802
-0.973018	0.694683	-0.287401	2.194902	2.022811	0.491199	-0.548482	1.587815
-1.019339	0.015423	0.389872	0.815529	4.294801	2.801110	-0.242939	-0.130982
-2.539045	-1.215252	2.138533	0.690964	3.737921	-0.020489	2.170699	2.682507
-1.933837	-2.271643	-0.938919	1.786607	4.670773	2.065800	2.516630	3.474882
0.348486	-1.069650	-3.681483	3.943059	3.988156	2.557880	2.825455	3.914544
1.272523	0.269725	-3.165760	4.116620	3.119572	1.228648	1.789774	2.954294
-0.824626	-1.565017	-4.239050	2.061987	4.268320	3.773207	1.396285	2.891533
-2.328061	-0.282279	-6.687253	2.083063	2.916701	0.580055	1.485089	1.610060
-1.202282	0.531240	-5.494470	2.200546	2.689716	0.251494	2.321985	1.824178
-0.961390	-2.121261	-2.721600	1.015136	2.487465	2.037023	-0.287028	1.409785
-1.144083	-1.851684	-1.628145	-2.978268	-0.374351	0.699343	0.468250	5.568784
-0.164364	-0.772829	0.919595	-1.947665	1.242568	-1.828746	-0.476381	4.376174
0.759470	-2.435896	0.703121	-4.497056	0.595321	0.792955	-0.754121	4.366457
0.288716	-3.053987	-0.030468	-3.330041	-1.146089	-0.356552	-0.309572	4.779634
-0.975825	-1.218302	0.131627	-2.529921	-4.392864	-1.602568	-0.179434	2.933704
0.460948	-1.790342	1.844907	-2.394095	-2.953401	-2.975593	-3.117007	-1.183632
1.148833	0.718593	-0.220629	-1.569565	-0.736603	-2.826027	-1.762992	-4.810072
-1.289170	-2.011299	-1.740882	-1.279330	0.861934	-1.731670	0.009612	-4.554915
-2.363860	-1.590517	-0.238450	-2.056591	1.768707	-1.978821	-1.577098	-3.647862
0.026263	-2.730764	0.209164	-1.500949	-4.350481	2.036720	1.064480	-2.793512
-1.230302	-0.454238	-0.691438	-2.400203	0.454868	2.979352	3.324344	-2.507262
-1.358056	0.560359	-0.540358	-3.511055	-2.156043	1.993375	1.419794	-3.488914
-0.730797	1.193626	-0.857595	-0.326304	-3.576316	2.455989	3.190129	-3.073466
-1.170126	1.305863	2.818650	-0.327951	-1.792650	-1.601505	0.668150	-1.434817
-2.025944	-1.255030	0.773978	2.096504	-2.965845	-0.261607	-3.153745	-2.011166
0.731949	-1.533855	-1.499413	2.749959	-1.180000	1.868181	-1.018156	-0.525713
-3.167345	-1.250912	-1.784023	4.931216	1.500485	5.489561	-1.188183	-1.814657
-0.848929	-3.227501	-3.333050	1.805672	2.390710	3.395432	-2.721728	0.091304
3.249498	-2.129623	-2.646697	3.530429	3.965375	4.563894	-0.718589	0.743068
2.881937	-1.470179	0.119237	2.095585	3.480281	3.016446	0.489131	0.281339
-0.269514	-0.468368	-0.250048	-0.681761	3.089027	1.385789	1.462333	1.192916
-0.014253	-0.420992	-1.140852	-3.016608	2.323815	1.523023	0.247816	-0.599800
-0.873182	0.278049	0.876824	-3.243957	-1.343957	-1.518753	0.308580	-0.720208
-1.698400	-0.933545	0.591980	-2.229108	-3.377187	-4.692538	-1.379476	3.040893
0.720392	-0.222074	2.221117	0.790237	-3.473176	-4.272934	-0.723652	4.297204
1.859095	-2.015340	1.395933	0.169878	-4.019423	-2.550839	-0.492949	4.096725
3.965908	-0.425243	1.465029	0.394916	-3.561829	-1.473156	-1.117767	4.949758
4.175131	-1.271982	2.853205	-0.879952	-4.128293	-3.466282	-1.616107	3.223002
4.766265	-2.220859	2.313361	-0.330924	-0.478714	-2.946620	-1.643069	4.234560
2.531509	-0.850973	0.214096	-1.133303	-1.066894	-3.181169	-3.338554	-1.112468
2.154164	0.211375	1.635411	-2.086587	-1.499532	-1.810829	-2.700662	-5.012582
-0.062172	-0.702815	-1.724995	-2.488279	0.089672	-1.502201	-1.740393	-3.331381
-3.140797	-1.820343	-1.484222	-3.812478	2.585819	1.283416	0.483151	-0.494363
-2.371212	0.388389	0.580530	-2.286685	3.167108	2.327920	-0.730329	0.234971
0.161983	-1.118617	-0.864138	-1.060000	4.735739	2.237511	0.098766	1.387924
3.289989	-1.860262	0.786273	-2.580925	2.318412	2.982490	-0.109864	1.904195
0.716304	-1.591846	1.235663	-0.669759	2.615728	-0.866745	0.141980	-2.200314
0.145030	-0.961770	1.787832	-1.080603	-1.514213	-2.091293	-2.316902	-2.516003
-1.430734	-0.350333	0.574681	-1.979759	-4.289613	-4.147455	-2.163211	-3.457071
-2.007587	-0.305936	-1.502091	-2.815325	-5.136070	-3.150031	-2.558647	-3.197917
-3.221430	-0.738979	-1.055284	-0.349904	-4.830085	-0.810221	-2.833611	-2.167341
-2.487762	0.027739	-2.145297	-2.650395	-4.130157	-2.904027	-2.328202	-3.035641
-1.295384	-0.251884	-1.740531	-1.608599	-2.107288	0.156052	-1.497022	-1.623117
-1.194195	1.949154	-0.262085	-1.114518	-1.442776	-0.741085	-2.198171	-1.437869
-1.437495	2.703052	3.009440	1.976050	-0.610023	-0.768538	-3.028548	-2.272694
-1.290284	2.642611	4.524346	2.272302	-0.037827	-0.483708	0.169644	-1.825393
-2.856962	1.652729	2.492531	0.232839	0.768111	-1.855294	-2.246693	1.358935
0.045972	0.603108	2.448197	0.138360	-1.274110	-2.287698	-0.878860	2.171191
-2.229683	-0.897052	-0.070557	-2.743236	-1.318689	-0.925020	1.706141	2.744875
-1.283126	-2.736752	1.024970	-1.949949	-0.330627	-1.042060	1.317012	3.472689
-1.244557	-2.259492	-2.262622	-3.687280	-1.716424	-2.574619	-0.147348	3.124833
-0.756175	-4.560670	-3.548533	-2.214530	-3.927179	-1.661296	0.489959	1.906907
-1.124882	0.877413	-2.584663	-1.767999	-1.984493	-2.868794	-0.784965	1.737813
-0.440975	-2.607843	-1.126311	0.244512	-3.460767	-1.829211	-1.428722	-4.916649
-0.282356	-2.205137	-2.593277	-1.326597	-1.710400	-1.641550	-1.999512	-2.370178
0.561877	-0.254569	-1.495560	0.287573	-0.847693	-2.171409	-2.025935	2.325326
-3.246077	-0.947439	-2.799961	2.788421	-0.246645	-2.764289	-2.279591	4.386864
-1.565216	2.424153	-4.889379	5.906747	-0.235558	-0.455392	-0.834881	5.252737
-1.157842	3.523908	-4.236714	3.750150	1.995469	0.241383	-1.298605	4.226945
-4.535553	0.315827	-3.215364	3.307829	4.139336	2.229335	-0.622263	4.811889
-1.807948	-0.018391	-2.524230	3.593585	3.867641	3.148664	0.066544	3.118370
-2.737429	-3.336144	-4.487312	1.226415	3.538586	1.952668	0.937916	-0.783412
-2.648593	-1.716634	-4.966108	4.001221	4.508569	1.384248	-0.508148	-0.619457
-0.206741	-2.397658	-2.607619	3.427801	1.627590	0.744804	-0.154346	-2.138863
0.076727	-2.775416	-5.399543	4.086554	1.336049	-1.977467	0.329519	-2.057631
-2.493487	-2.488409	-3.063281	3.120880	3.161546	1.758237	1.748549	0.100841
-1.230683	-0.356235	-1.477532	1.652678	3.607779	0.781614	-0.026857	0.713852
-1.271662	-0.761594	-0.269494	-0.856052	3.142250	3.675964	2.222299	0.689404
-1.704222	0.443415	0.931232	-1.976311	4.107558	2.185887	1.592820	2.435397
-0.696562	-2.052508	-0.186054	-4.265099	2.502201	1.418281	0.476703	2.818431
-2.878483	-0.603262	0.441851	-3.087917	2.220780	2.914747	1.827249	4.808206
-0.599583	0.170654	-2.101254	-1.381166	3.083594	4.022684	2.958958	1.605324
-1.661263	-3.248060	-0.444568	-0.341347	4.705244	2.342291	3.808129	-0.566615
-1.012621	-1.269702	-0.618491	-1.419559	3.998728	2.824668	3.589263	2.789589
-0.783757	-0.958273	-0.351521	-1.177304	3.251245	2.166015	4.821658	1.700636
0.587930	0.960428	0.580842	0.172119	2.138297	2.965030	1.650416	-1.212373
1.454740	1.999803	0.568599	-1.496393	3.094181	3.836213	1.415635	0.592162
2.197775	0.064352	1.138250	-2.032438	3.388598	2.978164	1.883915	2.092142
5.562234	-2.267724	2.787497	-0.287719	2.798647	1.952482	1.950357	0.563267
4.292719	-0.602925	0.222640	-0.349034	-1.456472	0.607166	-0.266240	-1.435263
1.271030	-0.873448	2.125881	-0.615386	0.276240	-3.078183	-0.849975	-1.490948
2.327568	-2.131295	-0.770081	-1.369374	-4.445818	-2.195967	-1.424150	-3.127286
0.797033	0.314337	-0.855444	0.691901	-4.241146	-1.507086	-1.002964	-3.981879
-0.444573	0.072649	0.489892	-0.523162	-2.889544	-4.309940	-1.567318	-1.775125
2.493151	0.650741	0.914429	-1.987562	-1.708614	-2.484231	-4.395710	-0.841424
3.560404	1.311913	-0.206432	-1.553502	-1.763355	-2.249358	-0.965343	-2.449176
1.537289	3.575169	1.687909	1.958819	-0.410469	-1.416422	-1.364715	-1.161582
0.715705	5.593207	2.561653	-0.439499	-1.028356	-1.649024	1.153573	-1.644340
-0.737647	5.377429	0.187802	0.130742	-1.745317	-0.277865	0.378121	-2.277850
-2.193764	7.216937	1.576056	-0.987258	-1.354451	2.723856	2.005729	-1.047613
-2.449548	4.480531	0.268316	1.657100	-2.972361	2.359638	0.917498	-1.542528
1.670104	2.205612	1.396683	-0.397783	-2.614447	-1.184920	0.334326	-1.001395
2.651992	-2.277018	0.545459	0.303691	2.601292	-1.695119	-1.387487	-1.434715
4.147217	-2.922959	0.874145	-0.489278	1.218553	-0.371159	-0.179639	-0.354886
4.657080	-5.536610	0.126141	-0.016390	1.646736	1.360160	-0.505032	1.765391
4.646682	-2.233368	1.738948	-1.355846	3.750141	1.019137	-1.229766	0.752417
1.911024	0.707466	-0.141932	-1.493547	3.106267	0.370171	0.574961	1.404990
3.870607	3.941794	1.314702	1.099707	-0.801387	-1.008537	0.733046	-1.444288
3.740032	3.314618	2.926150	0.259715	-2.132722	-0.061490	0.016791	-0.386018
3.496800	2.136338	2.964715	-0.833223	-4.084939	-2.366386	-3.558104	4.210501
3.972412	-1.518645	2.452497	0.822793	-2.795338	-3.761627	0.460059	4.174968
2.213169	-3.735029	-0.618103	-0.405539	-1.608021	-3.156213	0.354182	2.934583
-0.465628	-3.583313	0.052217	0.286882	-0.833787	-2.057945	-0.179136	4.046146
-0.364878	-2.967096	-0.586843	-1.414545	-2.784838	-2.505923	0.481406	3.030657
-3.082779	-1.448476	-1.924681	1.119679	0.844625	-2.818148	2.447507	2.027117
-0.814232	1.497447	0.054804	2.156354	3.190401	-1.001620	2.255066	2.332324
-0.312333	1.985775	0.121814	2.113480	3.540689	0.883660	3.743085	0.789379
1.700316	0.980309	2.886048	0.744555	0.596690	0.045392	4.389663	-0.240318
2.386518	2.240051	3.633910	1.576980	3.054200	1.984875	2.997800	-1.087268
4.401974	2.702501	2.460800	0.821154	2.877221	1.299208	1.011597	-1.132571
3.673385	1.838562	0.624118	-0.896623	4.110550	2.026492	0.744652	-2.511427
-0.457848	4.037633	2.092367	1.248748	3.962387	2.150426	0.682066	-0.198135
-2.101324	3.382317	1.917548	-0.150434	2.423230	-2.465692	-0.608860	-0.238297
-2.687941	4.764315	2.034162	0.297832	0.120880	0.162540	-0.652928	-1.064113
-3.976999	4.619027	3.859910	0.956644	-0.189566	3.720819	-1.826936	-1.825183
-1.653396	2.193357	3.634193	3.727403	-1.756409	4.184346	-2.532086	-1.707106
-2.513131	-1.484496	2.357414	0.988207	-3.531549	1.144720	-1.225076	-1.805984
0.745296	-4.138630	1.360672	-0.885843	-1.577087	0.642541	-4.299108	-2.567617
-0.194111	-5.354144	0.369969	-2.182948	-4.000725	-1.273692	-1.874180	-2.285405
-0.480554	-3.939336	-1.364792	-4.207309	-0.538163	-2.984380	-4.336894	-1.331749
-2.169829	-2.482806	-0.405412	-1.254826	-2.367003	-1.029022	-1.702548	-1.866048
-2.941537	2.002349	-1.052389	-0.877199	0.643353	1.130480	-2.088844	0.252897
1.109625	-0.261270	-1.770422	-1.256929	-0.453394	1.729027	-1.387181	0.255485
-0.925043	-0.130363	-0.335308	0.102084	-1.926046	5.256417	-3.476858	2.750916
0.073360	0.429973	0.527552	-0.675360	-0.387405	1.978850	-0.973877	1.961790
-0.915363	0.445937	0.105260	-1.311863	-1.779771	1.878026	1.179663	-0.043694
0.274488	0.905133	-1.954581	-0.649724	-2.943446	-0.710856	1.556863	-2.093236
0.202314	-1.333039	-0.289773	0.846955	-2.180831	-3.170196	1.914221	-3.769037
0.788017	0.714521	-0.306511	-0.900424	0.600772	-1.994596	2.151338	-0.674797
1.697797	-0.570583	-0.820397	-0.193764	-0.021237	-0.891754	4.719514	-0.916917
2.648757	-1.107452	1.575072	0.004737	0.174241	-2.415172	2.309048	-0.567097
2.306098	3.058117	0.738097	-0.543823	-1.517597	-3.410951	0.286742	-2.094238
3.604620	2.251323	2.173579	1.485456	-1.834751	-1.574490	-0.265205	-2.329940
2.184725	6.278670	3.171519	1.872273	1.222977	-1.062491	-1.606794	-1.068003
0.489414	4.948457	3.551019	1.551929	1.448986	0.058747	-1.350524	-1.433429
-2.632611	4.118286	3.553680	-0.663578	0.322875	-1.170978	1.258904	-0.921018
-2.028250	-0.317242	1.429302	-1.087547	-1.722657	-0.686465	2.579192	-1.608971
-3.040500	-3.648424	-0.930012	-3.777979	-1.357013	-2.221016	1.330638	0.350313
-3.012561	-1.684762	-0.839461	-3.300975	-3.611494	-3.144830	-0.717758	2.097531
-0.004732	2.753248	0.396355	-2.851634	-2.298200	-2.431808	1.265306	3.797385
-0.620311	5.024206	1.027937	0.506342	-1.381234	-1.214351	-2.094773	2.467672
-1.622296	5.106113	1.794488	1.248354	-1.568496	-2.023059	-2.961192	2.442193
-1.201388	5.744770	1.739507	0.506600	-0.050989	0.495567	-2.315654	-0.924453
-1.295983	5.728979	3.644497	0.157782	2.279387	0.920427	-1.332757	1.334432
-0.686182	2.037640	1.111658	0.978397	1.826429	-0.542380	-1.474902	3.470349
-1.248783	-0.479145	1.705192	-2.279554	1.716637	2.928847	-0.192188	3.956297
-0.073684	-2.559074	-0.471901	-2.443371	-0.023891	3.768806	2.060983	4.822774
-1.616485	-4.359749	-0.552120	-3.272356	-1.011757	3.261396	3.601313	3.092481
0.557116	-2.974766	-0.224263	-1.433808	-2.849862	1.280519	0.473401	4.749916
2.372620	-0.533425	-1.655929	-1.355427	-2.903408	0.608472	-0.052154	2.528779
1.080529	-0.506225	-2.019718	-0.624615	-3.094797	-2.798845	0.485850	-1.415431
0.185343	-1.128365	0.500572	1.183828	-2.211729	-2.553531	0.049711	-4.847314
1.069163	-0.137244	-0.557158	1.644803	-2.936207	-2.555388	-4.229371	-4.092272
0.552692	-2.209061	-1.859608	-1.468092	-0.434332	-4.529516	-1.687995	-2.246706
1.313230	-2.213016	0.227223	-2.211056	-1.557406	-3.244415	-4.069461	0.498985
3.062179	-2.563406	0.913837	-1.840491	-1.206030	-1.829186	-3.905071	-1.240902
3.270538	-1.534032	1.016534	-0.563096	0.532294	0.128570	-1.881323	-3.872566
3.475211	-0.148892	-1.054484	-0.804973	-0.520636	1.744553	-2.360118	-1.587708
3.343098	-1.683286	1.467582	0.523580	-0.510922	3.836063	-2.689956	0.125870
3.434100	-0.544012	2.922034	2.390660	2.582536	3.154999	-3.944838	0.109468
4.714018	1.094130	0.540272	2.807069	1.698835	1.114861	-1.601563	0.849585
0.940653	-0.791360	-0.890402	4.438705	4.430873	0.719047	-0.198931	0.858220
0.413108	-1.333780	-2.221988	2.736768	1.783249	-1.112242	0.539357	0.102772
-0.858918	-0.017729	-3.788985	2.355758	1.272661	0.929693	0.290200	-1.802059
-1.589823	0.523392	-1.750193	0.267073	-0.871993	1.358752	-0.487500	-3.713574
-2.348706	0.075486	0.428489	-1.470485	-0.977314	1.687233	-0.301444	-3.467275
-3.880266	-0.907449	-1.245138	-1.862518	-2.265104	-0.196262	-1.259833	-4.269262
-1.480502	0.171490	-1.299574	0.798375	-1.475565	5.244564	2.192234	-1.332336
-1.489012	-2.638397	-2.552918	4.216492	-0.310099	3.903112	1.080156	-0.912898
-0.969896	-1.725410	-1.930169	5.043333	-0.516208	4.656580	4.590432	-0.008149
-2.163152	-3.059849	-2.521828	3.420798	0.337507	2.846569	2.446964	4.456511
-2.645880	-2.405212	-1.467393	0.510586	2.840343	2.561178	3.214750	1.668579
1.301422	-0.611099	-1.121064	-0.280302	2.245000	3.540307	2.928191	1.595856
1.267255	-0.104110	1.962659	-1.578868	3.738274	1.313754	3.518586	-0.603059
2.775720	-1.236344	-1.057923	-2.203312	0.827465	-3.657580	1.595935	-1.604268
1.993917	-0.678502	-2.663210	-1.947734	-0.194230	-3.583096	0.312238	-1.328471
1.323248	-0.752381	-2.492302	-2.505235	-2.215312	-4.809295	-0.912106	-3.982870
1.777314	-0.959883	-2.009298	-0.877514	-3.151984	-7.242277	0.346204	-3.529065
0.538915	-1.976806	0.780802	-1.612174	-2.552347	-4.727843	0.101066	-1.333158
-2.949646	0.174849	-0.970302	-1.548413	-3.450703	-2.844994	0.754782	-1.112248
-2.592970	-2.580417	-2.327410	-2.089532	-2.092255	-2.247129	0.654749	-0.571038
-0.407255	0.972096	-2.100222	-2.315432	-0.921903	-2.570649	-0.545030	2.201972
-0.275700	-0.073812	-1.668537	-0.601814	-3.001151	-3.795755	-0.169158	5.161181
-0.754705	0.111759	-0.808155	-2.848277	-2.957799	-2.261748	0.045866	4.263488
-0.788669	-3.186590	-0.875177	-0.830822	-1.770750	-1.523928	0.627041	2.878492
-1.428389	-0.285559	-2.463402	0.730351	0.736194	0.977705	1.512868	1.383692
-2.433367	1.059251	-3.818630	2.395640	0.778231	1.218649	2.238046	-1.585313
-0.497600	-0.360259	-3.985662	1.890747	0.038860	3.490605	1.015774	-2.773325
-0.084288	-1.678789	-2.638697	1.140969	-0.004322	3.543172	0.278152	-5.941443
-0.437231	0.466661	-0.486436	-1.622092	-0.317817	3.907848	-1.968419	-4.318669
-0.996626	-1.407210	-0.378079	-1.031039	0.962274	0.582735	-2.855141	-0.159504
-1.883774	0.655399	2.785674	1.378130	2.535948	2.251030	-1.656413	1.603150
-1.020673	1.695787	2.024423	1.202213	5.646304	0.684234	-0.556836	3.600094
-2.207623	3.654955	5.269467	2.493610	5.208839	0.720746	2.520090	4.346426
-2.051223	3.093302	7.343306	3.588720	4.045351	3.666266	-0.451835	1.328345
-0.204272	0.747928	3.076940	2.844044	3.324639	2.975792	0.984087	0.289950
