X1	X2	X3	X4	X5	X6	X7	X8
-1.254174	-2.591814	-1.655234	-0.829455	-1.429208	-4.644969	-1.626096	-1.841574
0.809815	0.395115	-2.803676	-0.746329	-2.060294	-1.902381	-1.062426	-1.597981
0.186931	0.534348	-0.815319	-1.731010	-0.770538	-2.513652	-2.153149	-1.402136
0.771774	-2.592316	-2.650162	-1.913896	-0.471740	0.809518	-3.465567	-1.737937
-1.435255	0.627924	-2.948305	0.168315	0.866502	-0.553773	-0.505483	-1.408183
-1.895956	1.851166	-2.190449	4.237424	2.767288	-0.358323	0.777401	-1.226172
-1.495029	2.436711	-1.161795	4.204832	4.766820	-0.008233	-0.504617	1.113397
-1.655972	4.789159	-0.171140	3.504840	1.373900	0.111396	0.194161	0.346225
-0.744787	2.919909	-0.354387	2.221751	0.581427	-1.726534	-2.293868	0.096215
1.171428	3.760960	1.704666	0.763465	-0.255998	-1.028726	-0.400904	1.413667
4.489773	0.400714	0.800117	1.505985	-0.729372	-0.060477	-0.945251	3.694083
5.042048	-0.833631	1.208468	1.039812	1.586506	1.593410	0.593888	3.948565
2.836755	-1.999575	1.329718	-1.769953	0.486635	3.240938	-1.394886	4.546014
3.908692	-3.005018	0.536468	-0.859309	0.815117	4.500504	-2.227379	5.799931
2.153162	-1.214860	-0.129183	-0.402753	0.063953	3.547810	-3.247490	3.344217
-0.651135	-4.161500	0.988465	-0.075583	-1.771456	3.659756	-0.384123	0.903375
-4.032700	-1.659640	0.360413	1.114700	-2.093508	4.158841	-4.210680	1.217906
-3.905931	-1.748479	2.342960	0.556000	0.903896	2.718466	-2.772063	2.027311
-4.174427	-0.737218	3.951506	-0.463682	-0.446042	4.982930	-1.036675	1.772791
-1.440988	-0.893956	4.950853	1.622555	-0.773121	4.403435	-2.584016	2.193049
0.112086	0.458007	2.731599	1.733813	-0.007240	3.079580	-1.886491	1.509584
-0.677603	-0.652529	2.592544	2.243794	0.530002	1.851265	-1.800101	1.669899
0.045945	0.654335	0.968390	1.100399	-2.383495	3.577191	0.264152	2.146796
-0.019069	0.427800	-0.356764	-0.334570	-1.706429	1.935257	1.644465	1.554675
0.918255	-0.680234	-0.611119	-0.417411	-1.156300	3.914565	-0.374564	-0.001063
0.182219	-1.657467	-1.528273	-1.589923	-0.766607	5.095514	0.818762	0.418085
-1.092477	0.510201	-1.219926	0.103596	-0.538149	3.755204	-1.450457	-0.347581
-0.594831	2.353570	0.140920	-3.142152	-0.303425	0.771637	-0.837126	-4.122559
-1.864144	3.376640	0.152667	0.772534	-1.036734	-2.165488	-3.029146	-4.540148
-0.143114	2.837112	0.133415	0.572556	-0.279376	-3.087970	-3.149119	-3.108746
-2.554340	3.990585	1.191363	0.313016	-1.703550	-4.925509	-2.706148	-3.928653
-0.219421	3.374660	0.255613	-0.155184	-1.788954	-3.971404	0.274865	-4.503967
3.062843	2.747438	2.099463	0.011756	-1.426589	-3.866655	2.947218	-1.608487
4.106154	1.260217	1.505314	0.816540	0.262547	-4.737861	2.400408	-3.915211
4.119312	3.811900	2.039967	0.155268	-0.687146	-0.249623	3.399633	-2.899739
2.411419	4.284185	2.434320	1.141043	-1.884567	1.729062	4.369891	-0.465469
2.222876	2.576373	-0.173125	2.469265	-1.073816	3.554492	4.890480	-0.739800
0.093583	1.985065	-2.252568	-0.164362	0.514809	4.702370	3.092396	-3.175931
-2.809559	-1.182940	-1.790010	-0.381338	0.710108	3.226194	5.948139	-2.314061
-3.761447	-2.432640	-1.392750	-0.412960	-0.971118	2.394367	5.216204	-1.413488
-1.436482	-1.785136	-0.168288	-2.018628	-3.061069	-2.342312	3.397192	-2.028611
2.407538	-2.426227	-1.298425	-0.203139	-1.785044	-3.868741	3.153698	-0.329830
4.219414	-3.164412	1.017040	-2.861191	-0.658042	-5.038721	0.442621	-2.826244
6.154447	-1.056292	-0.006392	-2.406383	-0.927464	-5.397250	1.953258	-2.618050
6.690038	-1.575266	1.411977	-1.167712	-2.934807	-2.311227	-1.164192	1.623252
5.158189	-3.416833	-0.298651	-1.306978	-1.533972	-2.941352	-4.212133	4.040662
2.832700	-0.556994	-0.726177	-0.630479	0.448942	-1.569125	-1.215465	3.134982
0.205673	-0.478646	-1.460301	-1.273612	0.665435	-1.704244	-1.164193	3.680113
-3.397791	0.115609	-1.628023	-1.100776	2.003808	0.787892	-2.336217	1.179256
-4.287190	2.456773	0.477058	-1.313869	1.004862	-1.052417	0.251960	0.646812
-5.740925	5.019645	0.936541	-1.829590	-0.052304	0.525631	1.394636	-0.954919
-4.379193	3.720928	-0.415273	-0.019236	-0.443187	-3.209865	0.307408	0.086365
-3.616893	1.083420	-0.253585	2.098693	-3.150089	0.181997	1.264075	-1.819836
-0.687424	1.400023	-2.539295	0.567400	1.323991	-2.781381	-0.214766	-1.309920
-0.718984	-2.404462	-0.929002	0.694687	2.823955	-1.118500	1.337483	-0.574187
-0.669473	-3.340336	-2.190006	-2.453545	2.340002	-0.320159	1.760420	1.221864
0.012711	-2.878698	-1.438909	-1.322094	0.658132	1.446045	0.397242	2.661033
1.774569	-2.028246	-1.279909	-1.571059	4.254147	-0.151289	1.029748	0.729722
2.369602	-0.330281	0.145094	-1.676437	1.102746	0.742940	0.256336	-0.376068
3.769713	0.349699	-0.335202	0.744672	0.194930	1.958235	0.411703	0.365562
1.659001	1.012493	2.921105	-1.013728	-3.449501	-0.746105	1.739147	-3.152486
-0.699331	4.110603	0.871414	0.195863	-3.031946	-0.912579	3.551867	-3.109211
-4.002083	4.017930	-0.244975	0.994647	-3.331905	-3.056284	2.800459	-2.514814
-1.198252	1.877473	0.486437	-0.800775	-1.987778	-3.805320	0.363523	-3.181993
-3.593039	3.623834	1.965652	-2.014000	-1.513665	-0.837187	-0.779144	0.141053
-2.911640	0.572514	-1.218532	-2.026526	1.862436	-0.977282	-1.077045	0.774823
-0.984056	-1.676188	-1.244614	-1.040354	2.122324	-2.232605	-0.536480	2.513019
-2.154785	-2.354669	-1.614095	-3.364079	4.252499	0.178846	0.540148	3.030541
-2.703324	-1.959731	-2.995375	-3.688702	5.367161	3.253171	0.520237	2.691990
-1.235974	-1.209171	-0.505254	-3.685220	2.211612	4.066772	-2.312214	2.957065
-2.602933	-3.196888	3.349968	-0.433532	1.239651	2.898550	-1.754109	2.928169
-0.928899	-0.853384	2.529591	2.292464	0.357978	3.637706	-0.476448	-1.139000
-0.546371	0.901445	4.112113	1.874669	-1.392207	-1.754759	-1.170734	-2.037941
-0.669948	0.838898	5.937736	0.773585	-3.307702	-0.511942	0.593233	-3.891553
-1.396128	2.258875	0.755759	1.198714	-0.709609	-4.190344	-2.499552	-1.098835
0.155089	-0.255521	1.337082	-1.393444	-3.068726	-0.691463	-2.025488	-3.298988
-1.363394	-1.398590	0.537404	-1.108985	-2.137055	-4.043197	-0.812078	-1.219011
3.080423	-1.799833	-2.059676	-2.206110	0.055607	-2.151645	0.502277	-2.490304
2.731342	-3.184146	-1.383156	-1.558116	1.652657	-1.037507	-1.235026	-2.841966
4.769365	-1.607231	-1.855138	-0.597301	0.171198	-1.523280	-1.511988	0.334203
5.953791	-2.562186	-0.305223	-0.981166	0.562428	1.304437	-0.338711	0.182503
4.781324	-1.257310	-0.770109	0.757893	-1.199752	-2.670655	1.150003	-0.860666
3.797663	-0.696303	-1.421398	-1.331224	-0.661843	-3.315754	2.427554	0.029796
0.593111	-1.420063	-2.579991	-0.053514	-0.725643	-1.899660	4.694639	0.091891
-2.469532	-2.714090	-4.039786	-0.186878	-0.074753	-1.508670	3.406656	1.095817
-3.901464	-0.781983	-4.667486	0.434488	-0.977073	-0.643584	4.597205	0.970175
-5.845684	-2.236241	-5.879291	3.423683	-1.384003	-2.023600	3.542982	1.323365
-1.847491	-1.023863	-3.004900	1.346610	1.740858	0.551083	2.483288	-0.803912
-1.337283	0.086852	-1.824214	3.284570	0.766508	-1.549633	3.618020	-0.004657
-1.018259	-2.116796	4.354766	2.037064	-0.236451	-0.811046	2.255077	-1.310170
-0.170119	-3.080206	3.102640	3.170093	-0.381220	-1.929056	3.160158	-0.764850
-0.313660	-2.139877	1.674107	2.531359	0.951102	-0.452960	3.473260	-1.174298
-2.337482	-1.760307	1.098566	1.362463	1.267113	2.846542	0.376783	-1.371513
-0.953283	-3.356997	-2.989282	4.069607	2.840315	5.329752	0.207826	0.089804
-3.064263	-0.284245	-1.877439	4.062891	3.591406	4.000971	-0.660514	-0.057346
-3.017819	-0.664950	-3.450405	-0.184484	0.869588	5.323802	0.905062	1.044536
-2.105352	-1.808412	-0.727480	0.628385	3.515660	3.194345	0.402554	1.016451
-0.112860	-2.835130	-2.256765	-2.331202	1.575121	2.171502	0.904660	1.302498
-2.054841	-1.324902	-3.766062	-2.236144	1.144473	0.425474	4.092478	0.145977
-2.890295	-1.155828	-1.785269	-3.424140	-1.112286	-3.602436	1.832208	-0.536712
-1.795421	-1.621607	-2.510189	-3.138288	-3.239555	-3.855828	0.144247	-1.534469
-0.941317	-1.730339	-4.411421	-3.563588	-4.566335	-4.861001	-1.553504	-4.036295
-2.573682	-0.507421	-2.063967	-2.156537	-4.161325	-4.276951	-1.274847	-3.944388
-2.800516	-1.922054	-2.115326	-1.810137	1.527474	-3.405278	0.900617	-3.331150
-0.211018	-1.335037	-1.023801	-3.066084	0.514463	-0.582381	-0.831514	-0.475481
-3.380186	-1.106869	-0.707590	-1.563879	2.942740	0.441242	0.717860	2.062719
-2.236519	-3.274548	-2.619796	-1.095419	4.231706	0.824393	3.498337	3.217149
-1.591517	-0.521775	-2.375619	-0.703806	3.078861	3.529473	-1.644583	3.985011
-1.725478	2.116153	-0.550759	1.095164	2.375005	2.300784	0.712799	2.547203
-1.197302	2.872335	1.728882	-0.814010	1.515337	0.715127	1.489481	3.357824
-1.636888	3.291572	-0.235796	-0.610627	4.112757	0.912204	2.773662	4.822476
-4.327435	1.409566	1.750107	0.201015	2.879365	0.394716	0.531143	2.474857
-0.298241	4.805217	5.128289	1.230216	1.523061	0.812765	-2.128179	2.148967
-3.312107	1.123926	2.981049	1.268576	-0.141855	-0.414347	-1.211603	-1.520494
-1.901431	3.457794	3.931587	0.597298	-1.329384	-2.497919	-0.849832	-3.820826
-0.258012	2.253421	3.230503	-1.556419	-0.988625	-1.171550	-2.367265	-2.267030
2.411450	0.958910	4.105594	2.437926	-1.560480	-0.621338	-3.849103	-2.832506
4.404356	-0.673241	4.200361	1.035635	1.925252	-0.848581	-1.588147	-0.817955
2.627407	-0.519729	2.690802	1.924907	3.708570	-1.773277	-0.623599	0.927324
1.341304	-2.252655	3.211017	1.201043	3.113075	-0.002526	-0.444057	-0.580171
0.672547	-3.103717	3.259305	0.665044	0.559966	-0.737525	-0.196024	-0.071539
0.597537	-2.617014	-0.876335	-1.423688	-0.820557	-1.836274	-2.861200	-0.940781
1.955375	-2.862746	-0.230304	-2.079855	-4.042695	-3.600870	-1.038085	0.503702
3.070361	-1.480411	-1.788502	-1.995555	-1.587348	-1.135812	-0.859980	2.877411
3.638396	-2.246110	-0.300531	-2.679188	-0.549115	-3.259399	-0.744885	3.377844
0.243580	0.439559	-0.966392	-2.685852	1.763102	0.425872	-0.314302	3.338902
-0.625785	-1.908803	-1.354685	-0.735148	0.315703	-1.444499	-1.957330	2.886684
-3.420100	-0.218997	-2.652410	-2.277576	-2.395711	1.087190	-2.111070	2.907990
-3.490763	-2.185820	-1.320470	-0.829034	-1.707942	-2.248759	-1.811023	2.843419
-0.206575	-0.003372	2.121035	0.288778	-0.981989	-1.626645	-2.490089	3.018371
0.922066	0.046147	2.401005	-2.275140	0.295347	-0.398166	-3.137268	4.252444
1.679059	-3.956362	3.143038	1.386713	-0.457634	-1.385221	-3.862260	3.861140
0.457806	-2.008298	4.517833	-0.460164	-1.217132	-1.511308	-1.631867	2.634058
0.206806	1.808440	3.979590	2.984830	-0.818349	-1.898926	-1.547988	3.215496
2.172560	0.324653	3.572308	0.821696	-2.248583	-0.758073	-1.515424	2.063455
1.248969	1.190040	5.363586	1.886934	2.055464	-0.572848	-1.595675	1.676334
1.876233	5.458804	5.556423	0.802544	1.951593	-0.113449	-0.791541	3.374532
3.042151	4.708144	6.303818	-0.019274	0.711703	-0.927175	0.240077	5.841950
4.530626	4.204361	2.663970	3.173981	1.480793	-1.760624	-2.412920	5.141187
2.945056	2.104156	4.349379	1.936008	2.198463	-1.006295	-1.083533	3.104442
0.259542	1.811830	3.108343	5.027008	1.800813	0.902713	-0.931063	5.052815
3.127085	4.139983	4.162162	3.786680	3.429842	1.545603	2.389892	7.387306
1.722084	1.127016	2.413534	3.876726	4.083751	2.550975	-0.161970	5.290713
-1.400060	2.170929	0.103260	4.954945	1.857138	0.615532	-0.854448	1.251738
-0.795346	1.271124	-3.048062	3.219037	1.098504	0.186873	-1.699443	2.659078
-0.830676	-0.903099	-4.113333	3.509702	1.429948	-1.521698	-1.216754	-0.911766
-3.265748	-0.615140	-3.918253	2.627540	0.187469	-0.830982	-2.080582	-2.921995
-2.430162	0.606302	-1.236023	1.446251	-2.053933	1.599225	-1.679427	-2.659808
-1.557919	2.496928	0.100155	0.112536	-1.849557	0.363622	-0.469088	-4.280908
-3.340118	3.076338	1.269882	0.043693	-2.239806	2.259312	-4.020766	-3.186393
3.395341	1.802233	0.821156	-0.091077	-1.833978	-0.930905	-1.033361	-2.911064
3.503458	1.921614	-0.958924	0.343226	1.986625	-1.543426	-1.154272	-3.737723
4.878133	1.749880	1.181742	3.282802	-0.334897	-0.941251	-1.088399	2.102132
5.374666	2.238133	-1.341047	3.238350	1.875256	-2.226479	-0.265843	-0.379301
3.228858	-0.599926	-0.242391	2.005970	-0.026817	-0.368307	3.447997	-1.435623
5.427707	-0.168398	-0.774692	2.926763	2.837484	-0.042634	2.439920	-0.795332
4.703814	-0.555282	-2.401750	5.288927	0.292159	-1.744760	1.884228	0.989770
6.263680	-1.284576	-2.358666	2.315462	-1.049794	-2.246683	-0.140380	-0.335318
2.994304	-2.798182	-0.245741	0.822469	-1.141173	-1.614501	-1.234204	-1.394195
-1.536215	-0.714697	-2.377975	-1.886553	-4.882781	-1.252314	-0.970243	-1.893161
0.507325	-1.569723	1.000031	-0.453104	-4.700818	0.001480	-1.803998	-4.523318
0.955822	0.691043	-0.588523	-2.916685	-1.056683	0.602582	-3.249267	-4.653166
1.641977	0.666200	1.513661	-3.148997	-3.936177	-1.108506	-1.675852	-3.599704
1.720590	-0.046851	1.412584	-1.855238	-1.306801	-0.823884	-2.862950	-4.020134
2.328260	-0.268210	-0.775356	-1.167811	-2.194756	-3.453351	-3.999864	-4.773755
-2.073313	-0.944477	1.500841	-1.503415	-1.090741	-2.071604	-3.043091	-4.077668
-2.205329	2.440450	-0.057125	-0.744151	1.338543	2.152957	-0.526732	-0.716273
-2.824487	3.048071	-1.912056	2.343381	2.908895	4.373133	-0.377486	2.650730
-1.779189	3.405785	-0.583651	2.488580	4.208515	5.348325	0.157946	1.769939
-2.636635	3.103294	-1.409311	3.322246	2.561802	6.720735	0.242166	-0.025244
-1.227824	0.240998	-3.145837	1.678778	0.762856	2.403664	-0.188327	0.985779
3.056043	-1.545503	-0.342629	2.526875	1.031876	3.240412	-1.044232	-1.215391
4.097566	-0.639808	-1.255788	-0.393462	3.613462	3.665381	-0.194948	0.573545
5.318044	-1.139417	0.828587	0.196764	2.263113	4.302172	0.509524	-0.569013
5.428677	-1.080030	2.351193	0.147655	3.827829	4.405086	2.216885	1.321034
3.084466	-2.110545	0.611633	-1.429791	2.095309	3.421724	3.802736	0.893087
3.736010	-3.430064	0.048703	-0.499575	2.537352	0.993587	2.644076	1.528245
-0.919393	-1.160585	-2.482694	-0.340197	0.598659	-0.688423	5.830606	0.254909
-2.540040	-1.614409	-2.701461	1.140743	-0.527971	-3.549007	3.913728	-1.454923
-6.249935	-2.046434	-2.542896	-1.818658	-4.329540	-3.005763	2.770240	-0.002850
-4.703475	-2.809961	-1.412601	-1.112198	-3.825547	-2.026690	2.617643	-2.255473
-3.375862	-2.023588	-1.100376	-2.804580	-4.040094	-3.468087	3.266039	-4.155591
1.737003	-0.230517	0.425279	-5.057503	-2.675279	-1.558153	1.390427	-2.554406
4.799021	0.294053	2.626064	-0.408569	0.362894	-1.283087	0.512007	-2.658716
7.171591	3.370024	2.646079	0.199121	1.177827	-1.533489	1.827781	-2.850822
4.456813	1.711994	2.613723	-0.920932	0.130519	3.859443	0.741349	-1.551325
6.387687	3.507864	2.262997	-1.908131	-1.666032	1.475010	2.796611	-1.776124
5.674011	2.214235	0.151600	0.203124	-0.325525	4.631811	0.277267	0.980980
5.439587	-1.154393	1.837232	0.362433	2.696639	5.586849	-0.983081	0.978488
2.530312	1.900579	1.434494	0.402695	4.013458	5.129623	-0.482034	2.606599
1.677688	0.485053	0.001084	-1.160792	0.629334	2.663436	-1.931291	0.859113
-0.487087	0.728328	1.298003	-1.361629	-2.099136	-1.269114	-1.605451	1.500630
-1.936512	-0.237895	-2.007849	1.343485	-1.114851	-3.193024	-1.181314	-3.388250
-5.400589	-2.367917	-4.783271	1.277847	-1.025413	-2.547594	-1.439279	-2.855527
-3.349517	-2.499036	-3.702565	1.846557	0.330478	-1.592023	-2.038147	-2.821901
-4.282298	-1.483053	-6.694629	3.459514	2.021422	-0.111912	0.049384	-1.123272
-1.263530	-1.881968	-6.980064	1.008117	1.541117	1.288642	-0.634286	1.563360
-1.842616	-1.935480	-6.494869	3.719165	4.724464	1.195739	-0.130657	4.596294
-1.762254	-1.426790	-5.658145	2.797958	2.704061	0.576779	2.658873	4.194131
0.397953	-2.251297	-6.198191	1.872793	0.215408	0.741263	2.708702	3.723571
-3.082493	-2.387701	-6.738707	2.913571	0.364203	1.962292	2.122933	1.399714
-1.552993	-1.522302	-6.449993	1.349290	1.520548	0.841766	0.257966	0.944059
-1.696948	-0.930899	-7.013948	2.728449	0.024340	0.993486	-3.171200	-2.462293
-4.250559	-1.204693	-2.144772	2.630846	-0.350421	2.717252	-1.582664	0.072057
-4.246325	0.522416	-1.403966	-0.342418	-2.589536	3.928766	-1.605424	-4.711189
-1.471147	-1.077171	0.884173	-2.279945	-5.881205	-0.979074	-2.646781	-4.618933
-2.760925	0.863345	-0.557857	-1.215135	-4.252429	-2.011465	-1.341634	-3.189075
-1.910660	0.352065	-1.320655	-3.776292	-2.503309	-2.420208	-0.073183	-2.991013
-0.249852	0.722989	-2.081521	-3.879414	-2.756745	-2.659201	-0.176026	-4.746049
-2.975902	-0.814283	-2.627353	-1.768503	-4.824439	-3.149646	-1.675265	-5.094882
-1.532809	-2.096151	0.599748	-2.611861	-2.889990	-3.560440	-1.064398	-0.759412
-1.664275	0.789684	1.671583	-3.125387	-0.709401	-1.927884	-1.921824	-1.271439
-1.309200	1.292724	0.420053	-0.955785	-3.193870	-2.127378	-2.240244	-1.336063
-2.439083	2.226568	1.942558	-1.712753	-1.207700	-1.661420	-1.148856	-1.941184
-1.813126	0.623215	1.198398	1.209205	-2.941791	-2.340511	-3.556261	-2.687402
-1.885929	-0.924833	2.025674	-2.291010	-3.273343	-3.634250	-2.693658	-0.994017
0.021508	-1.796877	1.054887	-0.448799	-1.900158	-3.808237	0.063554	-1.831328
2.154585	-2.699517	-1.251862	0.262335	-1.935435	-2.041172	1.710774	-2.063637
4.708201	-0.073053	-1.837574	2.365693	1.357123	-0.873054	5.501304	0.187258
4.766356	-1.288185	-3.102847	2.961472	0.687116	1.905018	3.479044	0.650456
4.096149	-1.457612	-0.058080	1.643272	0.997444	1.583142	4.077894	-1.564442
2.679480	-2.808336	0.585926	1.392293	2.350506	2.935121	3.191655	-0.711337
2.864050	-0.462356	0.214173	1.319031	1.412001	2.673653	4.204427	0.613372
-0.551444	1.008928	1.139462	-0.404212	3.281128	0.878839	2.381310	-1.339015
-2.536600	0.169717	2.108593	1.303961	2.633186	1.945780	2.584005	2.435801
-4.674619	2.581809	-0.758332	0.084449	2.546875	0.950774	1.575612	2.515521
-4.563201	4.085504	-1.201014	0.128052	5.487993	2.088524	-2.070168	2.537244
-4.485148	4.039204	-1.415551	0.037767	0.726141	0.227428	-0.118835	0.064972
-2.524758	2.311007	1.120257	0.410195	4.227716	1.052588	1.360611	1.146003
-1.485432	2.574714	0.401412	0.610934	1.286119	0.695402	-0.137729	1.939939
-0.969671	0.857324	-2.493586	-1.367717	0.792849	2.615371	-1.596755	1.121479
-0.198075	-0.439562	-1.586735	-1.217659	2.592304	-1.098304	1.700933	0.251122
-1.492744	-0.237345	-1.848336	-1.567994	-0.096815	1.126176	0.943135	-0.944930
-1.614978	-3.346225	-2.890786	-0.457121	-1.661811	-2.910489	1.198153	0.421722
-0.095078	-0.473202	-0.579685	-0.974144	-0.087883	-1.861298	1.897286	-1.641421
2.346956	-2.501476	-0.127232	-0.398361	-2.211333	-2.190952	1.126634	3.380339
2.636924	-0.965047	-0.788327	-0.847675	1.366239	-2.464950	-0.419401	2.538804
0.995026	0.761085	1.329033	-0.455087	2.785531	0.854007	0.239679	3.187974
2.773462	2.173019	0.610748	4.145703	2.952244	-0.156380	1.727576	3.030847
-0.654769	3.564656	3.547519	3.852893	2.639676	1.266988	-0.969111	0.216725
-0.775867	4.130695	1.780846	1.647383	0.591126	3.754012	0.112619	0.363608
0.694168	3.478436	3.982532	2.313471	-1.100307	1.995291	-0.451033	-0.780205
3.722636	1.479679	3.899077	1.164356	-3.415122	2.307025	-2.029269	-2.504814
2.985136	0.082624	1.626482	1.575838	0.355778	1.580514	-0.415787	-1.823218
3.698069	-0.886929	0.509448	-1.553486	-0.256907	-1.004641	-0.385887	-2.440718
0.133634	-2.228181	-0.987223	-1.513814	3.031122	0.213859	-0.023869	-1.535813
-1.623469	-0.768231	-0.124231	-3.514450	2.602665	2.747213	-0.519433	0.702296
-3.136840	-2.459281	-2.253474	-3.531393	2.146920	2.242923	-2.030779	1.263209
-3.942679	1.929571	-1.938352	-0.008944	3.408787	5.586987	-0.561307	2.904926
-2.743287	2.740924	0.211437	-1.394805	2.839565	5.017205	0.022585	2.662948
-2.636163	4.103577	1.644994	-1.687777	5.392653	5.348878	0.455994	2.484874
-4.205008	3.854730	0.979520	0.693340	4.118450	2.813405	0.204023	2.415604
-0.364921	1.367884	-0.820783	1.973745	3.376356	2.747787	1.255371	1.706338
-2.101903	2.460538	-3.402416	2.038337	2.107069	2.024121	1.084137	1.801776
-3.071954	-0.194908	-0.487376	0.606514	3.181689	1.671810	0.733823	3.323817
-1.898574	-2.752155	-0.159562	0.202877	1.175915	2.509552	0.319228	1.349063
-0.001063	-1.361802	0.410426	-0.402976	3.889447	0.901447	1.728552	3.452512
-2.192422	-2.488151	-0.827109	-1.394046	1.663582	-0.214305	-1.088005	2.600065
1.375451	-1.959800	-1.174068	0.822967	-0.260478	-0.344604	-0.201642	3.068720
2.806954	-1.887050	-1.975448	3.095561	1.711664	0.498749	0.559240	4.658280
1.609988	-1.982101	-2.591049	1.468737	-0.273992	1.984654	2.724042	3.172542
2.645752	-1.420055	-4.155070	2.605092	-2.614946	-0.593589	1.897663	1.683007
4.214547	-2.339410	-2.051608	1.476527	-1.146500	-0.401580	2.384904	0.305274
5.951872	-1.952867	2.599936	0.288540	-3.069754	0.435680	-0.034837	-1.927455
6.165728	-0.532427	2.637664	-0.591569	-1.385209	-3.884409	-0.766757	2.124617
2.965114	1.288011	1.498277	-0.286300	-0.505466	-4.018947	-1.036359	2.574292
2.038430	1.858546	0.908077	-0.864356	-3.452926	-2.592835	-2.460441	-0.366632
1.014277	2.214679	0.774864	-0.489136	-2.214689	-1.752072	-1.788804	-1.326353
-1.066946	0.638307	-0.737960	-1.461440	-0.972055	-2.763760	-0.611147	-2.615774
-4.635039	0.929833	-0.258294	-2.024471	-3.883127	-3.591999	-1.470872	-3.380893
-4.855101	-0.700945	-2.382538	-1.911628	-2.965104	-3.202488	-0.796177	-4.289611
-3.898634	-0.666227	-0.079989	-1.160311	-1.936387	-0.492929	-0.164364	-3.460229
-2.102936	2.277287	-0.416947	-1.758823	-2.126777	-3.153821	-2.104432	-2.523446
-1.441308	2.782996	1.830889	0.470738	2.794026	-0.776365	-1.034181	-0.508264
-2.166950	1.622601	3.085820	-1.856131	3.874620	1.359439	-1.620112	4.551319
-0.271262	2.378901	1.093248	-1.123729	1.879005	0.465590	-0.290724	3.400301
-0.920844	-0.325803	1.765173	-1.020456	1.494781	-0.426712	0.697682	4.376781
-2.254396	0.139286	3.516698	-0.117215	-1.937053	-0.648368	-0.966694	2.480861
-1.431517	0.904071	2.918221	-0.277904	-1.578398	0.996823	-2.017252	3.019139
-1.104709	3.393849	0.978346	-1.443525	-4.158555	3.222859	0.934308	2.376915
-2.796270	2.184922	0.155973	-1.970577	-3.727923	0.854941	0.611485	2.545289
-2.383802	1.641089	-0.352897	-2.426962	-2.411205	3.045968	-0.512621	1.990959
0.014097	-0.212751	-2.443764	-2.929980	-2.848899	1.257440	-0.787609	-0.535673
2.684425	-1.521197	-1.965925	-0.119731	-2.455008	-0.484045	-0.030681	-0.928709
3.175384	-1.814951	-1.230180	-2.631616	-1.231231	0.509615	-1.150936	0.265351
2.966273	0.814289	0.072972	-1.299735	-2.347769	-3.664282	-1.959574	-1.329093
1.709291	-0.354279	0.336831	-0.467989	-1.318322	-2.857036	-2.736197	-3.297342
-0.477060	0.189647	1.500400	-0.877277	-2.071292	-2.927147	-0.385503	-2.900896
-1.694282	-0.817436	-1.429321	-0.012901	-2.311978	-1.740016	-3.966094	-1.571656
-2.867673	-1.256427	0.118669	-1.674260	-3.279581	-0.894843	-1.309369	-1.852223
-5.889035	0.957675	1.358271	-1.281655	-2.420302	2.693471	-0.814730	-1.810096
-2.355666	-0.909532	1.949986	-0.722086	-0.481240	4.035126	-0.756576	0.164624
-3.153868	-0.489247	3.113614	-0.569654	0.596202	2.470022	1.090693	0.899536
-3.770440	-2.479472	1.120557	-1.658558	-1.285774	1.633657	0.774176	1.696740
-2.137082	-1.280604	-0.058584	-2.011299	-0.717869	1.587133	2.200873	2.044236
-1.487195	-1.119046	-1.938009	-1.354977	0.701915	-3.496052	1.634683	-2.268078
2.125422	0.285003	-0.536416	-3.091793	-2.238020	-2.567999	2.078406	-2.627002
3.814269	-1.795758	-1.746505	-2.756146	-4.059176	-5.299107	3.064542	-4.057936
4.352346	-1.482428	1.542925	0.223563	-2.786853	-2.666177	3.792591	-4.010480
5.384552	-2.508408	2.941974	-0.583265	-1.670152	0.687891	2.221452	-1.404436
5.417687	-1.777898	6.220245	-0.426831	2.171328	2.014696	1.467124	-3.268004
4.310452	-0.633098	4.475637	0.692564	4.267986	5.423638	3.267208	-0.234884
2.382347	-2.417708	3.282751	2.283722	3.895122	5.533316	3.029903	1.828123
4.103670	-2.007328	2.986888	3.693141	4.223236	5.567530	3.708909	2.744016
4.579823	-0.792559	0.930848	2.034322	3.204026	5.441679	1.954424	3.855095
2.870005	-2.012601	1.773834	3.823164	0.720794	2.439763	1.651350	2.607359
3.260216	-0.983753	-3.089356	1.490068	-1.786462	-1.641818	0.340085	2.338008
3.232856	-1.406417	-1.089719	-0.930266	-0.721641	-3.529764	0.392729	2.661341
3.923324	-1.721891	1.380444	0.884262	0.932956	-2.967777	-0.473718	4.070358
3.795421	-2.928777	1.433634	-1.130549	2.851629	-1.746657	-2.308657	3.047157
1.385947	-1.153174	1.383452	-0.668199	2.720178	-1.750403	-0.432888	1.987339
0.261401	1.159518	-0.820001	-0.525386	-0.745197	1.505583	-1.094412	0.735502
-2.633616	0.589198	-1.417925	-2.516612	-1.062496	1.486501	-0.673229	-1.213053
-4.499006	-0.793933	1.086281	-1.592576	0.442580	1.313651	0.754761	-2.373828
-3.550168	2.874224	2.307618	-0.468478	-0.066368	2.200432	3.141057	-3.980723
-1.419401	3.866269	3.314685	1.121882	-1.364041	-1.462755	3.635258	0.225661
-2.405607	2.715103	1.808284	1.868004	-0.178138	-2.731913	2.883965	1.682924
-1.956786	0.469424	0.600415	1.881488	-2.284760	-3.033140	2.200376	4.058065
-0.452338	0.346234	-0.384521	0.135435	-1.462807	-3.435637	1.265392	3.171683
-0.285462	0.217532	-2.047024	-1.003355	-2.053978	-4.717405	0.233111	3.187079
-0.481959	1.460217	-0.952093	0.119217	-2.782874	-1.880145	-0.879766	0.199950
0.709170	3.536391	0.414972	0.518153	-2.582795	0.509445	-2.244640	-2.853903
3.778025	2.605852	1.977572	-2.018249	-3.237740	-1.161038	-3.445912	-2.041880
3.846907	4.287501	0.842907	0.454713	-2.350709	-0.792093	-2.155782	-4.143984
4.889715	3.993338	3.090678	0.939239	-1.639603	-1.954620	-3.546850	-0.424513
3.052448	1.634863	4.640385	1.093928	-2.987521	-0.951621	-3.402917	3.228531
1.013807	-1.399424	2.326528	0.425682	-0.258763	-2.511495	-1.643983	2.541047
0.484191	-0.943923	3.469309	-0.036100	-0.016929	-1.446443	-1.875949	0.641436
-2.207200	-2.066634	0.625327	-0.127917	-1.417219	-0.502065	-1.407516	-0.638104
-3.360466	-0.095058	0.741683	0.183431	-2.154732	-2.787161	-3.619383	-0.672673
-2.298908	-2.401993	-0.402823	-0.550856	-0.233169	-1.246333	-0.287952	-3.747872
-3.956826	0.664559	-0.057590	-1.574677	2.917671	-1.146580	-0.850322	-0.995600
-1.701821	-1.497001	-2.633118	-1.793433	2.752089	0.050997	-1.427195	0.216240
1.695409	-1.974472	-2.242507	-2.420822	1.967184	1.645399	0.006630	0.333249
2.137061	-1.930255	-1.236556	-2.317944	1.100856	0.239523	-0.566148	1.358927
3.753336	-2.872350	1.452935	-0.957400	0.095207	-0.048129	-0.979030	-0.733628
5.854034	-2.128057	0.729966	-0.921688	-0.827264	-1.295458	-1.401216	-3.572416
5.776553	-2.879675	2.663539	-0.146708	-1.434357	-1.771865	-0.389806	-4.139637
4.298695	-1.477305	1.378352	0.491539	-1.054870	-0.857450	-3.286502	-3.205292
1.782158	-1.725946	0.979807	0.094256	-2.297604	-0.944613	-0.035403	-3.814081
-0.330259	0.832302	1.678504	0.340040	-5.409958	1.167946	1.203790	-3.894505
-2.621954	0.329738	0.875142	0.361195	-1.694432	1.006325	2.019577	-3.892165
-5.261529	1.124164	-1.151176	0.966419	-2.341026	2.013525	2.113857	-2.657060
-4.175585	1.861379	-1.161353	-0.691387	-0.384938	-0.877355	0.822430	-0.838592
-3.145621	1.406683	-3.612786	-0.425223	2.170332	2.312085	-0.366905	0.326940
1.263162	0.697177	-2.714776	1.897813	0.366083	3.892845	0.083352	-1.825765
2.307564	-1.464840	-2.281723	1.372919	-0.127183	-0.373176	1.261700	-0.013508
3.716784	0.398833	1.282575	0.002398	0.224734	0.930721	2.848739	-1.189689
2.680122	-1.303503	0.999216	0.196449	2.565335	-0.369463	2.266368	0.402392
0.286977	-2.124450	2.368602	0.908073	2.289420	-0.094828	5.249988	-1.273266
-0.514251	-0.270606	-0.585768	-1.879730	2.229390	1.997524	2.621997	-0.126362
-2.768163	-1.847371	-1.618793	-1.816859	-0.176355	4.128393	1.696395	0.860402
-0.207058	-2.046745	-0.960272	-3.418215	1.155785	3.355280	0.496183	-0.153074
-0.715938	-1.026528	-0.573707	-2.467595	2.144213	4.144083	1.363258	-1.343189
-1.546603	-1.413319	-0.458595	-1.790101	3.693527	3.044403	0.527822	0.009255
-0.297753	-1.776319	-3.902837	-1.257230	2.067129	5.235939	1.887473	1.516259
1.667112	-0.535126	-0.808733	0.235816	3.599620	4.323491	3.066311	-0.022578
1.621390	-1.689042	-2.320083	1.466438	0.909000	3.861058	2.058736	0.007444
3.935081	-0.553465	-2.368786	4.705138	0.391869	2.620139	2.517747	1.998525
4.291685	-1.287095	-0.633441	2.846915	0.266829	0.293636	-1.360455	2.334964
0.781201	-0.236331	-4.378049	3.487071	0.695680	-1.158553	-1.126172	1.900862
1.142730	0.215026	-1.666510	1.178104	-0.307376	-1.320428	-0.013004	0.720618
-1.832931	-1.096824	-0.387722	0.630117	-1.177941	-1.613890	-0.791251	-0.971168
-3.200980	-1.701379	-1.291186	-1.611990	-3.789812	-5.445138	-1.852914	-2.050296
-4.403119	-0.011639	-1.862102	-0.525918	-2.007789	-2.814674	-1.461892	-1.558466
-3.827848	3.817995	-0.132268	-2.266365	-2.698571	-1.817197	-2.330086	-3.130679
-2.130868	1.327425	3.050514	-0.947232	-1.909657	-3.118808	-0.643697	-2.683333
-1.499579	1.109151	2.055247	0.085984	-2.477147	-3.549707	-1.750625	-4.558830
-2.058481	1.767072	1.357329	0.019781	-0.654239	-1.126594	-2.044969	-3.310570
1.067825	-1.429610	0.134161	-2.606540	-2.747734	-0.664671	-2.277432	-2.405251
-0.974762	-0.112295	-2.489756	-1.440977	-4.675730	-2.023836	-2.622011	-1.439675
-2.215342	-0.852283	-1.289322	-0.449731	-1.922926	-0.512492	-2.393209	-3.083441
-1.761815	1.086327	0.455864	-1.265201	-3.180321	-0.631937	-2.740926	-1.757250
-0.440282	1.503435	1.033401	-1.978186	-0.710715	1.568927	-1.766460	-1.966501
1.130156	2.231142	-0.829809	-0.211087	-1.763507	2.129901	-3.527814	-2.779893
4.453800	3.180848	1.054232	-0.547203	-1.970396	1.969483	-2.356886	-1.146728
4.523148	4.243853	2.708527	-1.901332	-3.021381	3.558174	-1.531678	-1.677204
3.954501	3.213359	2.227776	-1.745675	-1.275761	2.979673	-2.254690	-1.005422
3.553957	2.826865	0.572078	-0.513832	-0.844435	1.642679	-1.815621	-0.841581
0.230317	2.841772	1.456934	-0.867101	-2.992503	1.518393	1.160528	-3.080081
-2.153521	0.535180	-0.921654	-0.683982	-3.010564	-0.825786	-0.051843	-1.562422
-3.449456	-1.696509	-3.342388	-0.629475	0.225684	-2.960059	-0.419735	-2.546303
-5.007189	-1.519496	-1.690465	1.004720	-0.870159	-1.534425	0.565553	-1.500825
-3.087921	-1.529280	-2.985686	0.716604	-0.170692	-0.321786	2.556620	-0.138187
-1.953652	-2.963660	-3.974951	0.297078	1.241086	-1.257042	3.597667	1.373511
-0.200381	-2.902436	-2.795658	3.591042	-0.552923	-2.533293	0.470592	0.687771
-0.669211	-2.330207	-4.407407	4.002596	1.699179	-2.504939	0.092997	0.150691
-0.383441	-0.058873	-3.943897	1.843641	1.987496	-0.203581	1.582680	0.867973
-1.144071	-0.202633	-3.899928	0.959477	2.958727	1.629280	2.405442	-1.326983
-4.009201	-0.922386	-4.322300	2.233305	4.215874	2.291945	2.311383	0.539223
-1.054933	1.964067	-3.508410	2.660125	5.990137	2.055212	-0.692598	1.481293
0.852833	-0.099371	-0.242960	4.101937	6.530417	2.191982	1.721700	1.075726
-1.226603	3.975698	1.000852	0.451442	4.424216	1.926353	-0.054124	2.860123
-2.392040	1.906676	-0.940474	-0.042661	1.830633	2.981926	0.795231	1.714285
-1.548881	-0.361836	-0.740936	-1.100469	1.859571	0.279300	-0.613936	2.801511
-3.103524	1.619162	0.376366	1.213016	3.957730	0.200074	0.400875	3.602904
-0.119570	1.948971	-0.629068	2.420696	5.522210	3.392148	0.531065	3.154863
-2.620320	1.483391	-0.667635	4.029170	2.479913	2.427221	1.230134	2.681189
-1.656673	1.677724	-2.073137	3.690139	2.442740	3.600994	-0.905919	2.567783
-0.448330	0.380969	1.403228	2.274103	-1.127309	0.129765	-1.210294	1.226546
-0.933992	-1.006973	1.931262	1.759463	-3.565333	-0.937266	-1.209790	-0.640422
-2.201858	-3.551000	-1.434236	0.926419	-4.557730	-3.870099	-2.461107	-1.314120
-1.349128	-3.114012	-0.507263	-1.741729	-3.533600	-2.759736	-3.039946	-0.859047
-2.414404	-0.097010	-0.076320	-2.159581	-3.296843	-1.009276	-1.831705	2.857397
-2.253984	2.323510	1.707894	-1.270836	-1.306356	-5.457420	-2.909886	1.966914
-1.814369	2.659946	1.130881	-2.010094	-0.809140	-2.894968	-2.942787	4.337604
-3.230960	1.074699	3.904342	-0.899055	1.539206	-2.419322	-2.707509	3.930968
-2.241256	0.800971	2.407878	-0.476318	0.135484	-0.142482	-0.980451	4.277208
-2.179958	-2.420038	3.592089	0.481317	3.160293	-1.465647	-0.884213	1.439524
-0.960065	-2.102927	2.465476	2.388449	4.216936	-0.034720	-1.087896	0.577016
-1.754678	1.842104	3.603242	1.347780	4.917012	2.132600	0.108302	-0.955713
-2.253196	2.626057	5.837186	1.102909	4.584123	1.645612	0.846180	1.810737
-1.318420	3.692631	3.742511	1.993536	3.716569	1.901716	-0.270061	1.019867
-1.589350	3.087629	5.114216	0.725263	2.117550	-1.181390	0.487879	0.361177
-0.007586	2.713949	5.040804	0.787588	-0.543831	-2.248505	-1.774800	0.857170
-2.402827	-1.811105	1.630076	0.180213	-1.169375	-0.549031	-3.536497	0.127147
-0.581874	-1.768135	3.056232	1.778236	3.460219	-1.126767	0.180488	-1.604493
-1.170926	-1.197939	3.385875	2.076260	1.587152	-2.557816	0.118355	-0.851947
1.866216	-0.939216	2.252704	0.773382	0.248925	0.344324	0.659805	0.085086
0.970352	-3.159166	1.319123	0.388705	-0.061562	0.414850	2.061038	1.773907
-2.019216	-1.669688	-0.218469	0.557527	-2.988608	-0.884037	-0.279145	-1.282384
-0.570789	0.332119	-2.706469	-1.138951	-2.206413	-1.959838	-1.031245	-3.293684
-1.057168	-2.358343	-3.254177	-1.228229	-2.912575	-4.730754	-1.418360	-4.203492
-0.996651	-1.801976	-2.637991	-3.235307	-3.700995	-1.414586	-0.959590	-3.205208
0.168562	0.319923	-1.940009	-2.986785	-1.915271	-1.972534	-0.110135	-4.457330
-1.353129	-1.913545	-1.733730	-3.404863	3.891797	-1.336099	-0.740495	-3.336757
2.341075	-3.016181	-2.022853	-1.054440	1.318709	1.018219	1.270032	0.844114
0.380276	-2.316382	-2.186776	-1.495317	4.485767	0.108818	1.578546	-1.963518
3.593774	-2.171049	-2.341997	-2.722494	2.182570	2.446498	-1.118452	0.044950
5.816269	-2.673480	0.342984	-1.775671	1.164719	2.850858	-0.070663	-0.441982
6.628562	-1.000075	1.006270	-2.742348	3.302815	1.570798	0.074515	2.640688
5.658352	-3.945533	-0.919737	-0.975424	3.015058	0.912617	-0.478917	2.774063
3.629741	-1.207053	-0.893638	0.401100	3.359149	0.632413	3.149440	2.925942
0.346129	-1.985534	-0.263028	-1.309376	-0.513412	1.947687	3.348187	1.258727
-0.987584	0.533525	0.700192	-4.115652	1.336775	-0.957364	3.401326	2.632621
-3.718498	0.073825	1.799825	-1.470827	1.219311	0.594262	3.437257	1.177024
-4.187811	2.121766	1.876473	-0.591803	0.586896	0.712363	4.647980	2.328037
-2.329323	3.788749	2.232736	0.620821	4.133831	0.878137	2.920697	1.929563
-1.637034	4.853575	4.134618	1.102545	2.100915	2.468785	2.762508	1.701504
-2.009543	2.270846	5.004719	1.191269	3.362550	2.700305	0.342213	2.497859
0.663251	4.948361	2.982142	2.178792	3.425435	3.750497	0.393114	1.201232
4.192148	3.502422	4.003288	0.526215	-1.685930	3.701559	-2.840888	-0.720477
5.469049	1.523030	1.635359	2.603337	-2.722243	3.953291	-1.499594	0.071435
7.529855	1.135885	2.819757	0.220959	-2.837105	3.573393	-1.042601	1.032068
5.283966	0.029888	-0.688616	-0.836020	-1.843716	-2.051738	-4.258309	-2.261775
5.341783	-1.590659	1.523141	0.419099	-2.842275	-1.555501	-0.803317	-0.452093
6.108307	-1.705956	1.962031	-2.005883	-4.169883	-2.576097	-2.706025	0.374115
3.447339	0.505198	1.011456	-2.506866	-1.732939	-5.090728	-2.272431	-3.033848
5.266480	0.427803	0.690117	-2.280051	-1.038043	-2.699195	-3.118534	-2.569481
6.058130	-1.679039	2.760817	-0.902437	-1.959195	-1.297997	-2.101034	-4.793582
4.754090	-0.927727	-1.025543	-0.084426	-2.282195	-3.871637	-5.048229	-1.463050
2.431062	-1.703061	0.832639	0.459583	-3.422643	-1.490514	-1.567318	-0.047582
-1.273955	0.139361	-1.002034	-1.305910	-3.394139	-0.915431	0.312199	-1.476478
-4.042958	-0.996362	-0.363761	0.413694	-1.684484	0.300912	0.546324	0.197665
-4.316247	0.597873	-0.130439	-1.479805	-1.424376	0.238115	3.657757	-1.500952
-2.740422	2.746866	0.763234	-0.851507	-1.987717	-1.097224	3.758600	-1.132327
-2.374980	5.074417	1.042859	-3.140213	-0.706305	-2.709906	5.933854	0.213441
-1.524120	3.647828	1.621838	0.347978	-1.417742	-0.130932	4.398120	1.814656
0.582457	2.213000	2.887775	-0.936335	-2.669728	-2.517102	2.678599	2.228117
-0.642646	4.165033	2.403270	-1.052952	-2.643763	-2.009018	3.146592	1.889228
-0.176629	1.354828	4.234027	-0.740874	-0.967946	-1.116881	3.684201	1.018290
1.141110	3.042787	0.484847	-1.022801	-2.178279	-2.982591	2.814726	2.104604
0.411371	4.305510	-0.293768	0.064567	-3.391861	0.238350	-0.384930	0.414573
-3.100843	-1.395503	0.993984	-1.530670	-3.314993	1.288942	1.146132	1.889698
-3.102933	-2.207549	-0.462293	-1.150613	-2.512875	0.473483	2.083415	3.194582
-0.960296	-1.862829	-2.369499	-2.579362	-4.899107	-0.293328	0.880119	1.659425
-1.064831	-0.205042	-1.253431	-0.863018	-2.954590	-1.975791	1.944746	1.435730
-0.516437	3.878914	0.716014	1.867320	-0.992324	-1.544008	-0.829303	-2.009702
-0.885314	2.523239	1.656437	-0.166449	-0.729910	-1.404180	-2.029426	-2.564768
-0.461458	0.985634	0.450340	0.994075	-1.635847	-1.142108	-0.544923	-3.212367
1.944330	-0.234999	-0.679373	-1.097009	-0.246737	-0.962192	-2.410591	-1.108397
3.249453	-1.720561	-1.320802	1.779399	0.181820	-0.074535	-2.311130	-0.272555
1.695111	-1.162751	-0.138243	1.423198	0.161923	-0.261736	-1.457938	0.755559
0.781306	-1.164766	-2.877494	2.925989	1.517673	1.355102	-0.043014	0.395347
-0.818160	-1.948408	0.864846	3.732271	2.711968	0.287480	0.350545	1.776213
-2.444186	-1.328674	0.357181	3.931443	-0.339492	-0.001605	-1.327162	-1.090344
-1.459871	-0.757264	-0.757788	0.508006	1.268392	0.128848	-2.027832	0.305180
-2.721914	-0.787577	-0.326258	-0.927142	1.833219	-2.418665	-0.327964	2.809086
-0.630312	0.878488	-0.091728	-2.661300	1.512290	1.057758	-1.799756	2.553176
0.109936	1.236931	0.846705	-0.385569	-2.424697	-0.943286	0.365693	4.564052
1.723831	1.613953	3.068744	-1.119449	-1.317143	-0.846598	1.614484	2.134516
0.631375	0.224956	3.441491	1.715960	-0.082048	-0.415279	4.251120	0.451669
2.313570	-1.107560	0.981447	2.152956	2.154087	0.274271	4.234701	-0.811586
-0.582184	-3.070194	1.298316	6.377440	1.104761	1.601750	3.434930	-0.787448
0.575017	-1.718845	-0.401301	2.186012	3.048274	2.685157	2.734608	0.164486
-0.354528	-1.355013	-1.397501	2.610670	5.864124	1.413690	2.861836	3.111116
-1.192916	-2.674797	-2.810382	2.045015	2.235911	3.210749	1.958116	3.302846
-3.187146	-2.298695	-4.891143	-1.439854	0.979034	3.319333	-0.892850	2.686977
-2.393515	-1.073707	-3.637379	-0.727737	1.072992	0.201840	-1.103861	-0.378890
-1.496923	-0.028633	-5.846990	0.537366	1.257184	0.100170	-1.231515	-1.114652
-1.866368	-2.320271	-2.939173	2.551354	3.255709	1.966721	-1.580810	0.812893
-2.499447	0.445980	-4.635926	3.026627	3.851466	1.196491	1.337556	1.745646
0.481040	-0.972581	-3.235947	-0.918316	1.274054	-0.516219	-1.225517	0.470109
-0.745704	-1.466951	-2.093533	-2.696975	-0.329628	-2.562912	-1.485326	-1.208616
0.328222	-1.496131	-3.088082	-0.450450	-0.962281	-1.580188	-3.185869	-3.151226
0.064319	-1.612020	-0.259492	-1.508942	-3.279006	-1.582748	-3.484045	-3.370320
-2.626910	-1.157716	-0.268360	-2.103650	-2.788004	-0.965195	-1.988052	-4.226297
0.685437	-0.198319	-0.711686	-2.146676	-2.773176	1.047872	-2.472288	-3.925554
-0.525740	1.531672	-2.738066	-3.315019	-0.978024	3.981851	-4.190452	-5.155489
0.064862	2.816257	2.168102	-0.037380	-0.629948	3.752641	-1.142441	-3.881602
