X1	X2	X3	X4	X5	X6	X7	X8
-0.722465	-1.501684	-0.036923	-2.347556	-1.621874	-1.502729	-2.279616	-2.141858
-0.082108	-1.815914	-1.588446	-2.970246	-2.214605	-0.265536	-0.650169	-2.556813
-2.280578	-3.113863	-1.707826	-2.129902	-2.019057	0.330472	0.539462	-3.172424
-2.116473	-2.449633	-2.260963	-2.510924	-2.593031	1.404297	2.118178	-2.908892
-1.637495	0.156074	0.703640	-0.902311	-0.702626	0.238439	2.432480	-0.846916
-1.190144	2.814857	0.711480	0.715238	-0.225240	0.935299	2.279770	2.116204
-1.636320	1.368515	-2.097044	0.340523	0.482727	-1.974624	1.755948	3.586767
-4.045022	0.960145	-3.014736	1.599346	2.059175	-0.539529	1.582916	4.087574
-0.043552	0.735048	-5.136897	3.492007	1.931205	2.133685	2.357175	3.713123
-0.958009	-0.132380	-5.977829	1.753007	3.154119	2.537919	2.137126	2.312815
-1.559092	-0.096738	-6.896235	2.392846	2.148916	2.651771	1.354270	0.414949
-0.403804	-2.898430	-7.210716	2.743025	3.540498	3.544144	1.043108	-0.801274
-0.266442	-2.169355	-4.987875	0.457946	2.124665	2.331138	1.482442	-1.381255
-1.564707	0.125284	-5.003114	-3.053592	2.252418	2.068253	-0.679827	-1.689594
-2.863999	-2.348713	-1.796834	-2.028186	2.571959	-0.062610	-0.270998	-0.964992
2.221682	0.161951	1.992561	-2.386537	-0.136713	-0.924550	-1.677170	-1.782648
3.181237	-1.431824	0.287271	0.528457	-0.016296	-2.293167	0.575458	0.115337
3.578866	-1.342841	1.319593	2.239296	-0.931689	-2.391261	0.507687	-0.635538
2.335969	-2.153300	0.432425	3.607382	-1.470791	-2.566830	-2.116580	1.281729
6.909447	0.126398	0.377366	4.868815	-0.919402	-0.910874	-1.217744	-0.844565
4.691599	1.365950	1.881913	4.787797	-0.472620	-0.188293	-0.892002	-0.125318
4.608427	-0.377644	1.055165	3.606328	1.915856	-0.868984	-0.848854	1.938669
3.583631	-2.395485	0.787919	0.292110	2.212326	1.123951	-0.595498	3.441794
4.020512	-1.577476	2.545475	1.744143	-0.262508	-1.081185	0.300466	0.450259
3.950169	-1.677917	3.605130	0.554628	-0.104145	-2.482393	-1.535959	1.373263
2.696505	-0.162610	3.578683	3.887268	2.400416	0.354629	0.477227	-0.314194
1.910118	-1.375056	3.962331	2.756061	0.142075	1.008881	-0.667574	-0.149614
2.277110	-1.613556	3.762374	-0.402789	-0.209465	1.431364	2.597039	-1.046696
-0.209718	0.050588	-0.035391	-2.541383	1.036996	-0.696120	-2.172333	-2.064540
0.311835	0.816876	3.631036	-2.224518	-0.029041	-2.187672	-2.267489	-2.372447
-2.312631	3.412706	-1.048049	0.417105	-1.381275	-1.650090	-1.442127	-2.150017
0.574184	2.764677	1.416155	-0.671511	0.032596	2.181827	-1.150746	-1.929651
0.702083	4.411787	3.464945	0.152334	0.018873	-0.028320	0.159056	0.879051
1.295666	2.612535	1.201819	-1.128759	3.296357	3.352269	0.617978	1.181589
1.265233	0.189221	1.538777	1.129213	4.245049	3.310795	1.656724	2.109663
2.183886	-0.206457	1.416316	0.202349	4.604950	3.590460	2.261894	2.729571
0.102425	-0.355600	-1.773964	0.020051	4.382562	-0.600136	2.255988	1.489213
-2.227648	2.261790	0.463536	-1.912879	5.037686	-0.154091	1.387910	0.098490
-0.812032	1.515613	1.452912	-0.072940	3.525523	-0.248006	1.295259	1.245500
0.219174	3.816667	3.402365	0.145268	1.075074	-2.268577	0.899337	0.788544
-0.515329	4.784052	2.226294	0.502748	-1.027059	-1.832705	1.913446	-3.674180
1.034660	3.047266	0.470696	-0.999501	-0.886775	-2.354089	3.034487	-1.432771
1.049942	0.502308	1.880470	-0.802775	-2.087573	-1.732727	1.329160	-2.198930
1.670018	0.509978	3.592816	-0.646375	-2.183652	1.941881	2.618667	-2.763358
1.880591	1.771073	2.223332	-1.452898	-0.794410	0.697337	-1.695490	-2.609554
1.302360	3.198094	1.297817	-1.152244	-1.863546	3.071942	-1.021711	-1.887220
1.031627	3.707039	0.074969	-2.644611	-2.427359	5.105297	-2.127093	-2.469456
-1.115706	-0.909593	-0.688511	-1.086898	-2.931947	1.891803	-2.265537	-1.813562
-0.034339	-0.904803	-0.180726	-0.137604	-2.913509	0.750961	-2.953240	-2.489239
-0.936869	-0.422192	2.040923	0.420974	-1.410344	-1.599628	-3.557301	-1.669988
-1.238796	-1.655261	2.244136	-2.366165	-1.159151	-1.953462	-1.565619	-3.810908
-2.828517	-0.442510	1.412612	-0.727718	-1.024128	-0.068440	0.202206	-1.165600
-1.994833	-1.650441	-0.006651	0.765915	-1.178873	-1.070562	-0.695723	0.522135
-0.761041	-1.074455	-1.188953	0.390337	-1.245986	-1.335825	-1.988205	2.837097
0.065060	-2.098552	-1.154796	2.797448	0.322035	-0.372529	-1.274640	3.710384
-1.000728	-2.534233	-0.138379	3.114950	-1.027709	-1.315773	-1.819925	3.598498
-0.185804	0.094300	-2.169005	0.520044	-3.332017	-1.692955	-1.323060	0.388637
-0.624366	-0.334452	-1.778774	-1.567369	-0.997887	-2.139274	0.445456	-0.542800
-2.193313	-2.013391	-2.096287	-4.842486	1.554582	-0.749229	2.807325	-2.011212
0.217656	0.333583	0.335556	-2.343108	0.308992	1.263281	4.951848	-1.634601
-2.930456	-0.159332	-1.868147	-3.828632	2.449143	1.273458	3.930925	-1.205367
0.258951	2.669564	0.244104	-2.310357	1.072037	-0.621697	0.305759	0.823089
-2.135920	2.422171	0.508108	-3.152581	-2.153525	0.172817	0.786051	2.165668
-0.917669	1.850387	0.645265	-0.681704	-1.633441	-1.567798	-1.650099	4.684168
-0.397693	-1.318488	2.475973	-0.861325	-3.118910	-0.537742	-2.255990	1.151888
-0.992991	-0.225255	0.681733	1.943960	-1.668431	-0.640913	-0.684419	0.297429
-1.047161	-1.766915	3.872042	0.907149	-2.446302	2.530490	-1.872687	-1.711710
-2.139002	-1.172068	2.676802	-0.945454	-1.831623	2.926070	-1.847891	-4.609931
-1.234113	0.051686	2.767510	-2.550549	-1.536792	3.638225	-0.967732	-3.149533
-3.004790	1.297145	-1.128933	-2.285534	-3.712508	1.013959	-1.767506	1.846083
-0.260534	-1.418791	-1.586827	-2.075008	-1.770270	0.768473	-1.255915	4.866416
-2.755142	-0.947022	-1.420775	-1.651770	-0.658376	-0.966533	-3.180256	3.811166
-1.147912	1.958951	2.239224	0.914382	-1.525625	1.389643	-0.395028	4.647932
-2.793644	3.444127	5.329970	0.652449	-0.647416	0.518403	-0.986830	4.330514
-1.380834	4.412305	6.249162	-0.518368	2.296353	-1.416853	-1.049862	2.869810
-2.835382	4.676287	4.407499	2.681933	-0.370218	-3.327622	-0.322721	1.227220
-0.334487	5.996770	5.140281	2.673753	-1.154128	0.450695	-1.100208	-1.704456
-2.443445	2.432454	3.672307	1.102693	-1.431475	-1.744499	-1.488421	0.075681
-1.093156	0.007340	0.383277	1.336654	-0.586558	-3.340303	-3.324459	0.711931
-0.630318	-2.470774	-2.421909	-0.138162	0.573125	-1.801416	-0.998121	-0.282608
-2.280130	-5.348388	-5.302051	1.525946	-1.716527	-1.618437	-2.148006	-0.785736
-2.036289	-4.042601	-7.040651	-0.414421	-0.777111	-1.321263	-1.915013	1.910946
-1.454295	-2.434016	-9.021809	0.688739	-0.482027	-1.200495	-2.145941	5.127738
-0.832145	-1.868631	-5.366824	2.917427	-0.142873	-0.250431	-0.645889	2.948040
-2.593338	-1.678748	-4.091798	0.534143	-0.885749	-1.177069	-1.026656	0.768249
-2.146772	0.495834	-4.713430	-2.018310	-2.252253	-3.382208	-1.724041	-2.139833
-1.475845	-1.186686	-1.891321	-1.484632	-1.292785	-2.488347	-3.919644	-3.482308
-0.771757	-0.093808	-0.612372	-1.773422	-1.296743	-2.062385	-2.093863	2.581723
-2.538304	-1.230733	-0.682782	-1.846078	-2.658426	-3.491020	-1.086597	3.411559
0.173313	-1.220260	-2.139651	-2.876799	-2.991934	-1.105051	-3.062646	2.734401
-2.559203	-0.282490	-1.692481	-3.445084	-3.180266	-1.933077	-2.264508	0.219447
-2.142850	0.001377	-0.608371	-2.062732	-1.327619	-2.923196	-1.592483	-1.227203
-1.118628	-0.629060	-4.959722	-3.009341	-2.165695	-1.646108	-2.028270	-2.367750
-2.395334	1.019300	-2.123934	-2.196512	-2.660191	-2.801812	-3.318468	-1.154895
-0.817267	-1.682443	-0.328307	-0.544842	-3.060807	-3.520105	-1.863077	0.965662
-0.833225	-1.542691	2.073159	-0.387530	-1.271242	-1.096787	-1.853294	-0.305380
-1.187107	0.574458	1.776863	-0.037876	-1.569095	-1.232957	-1.086320	-0.179523
-2.405412	3.727303	1.215206	0.147721	-0.754565	0.004287	1.519746	-3.943365
-0.040238	5.488544	2.172186	-1.609436	-0.300752	1.311745	0.776504	-1.617409
-0.016582	2.390780	2.366404	-0.695049	0.099445	0.860819	-0.958343	-2.910055
-2.168145	3.144712	0.153860	-1.440414	-0.405873	1.810411	1.988204	-4.560704
-2.688325	4.213740	1.796853	1.169868	-0.387605	-0.544780	3.750347	-1.094855
-0.847119	4.067664	-1.206017	3.430098	2.424450	4.157649	4.300985	1.822889
-1.672628	0.641083	-1.474250	3.978777	3.668592	2.717097	6.805020	2.548628
-1.204448	0.361498	-1.908246	2.309607	4.851421	5.534368	3.359053	3.199261
-1.403379	-2.995092	-7.935106	4.185189	4.090539	4.509260	4.016383	3.103688
-1.313520	-4.454586	-6.598429	3.615822	3.368746	3.035877	3.424012	4.106909
2.835131	-0.876485	-8.157316	2.451108	2.919443	4.995817	1.929341	5.306121
3.207475	-0.504487	-3.231767	1.309547	2.511730	1.919484	2.066569	2.856825
4.548313	-2.519894	2.056318	0.452642	3.612807	-0.212924	3.048599	1.578919
3.434947	-0.631206	2.401039	0.243591	2.626176	-0.838703	1.551829	0.297204
2.594078	1.546079	2.140195	-0.793003	0.425537	-2.148154	0.181061	-2.051423
3.209308	-0.087740	2.020986	-2.488541	-0.569310	-3.182876	-2.116004	-3.776761
0.149637	-1.573763	-0.549187	-3.322421	-1.252564	-3.164167	-1.182767	-3.904111
0.211066	-0.312890	-2.194026	-2.942543	-1.883925	-1.784927	1.795574	-2.571974
-1.962102	-2.148921	-3.928330	-1.607806	-0.939293	-0.777155	3.884919	-0.269551
-2.429568	-0.719555	-0.201399	0.724890	0.467034	0.280750	5.368969	1.969457
-1.012530	-0.799993	2.385466	1.410746	1.746955	0.789290	0.157624	1.426050
-0.580286	-0.882434	0.847666	0.522363	-0.672930	-1.004936	0.274684	0.090727
-2.746436	-2.426978	-0.228101	1.257742	-1.333519	-0.426027	-2.001050	-0.923613
-1.292478	-0.963725	0.556967	1.924582	0.434786	-0.064781	-0.143677	-0.790170
-2.691913	-0.512375	-0.988932	5.537185	-0.247912	-0.573498	-0.394397	-2.823147
-2.124537	-0.351727	0.806402	4.598950	3.515285	-0.505777	-1.182710	-0.915142
-0.811351	0.286118	0.044970	2.115479	0.518978	-1.268417	1.176785	-1.210257
-1.635754	-1.091239	3.252371	3.672471	1.594467	1.145382	0.481888	-1.791493
-1.566144	-0.334797	-0.312695	0.947928	1.237452	-0.839079	1.334099	0.590849
-0.372321	-0.785058	2.440271	0.946349	0.073734	-0.139799	-1.785380	-1.582431
-0.592683	-1.426120	-2.826330	-3.733765	-1.205088	-0.272278	0.030150	-2.446834
-2.437831	-0.903983	-1.281999	-3.873413	-3.087913	0.981485	1.440189	-2.242661
-0.979262	-0.710747	-0.429536	-4.719496	-2.085041	-0.705910	0.320639	-3.243413
-1.584777	-3.174612	-1.282741	-3.414313	-2.300273	0.576939	-0.860801	-1.671090
-0.384273	-0.957678	0.117885	-0.415863	-2.426608	-4.045969	-0.931031	-2.299293
2.938348	-2.485944	1.476643	-1.343447	-1.252546	-1.859532	0.402350	-0.830723
3.071589	-1.190210	1.393431	-3.531365	0.328713	-2.064251	0.751643	-0.326781
1.514150	-3.218575	3.026250	-1.316316	0.903468	-0.910425	-0.716553	-1.889768
3.619332	-1.175541	1.185100	-0.701799	2.127020	0.373947	-2.054938	-0.752184
2.617435	0.026795	2.160580	0.989084	-0.185632	-1.724034	-0.957110	-1.975530
4.550560	-0.874768	1.241390	1.949235	-0.016487	-2.824570	1.754729	0.400392
1.538908	-3.724630	2.132530	0.535553	2.776854	-0.118359	2.277381	0.163583
1.772879	-1.062591	1.222899	-1.712161	3.321291	0.608200	1.480745	1.365142
1.146474	-1.548449	0.948098	-1.130108	0.265824	1.000406	0.105022	0.037267
-0.363506	1.603794	-1.260775	0.678112	1.032052	1.893360	-1.694488	-1.418642
3.166938	1.946340	0.109880	3.962900	1.421276	1.054262	-0.011585	-0.457585
1.170409	3.814589	-0.433536	3.372255	3.050996	1.650012	0.589030	2.740235
3.939406	6.334141	0.381276	5.539278	2.085110	0.752811	3.818659	0.611420
4.917029	3.258196	0.959615	4.375367	1.976018	2.223859	2.975402	-0.174133
5.323979	3.273254	1.095881	5.112924	2.930521	4.481356	-0.182842	0.466476
1.828357	-0.341783	0.641575	1.923048	4.285718	0.551602	1.204027	1.759346
1.926163	-0.658317	-2.847206	4.729438	4.394608	2.962597	2.765610	0.629877
0.292198	-2.439546	-3.019460	1.365995	3.319792	0.995741	0.919506	7.211567
1.781661	-2.401370	0.573912	1.464518	3.268268	1.107735	-0.189684	4.612917
1.279953	-1.361989	2.163810	1.124807	1.332337	0.644379	-2.488460	4.489225
1.166575	-1.993204	4.549432	0.392362	0.834298	-1.821928	-0.857322	-1.223510
0.843227	-1.010512	3.276979	-0.437618	0.651650	-3.417286	-2.010371	-2.855089
1.078409	0.938585	3.795150	2.107268	-0.581807	-1.404294	0.218394	-3.824011
1.716121	-0.143412	-0.144555	1.482618	-1.285373	-0.155253	-1.743128	-4.164678
2.800964	0.491097	-1.883836	3.901932	0.109950	0.847838	2.385365	-2.461991
0.146038	1.582313	-3.425994	0.072210	-3.216937	1.391978	0.617370	-2.286750
1.410743	2.232135	-2.952329	-1.210048	0.481365	3.640467	1.966190	-2.771356
-0.479321	2.359965	0.517957	-0.254643	0.392756	1.976805	-2.331577	-0.086010
-1.885653	1.267102	-1.765734	-2.432876	-0.723266	1.946092	-2.689231	-0.409513
-1.916553	1.620746	0.114696	-3.064847	-1.441200	3.322128	-1.407372	-2.467664
-0.988322	-1.359401	-0.332653	-2.431957	-0.595948	3.282411	-2.300399	-1.717166
-2.121158	-1.383941	-1.332481	-1.751206	-0.917310	1.149444	-0.867513	-3.038619
-0.849362	-0.393973	-0.318190	-2.219094	-2.429087	1.266024	1.630386	-0.806822
-0.448834	1.077704	0.916522	-0.220923	-2.137279	-1.244249	2.417498	-0.436378
-3.236274	2.308889	2.455252	-0.153793	-0.108787	-2.453174	1.236222	3.172213
-0.476181	1.790983	3.820202	2.064396	-0.488811	-1.920852	0.152859	4.512050
-0.324355	-0.513214	4.586169	0.040242	0.706747	-4.202184	-1.256492	5.631134
0.025703	-2.493602	0.301254	-0.519656	-0.884413	-1.610469	-2.293730	3.498663
0.642193	-0.665881	2.270957	0.244604	0.248308	-2.284909	-0.575056	4.048436
0.575416	0.360450	0.890977	0.601918	-0.846590	-1.954003	-2.167771	4.278553
2.098872	-2.354810	1.167112	-1.225213	2.487092	1.181848	-0.233274	3.646813
3.386161	0.891941	1.618564	1.361310	0.208853	1.389943	-2.586965	-0.793185
2.893182	-0.287999	3.734931	-1.083814	1.394392	1.390082	-2.424445	-2.524740
0.414235	-0.502829	2.040414	0.118314	2.021409	1.293064	-2.919715	-4.791155
2.457822	-1.291649	0.924510	-0.810107	-2.383697	3.405989	-2.343073	-5.603129
2.862241	-0.704358	2.400021	-1.017277	-0.798928	4.076657	-2.826621	-0.654062
1.862292	0.873843	3.257945	2.830202	-2.198483	3.170866	-0.706959	2.252243
2.397076	-0.444146	3.809882	0.540130	-0.095963	3.115517	-2.083086	5.029888
0.894692	-1.194824	2.599731	1.794106	-0.443570	3.694508	-0.743804	7.549970
-1.042360	-1.509892	3.713793	1.251728	-0.785104	4.381339	0.073588	2.436491
-0.509280	-3.277449	1.769066	0.947995	0.102434	3.764809	-0.777612	2.291248
-2.803267	-1.625095	-0.448150	2.436308	-0.429157	2.137318	-1.812202	-2.551758
-3.374522	0.206369	-5.044855	-0.189936	-0.001877	4.240065	-1.300584	-3.560228
-2.104446	-0.136656	-7.101151	1.132162	0.136572	1.240649	0.097343	-3.012363
0.640262	-1.345870	-8.138337	3.621802	0.568790	0.406570	0.536378	-3.224663
2.356102	0.255027	-5.707013	2.037783	1.605576	1.469826	-0.483480	0.100672
1.725273	0.427234	-2.017481	3.138603	2.537830	1.061317	1.621170	-1.872260
2.704876	-1.662948	-1.219241	1.103661	0.718950	1.296742	2.829127	0.572942
1.359310	-0.487219	-0.971994	2.022856	1.734935	2.547401	-0.219010	0.639578
2.242375	-0.897480	0.053461	-2.176513	-0.410315	4.520992	1.777961	-0.955055
0.196271	0.079170	1.787423	-0.843647	0.272299	3.718016	-0.996763	-2.504055
-0.754302	2.382030	0.500190	-2.032647	-0.766124	3.595570	-1.753581	-1.360124
1.562056	2.848601	3.412264	1.006085	-0.799285	2.070654	-3.140694	-0.843661
-0.665356	4.740382	1.282143	-0.707951	-0.719285	1.706768	-1.240902	2.021632
1.712462	4.624073	2.597127	0.310843	0.014677	-1.599590	-0.970205	1.178056
-1.520389	4.904574	1.276815	0.263965	-0.307402	-2.436621	1.578197	1.132110
0.682790	3.313985	3.996107	-1.225285	-0.502322	-0.593625	3.226102	-1.024906
0.940499	3.160506	3.421203	-0.064508	-1.391884	-1.466303	4.698411	-1.710793
4.253837	1.813036	3.861802	1.575393	-0.504788	2.890144	2.886124	0.452549
2.482206	2.962676	2.251704	1.760219	-0.862336	1.143315	5.434039	1.004220
0.661603	4.500025	0.293108	1.828167	-0.498328	1.360308	3.566657	4.308019
-0.196969	2.263083	0.997314	0.635836	-3.045665	2.716924	-1.392823	1.259347
1.316187	1.017750	0.501922	1.627525	-2.268448	2.175060	-3.168301	-1.877797
-1.916227	-0.962374	-1.999469	-0.739667	0.509123	-0.864983	-2.674578	-0.435214
-1.461713	-1.581490	-5.183260	-0.072841	0.018947	-2.051307	-1.580654	-1.930303
-0.807169	0.315001	-0.769649	0.245901	0.011822	-3.137513	-3.496229	-3.744964
-1.422997	3.232301	-0.654839	0.551857	-3.675451	-2.705901	-2.167503	-2.435699
-0.785797	0.605808	2.490771	1.350327	-0.935173	-2.234673	1.013522	-0.082207
-1.786067	-0.169377	2.403880	1.069809	0.045154	-1.168431	3.913647	-0.253887
-3.485810	-3.387256	2.150289	4.333102	1.720430	-0.599773	4.635672	-0.297141
-2.158624	-0.902928	1.629496	4.564804	3.913455	-1.564203	4.422995	-1.711769
-1.850210	-1.925093	1.303202	3.693914	-0.110772	0.842480	6.516316	2.101230
-1.858668	-1.607153	-1.874193	3.002831	2.256648	0.558774	4.831636	0.501155
-1.662098	-0.251207	-3.562491	4.558653	2.401114	-0.817422	4.827954	0.876407
-2.010100	-1.622456	-5.086491	2.719480	0.443026	-1.665808	4.452569	-0.439414
-1.926074	2.852000	-5.344393	1.011109	2.173983	-3.539287	3.843781	-2.959810
-0.304920	1.073060	-2.372699	-0.117460	-0.291715	-1.454558	4.050790	-4.254979
-0.934739	1.906125	-2.246907	-0.396530	-2.316769	-1.719322	3.108395	-1.499022
1.960270	1.133893	1.034682	-2.838201	-0.893880	-2.876782	3.653496	-1.097838
2.123407	-0.946436	0.786868	-1.524475	-1.200848	-2.621637	-0.455107	-1.163428
3.084371	-2.417561	3.529750	-1.125852	-1.091074	-0.496189	-0.325715	-1.232791
0.921463	-3.079685	-1.448472	-0.359836	-0.626258	-1.197538	-1.622228	-1.199227
0.034382	-0.555206	0.602403	1.098174	-1.876800	-2.051787	-1.449446	-2.209836
-2.210871	-1.109427	-1.808226	0.231176	-0.693102	-0.615635	0.782230	-2.370618
-0.772997	0.739554	-3.796459	-3.164632	-2.155264	-1.938984	-2.752500	-3.004973
-1.146294	-1.022965	-4.011096	-2.745550	-0.515485	-2.734035	-2.629636	-1.667801
-2.857465	1.450517	-1.934638	-2.074181	-1.450867	0.068612	-1.506579	-1.470901
-2.317608	4.574097	-0.511383	-1.798325	-1.285211	-0.382145	-1.644328	1.473927
-2.326823	3.468877	0.780967	-0.276084	-0.291415	-0.151606	-1.814585	-3.034316
-2.163610	5.181055	0.695914	-0.734459	-0.428281	-0.170773	-2.618150	-1.592232
-2.279970	3.665430	1.501356	-1.124652	-3.013010	-1.189147	-3.668322	-0.288918
-3.776801	2.614203	1.098294	-0.385063	-0.628600	-1.763628	-2.787802	3.216325
-1.403505	-0.003827	-0.170472	-1.407494	-1.778554	-1.180018	-2.767691	2.977698
-2.209281	-0.299161	-0.526243	-0.670647	-2.162270	-3.119517	-1.648488	5.637600
-0.490228	-1.435500	-1.544717	-0.019823	-1.400050	-1.527826	-1.842095	3.252033
-1.954947	0.734457	-2.302195	0.676778	-0.962793	2.996154	0.342890	3.874397
-1.876838	0.112508	-2.348777	-1.244346	-0.060900	4.549721	2.138865	4.591392
-2.795001	-1.224547	-2.406962	-2.396697	2.227929	2.806876	-0.190069	1.188518
-2.902734	-1.621709	-4.765151	-1.658476	1.006394	1.776617	-1.357713	-3.220223
-2.671839	-1.147379	-0.931144	-2.095183	-0.155405	-0.763657	0.233133	-2.589031
-1.854515	0.722344	-1.923639	-1.137320	2.772432	-0.574147	-0.103431	-0.628706
-1.340361	-0.381942	0.278663	-2.539089	3.929904	-1.571852	0.618494	-1.760646
-2.139878	-0.064438	-1.601239	-1.341590	1.779811	-1.353975	-0.720292	0.718147
-2.641866	-1.891243	0.522058	-4.191125	-0.353245	-1.262316	-1.895888	-1.737824
-0.288023	-1.712459	-1.289248	-2.863895	-2.305367	-1.168276	-2.039095	-3.061459
0.147749	-0.100686	-0.893455	-1.573501	-1.385253	-1.794356	-4.579713	-2.133658
-0.653348	-1.265925	1.744136	-0.495144	-2.450603	-1.150656	-2.289343	-3.454919
0.199885	-1.176076	0.807326	-1.301425	-2.135518	1.309723	-0.936584	-2.560143
2.778249	-0.174641	0.078114	1.054055	-2.646197	0.417781	-1.432537	-0.523028
3.891344	1.094881	1.632403	-1.446406	-2.821940	-1.605185	-2.250801	2.675627
3.639171	0.814288	2.261891	1.331791	-0.281048	-2.277273	-1.656377	3.809822
2.104129	-0.001620	2.813779	-1.578054	-1.113319	-3.646286	-0.181364	1.635658
2.540219	-1.396844	1.085069	-0.669042	0.695946	-2.653523	-2.667664	-2.276465
1.323641	1.050416	0.336259	-1.446176	-2.348653	-3.499386	-3.006875	-2.238344
-0.901304	-1.620742	-0.595949	0.414645	0.518985	-1.550475	0.543701	-3.487780
-1.143616	-0.750518	-3.360155	-0.168880	-2.726740	0.558410	1.977565	-3.039572
-2.554195	-0.826012	-2.192958	-0.926653	-0.286027	0.589968	1.085718	-2.286218
-1.128040	-0.513225	-3.345159	-1.915375	-1.287277	2.573798	-1.390442	-2.168217
-2.742851	-0.933458	-3.282755	-0.176247	0.512811	5.312099	-0.522814	-1.773369
-2.640028	-1.647512	-3.166848	-1.162068	-0.971063	4.138872	-0.252898	0.571127
-1.949470	-0.669988	-3.262635	1.680558	1.110603	3.919915	2.083306	-1.769328
-2.193577	-0.361785	-3.806417	1.108433	-1.989093	1.703728	1.446398	-0.190332
-2.785049	0.174295	-6.823494	2.574355	1.468351	2.897711	2.857378	3.748815
-1.452684	-0.290449	-3.452363	4.360822	1.600436	0.578763	1.843146	4.254915
-0.658083	-1.430516	2.065975	3.915135	2.640361	-0.407216	0.088202	2.034168
3.482254	-0.045808	3.178120	4.347993	-0.038173	-2.052427	-0.505154	1.809776
4.087929	-1.748726	1.072375	2.575794	1.808835	-1.596070	-1.826921	-2.565860
3.965741	0.233030	1.651038	0.151238	-2.822914	-2.888145	-4.147700	-2.973339
0.243792	-0.080041	2.053412	-2.354376	-0.179121	-3.020454	-3.305990	-3.487260
-0.099819	-1.665539	-0.187204	-4.690948	-0.457183	-2.682896	-0.647192	-3.266422
-0.443691	-0.481165	-0.156608	-3.376780	-1.328902	-1.443571	-1.660004	-2.321023
-2.227124	-1.141520	-1.421000	-2.554171	1.333725	-0.697081	-1.257628	-2.273063
-2.292517	-0.313005	-4.539179	-2.822723	-2.590603	-1.108024	1.254638	0.535761
-0.275569	0.085281	-2.433244	-1.251736	0.515516	-1.613302	5.738293	-2.692651
-1.267181	-0.100965	-2.588894	-3.145411	-2.051717	-2.424215	1.643538	-1.025598
-4.033451	-1.663742	-4.337329	-3.716249	-0.036803	-1.235462	0.013273	-2.582478
-0.836779	-0.310051	-1.278047	-1.827049	-3.407539	-0.260545	-0.949403	-2.113589
0.161835	-0.506792	-1.132148	-0.861213	-1.548426	1.048137	-0.972687	-1.837332
0.965892	-0.861068	0.235568	1.640159	-0.879362	1.352684	-2.400781	-2.133003
1.801992	0.489423	-0.920996	0.821367	-1.806346	-0.153805	-2.021084	-0.436503
2.042536	0.266479	-1.057141	-0.185291	-2.700678	-1.141429	-1.623396	-3.158428
0.430424	1.251200	-2.084365	-2.457513	-0.098156	-3.745990	-3.053417	-2.474679
0.910357	-1.204414	-1.540867	-1.307202	-2.497780	-0.616486	1.757155	1.388446
-0.164464	0.288834	0.077553	0.544543	-1.063049	2.090782	2.084419	3.476849
2.611460	-1.165754	-1.593103	-1.597279	-2.166460	0.328414	3.086375	5.210031
2.629531	-2.262280	2.420865	-0.339668	-0.136515	3.641909	3.599225	2.842494
2.445049	-1.298545	1.583958	-0.807125	-0.699311	3.171369	4.510067	1.463338
2.314714	0.398852	3.749178	1.016251	1.098653	1.467193	4.866404	-1.177634
5.060928	-2.117191	0.674525	0.214558	-1.791022	2.270081	4.703835	-2.156621
2.062089	0.641127	3.527600	1.476497	-0.446535	0.644034	0.514760	2.226179
4.467000	-0.980696	0.627005	-0.884332	-1.291986	-2.279550	0.466380	1.003566
3.713560	3.216940	3.385240	0.185769	0.460128	-2.263969	-1.993404	0.616142
3.706171	4.032134	2.211306	2.506902	-0.509192	-3.458523	-1.812492	-0.117890
3.853432	3.548186	2.382804	1.764265	-0.151946	-3.418513	-2.617984	-1.857330
3.772744	4.059496	3.556236	2.505158	1.267268	-1.719238	-2.838279	-1.423177
2.968807	5.011162	3.092402	2.276082	0.674051	-1.071299	-1.502876	-3.290428
4.584523	1.268185	5.462204	1.629236	-0.989295	-0.696794	-1.402276	-1.703782
1.661692	1.220164	2.349741	0.608319	0.602430	-1.299923	-0.389077	-1.820337
0.375914	-0.046102	2.122417	-0.649567	-0.490772	-1.107187	-1.675979	-1.589192
0.472789	-2.843913	-0.036169	-2.501324	-1.400199	-2.503785	-4.191681	-2.255046
-1.432681	-2.072769	-2.005316	-3.095250	-1.069251	-2.183716	-1.130183	-3.656796
-2.246697	-1.784072	0.161578	-1.731148	-1.079025	0.639918	-1.311885	1.084158
-0.654957	-0.665320	-0.077586	-2.778515	1.696478	3.456820	0.264115	-1.557381
-1.352262	0.420784	-3.469207	-0.683053	0.488562	4.072489	0.694317	-0.006113
-1.378110	-1.952859	0.618315	-3.487562	1.033926	4.937725	-0.178778	-1.322535
-2.383602	-1.351749	-0.862818	-2.929941	0.926574	4.770529	-1.104371	1.125454
-1.782536	-0.415387	-2.034704	-0.401190	3.487105	2.333501	2.009441	-0.019444
-2.395513	-0.871174	-0.098744	-2.221409	3.794122	3.448242	1.493357	1.833071
-1.888931	0.931191	0.050564	-2.248799	3.563225	-0.962648	0.516578	1.911103
-0.846091	-1.294194	1.629322	-0.241559	0.514518	-1.271369	0.085706	0.891052
-1.031292	0.417572	1.310029	-1.916589	1.974799	-2.801520	0.175639	0.246720
-1.953333	0.547088	0.514688	-0.523189	-2.757627	-2.705001	-0.309020	2.617609
-2.966414	-1.199546	2.219800	0.222741	-2.746261	-1.897610	1.168029	3.066219
1.468366	-1.873730	1.719265	0.942102	-2.140101	-1.825049	2.346587	1.490154
1.899906	-0.603865	2.641884	-0.085707	-1.439444	-2.390116	-1.217546	1.292914
1.959708	-1.492951	0.386559	-0.183386	-0.237090	-0.022010	-0.419469	-0.198000
0.591972	-0.909088	2.753991	0.662267	-0.090338	1.280868	-0.400580	0.958915
-1.181902	-1.183877	2.947880	-0.633350	3.434316	-0.509781	-0.062081	-0.021039
-0.811913	-0.583617	2.704528	0.300765	2.137571	-0.451755	-0.903768	-0.001563
1.098639	-0.979510	0.629836	-2.500189	1.515330	-1.931456	-0.768343	1.637647
0.217354	-1.450154	1.987504	-0.849411	-1.159106	-1.512481	-0.161603	0.988392
-0.498766	-0.204451	-0.224765	-2.725101	-0.606735	-2.935331	-2.465749	4.660973
1.811977	-2.220301	-0.077272	0.840141	-1.962656	-2.425305	-1.551679	5.103892
1.078686	-0.828203	-1.623614	0.412915	-1.466567	-2.323002	-0.361192	5.332650
1.997959	0.095541	-2.343892	1.190622	-0.437666	-2.613521	-2.488889	3.032049
2.636098	-2.129567	-0.864804	3.266762	0.792547	-1.060963	0.433833	3.815591
4.997403	-0.737229	-1.136849	1.811536	-0.458024	0.523673	1.781974	1.813076
3.181474	3.125956	2.753375	-1.143957	-2.218080	2.268789	0.478534	-0.317993
0.975611	2.418887	2.607567	-2.177316	0.350083	2.784284	-0.298185	-2.839215
2.407015	4.149565	2.415229	1.183660	1.076965	3.138660	-2.655082	-3.558288
-0.120114	2.507089	1.467262	-1.195330	1.492668	4.619017	-0.411058	-4.885112
-1.133275	-0.605640	1.657567	-1.389085	-1.603506	-0.029444	-0.355310	-2.313384
1.132032	0.099176	-0.700555	-0.332805	-1.315156	0.191176	3.239562	-0.619403
0.602007	-1.197961	1.389097	1.348511	-1.823281	-2.482020	1.850859	-3.342568
1.008950	-2.887653	1.888123	-2.181137	-0.788377	-2.442232	0.884581	-1.558777
1.384062	-2.952998	0.364126	-1.116348	-0.352845	-2.554661	-0.397969	-2.996628
0.135843	-2.091497	1.688105	0.578477	-2.626982	-3.065004	-1.398393	-2.497121
0.072192	-0.409451	3.023761	-1.033261	-1.205787	-0.431761	-4.479587	-2.057954
-3.901088	-1.235958	-2.536104	-0.487161	-0.850758	-0.449933	-3.906953	0.217975
-0.656999	-0.336920	-3.459790	2.100377	-0.307594	-1.864417	-4.081588	3.101666
-1.826040	-0.201335	-4.421096	2.104153	-2.131692	-1.198813	-0.248692	3.399222
-1.618111	-0.248105	-6.482220	1.950467	0.158948	-0.085922	-0.210764	4.699944
-1.443011	-3.359828	-5.351063	-0.206079	1.740228	0.245059	2.365997	5.856032
-2.117041	-1.103805	-7.634622	-0.567086	-0.665251	-3.543770	1.568292	3.319389
-1.393300	1.066664	-3.815999	-1.192953	-0.877886	-2.024609	-1.356979	0.927016
-1.255587	-2.945620	-1.864690	-4.169380	-1.276676	-1.502857	-2.177814	-3.338687
-1.231504	-1.572758	-0.281997	-0.302566	-0.284720	-1.724813	-5.033512	-3.405717
-0.645450	0.926151	-3.062117	-0.596911	-2.418917	-3.246277	-0.258473	1.614026
-0.675424	-1.672594	-1.789551	-0.665315	0.013936	-2.681347	0.062005	3.105743
-1.846226	0.564008	-0.632697	-0.381077	-1.773860	-1.278324	1.911222	3.011637
-0.783156	1.297657	2.958446	-1.508696	-1.039203	-0.238307	0.316079	3.419308
-1.396915	-0.342647	2.148677	-0.587174	0.438806	-0.587594	-0.518823	-0.440942
1.242699	1.891096	1.495799	1.763192	-0.925728	-2.027485	0.695717	1.165787
1.848785	-1.292213	2.332710	5.187902	0.079394	0.591520	-1.486599	1.779596
3.048643	0.171626	5.151114	1.343855	1.187274	1.697522	1.548528	2.826788
4.837874	-1.574388	5.594809	1.656252	2.571714	3.273021	2.447299	4.004063
1.090977	-1.041754	5.076496	1.089693	4.503014	4.765520	4.049616	1.100922
2.197852	1.187929	3.166378	2.396480	5.122278	3.642417	3.432880	3.533566
1.493400	-2.134340	3.886352	-0.524488	4.556805	3.736813	3.666191	0.885596
-0.819178	-0.911460	4.395822	-0.089011	3.256597	2.639410	3.949951	0.846214
-1.883185	-0.905332	3.829887	0.763012	4.768156	0.905708	1.959360	2.776020
-2.105418	-1.322954	3.640447	0.259682	4.205583	-0.933093	3.157918	0.344716
0.206322	1.057873	4.194304	0.532198	2.878379	-1.125191	-1.599172	1.018102
-2.184766	-0.881050	4.187958	1.652362	1.438645	1.553912	-1.122111	-0.783920
-0.365681	-2.421023	1.348209	2.556572	2.506484	3.898619	-1.232697	-0.001150
-1.712722	-2.052645	-0.024442	0.385530	2.431195	5.183330	0.828471	0.756113
-0.787591	-0.534917	-1.544694	-1.075564	-0.138919	5.058145	2.369393	-0.444929
-0.566286	-1.871638	-2.589047	-0.102609	-0.818258	4.537065	2.886570	1.444324
2.341691	-0.105208	-1.715500	3.168194	-0.440719	4.559491	2.375903	0.083473
3.565041	-0.290626	-0.984053	2.072545	-1.120203	1.951722	2.397893	0.486319
4.847165	-1.217393	0.095094	0.650046	0.942592	1.545459	-0.044459	0.288862
2.937261	-1.453707	0.245242	-0.125804	-0.980332	-1.514096	0.351247	-0.964496
-0.462570	-0.768368	-0.613708	-2.535604	0.026025	-3.215144	0.757312	-1.233354
0.202073	-1.497477	0.140544	-3.591655	5.809565	-1.527084	-1.433962	0.660987
-0.444112	-0.895532	-1.557302	-3.051755	5.581289	1.024184	0.907525	2.454130
-2.736525	1.176366	-1.633446	-2.137905	1.506097	1.362261	2.632573	3.983374
-2.109964	2.356018	1.075814	-1.281905	2.808591	1.483846	1.234083	1.933120
-1.562731	3.088925	1.743977	-1.148354	0.736972	1.039242	2.548057	-1.222931
-2.966825	5.895886	1.997244	-0.919052	3.313540	1.040447	-1.678805	1.643922
-2.051246	4.079603	2.352115	-1.539399	2.131498	-1.354937	-1.754903	-3.759620
-1.571795	3.235776	-0.891910	0.042305	-0.805655	1.579790	-2.154535	-1.035458
-1.568872	4.986504	1.077370	2.059261	-1.405518	1.264728	-2.057001	-0.172590
-1.485676	4.317489	0.568155	2.124468	1.504012	4.028077	-0.166701	2.621584
-0.831508	3.691230	-2.255854	0.597026	2.700933	5.821637	2.390167	4.459764
0.268433	1.631129	0.198042	-0.099564	3.301148	1.918810	1.272604	2.665252
0.528845	0.447186	-0.456156	-1.250302	2.612157	1.539795	0.798909	1.793248
-1.273971	-2.183199	2.774152	0.652412	-0.778040	0.672393	3.540684	-3.302448
2.770486	-2.141826	2.680067	0.688977	0.090460	-2.596797	3.279529	-2.548136
4.363714	-1.037793	4.771888	0.667195	1.439255	-2.163774	2.227344	-5.225814
3.695214	-1.490802	2.690715	0.802864	-0.653752	-3.666737	0.647231	-2.211283
5.142185	1.577850	2.388950	1.940685	0.443938	-3.772787	-1.491509	-3.752942
0.277128	2.133362	1.154192	3.804358	0.214327	-1.387624	0.347222	-0.675790
2.566642	2.762035	-0.645659	0.912083	-1.024086	-0.792446	-2.534373	3.313372
0.279927	2.791670	1.407497	0.259360	2.554502	-1.263355	-1.916695	1.680745
0.353884	2.168066	1.492661	-0.486012	-0.494911	-1.618450	-2.066342	2.199130
0.530112	0.405124	-0.674267	0.613568	-2.842423	-2.301731	-0.075414	3.417927
-2.257790	1.962945	-0.496788	1.829800	-1.985434	0.478502	3.713588	2.125035
-1.979221	3.049930	-3.387800	1.004283	-0.712043	-1.459450	3.757767	2.506556
-0.662181	-0.443822	-4.541905	1.481617	-0.049750	0.927111	3.756822	0.957589
-0.487670	0.131390	-4.653102	1.922003	1.275645	5.719587	3.667653	-0.412165
-0.421389	-1.202333	-5.539690	0.365239	0.501943	2.424377	5.916962	1.267993
-0.183738	-3.761691	-5.170971	2.119926	3.819045	2.895581	3.691648	2.930465
0.274083	-2.431784	-6.772143	0.051564	2.744050	1.470800	3.406812	4.401550
-1.058326	-1.822510	-2.245407	2.027552	3.658859	0.136432	1.870155	3.736748
-1.205365	-1.973470	0.981237	0.544390	1.741172	-0.726922	0.937976	3.874760
0.267266	1.032738	2.660190	1.184578	0.728689	-0.275162	-1.071723	3.007986
-1.930933	-2.135687	2.031350	-0.953684	0.208511	-2.342588	-2.200243	-2.100975
0.772237	-1.041343	0.876419	-1.056598	-3.340163	-0.041201	-3.234783	-3.541423
-1.031724	-1.206731	-0.186603	-3.551362	-2.758231	0.802699	-2.647843	-7.187056
0.053385	0.176450	-1.553618	-3.613178	-2.769195	1.717512	-4.268523	-5.335176
0.011163	-0.090899	-3.044624	-3.610646	-2.852654	0.487938	-2.190122	-3.147582
-1.067490	-1.503078	-1.635623	-3.720866	-4.111208	1.020377	-3.317640	-3.112374
-1.988674	-0.935486	-1.208213	-2.582039	-1.270557	0.444828	-0.965377	-1.627452
-1.244890	-1.589623	-1.338395	-1.249465	-1.325200	-1.962909	-1.838033	-0.923717
-1.604236	-2.253989	-1.621670	0.384156	-0.971039	-1.056235	-1.211807	-2.893468
-1.489314	-1.478382	-4.666536	-2.835977	-0.075673	-0.834949	-1.319200	-2.254106
-0.280124	-0.357802	-0.414395	-2.340065	1.079897	-2.331252	-1.702410	-0.088730
-0.564365	0.310351	0.469754	-0.208607	0.739472	-0.429645	0.950461	-1.107341
1.248062	-1.719423	-0.294890	-0.643306	3.246952	1.197272	0.240715	-0.203439
3.551857	-0.192122	3.831774	-1.373860	-0.608365	-0.146601	-1.996049	-0.828424
4.149520	-1.591146	1.737445	-0.427471	0.244123	-0.561165	-2.375931	-2.460296
1.833752	-1.678095	1.409323	-0.859339	-1.347786	-0.833121	-0.783931	-5.025755
2.015351	2.102131	1.097908	-0.011165	-0.385492	-3.522268	-2.791848	-1.511802
-0.339082	2.732035	-0.588400	1.350451	-3.209395	-1.505807	0.755417	-1.002036
-0.591448	2.611114	-2.387901	1.779707	-0.328795	-1.005940	-1.069536	-0.965359
-0.391546	-0.464128	-3.645096	2.178404	-1.073293	-3.592766	0.763694	-2.526370
-2.691676	-1.803693	-2.939784	0.180540	-0.483090	-1.239086	2.083006	-2.713569
-0.565239	-1.686380	-1.998466	0.087215	-0.878486	-4.151001	2.351201	-0.569657
-0.311434	-2.491687	1.073658	-0.815672	-1.521081	-1.697612	1.750577	0.212266
-0.242062	-1.715015	2.536687	0.853979	-0.121175	-1.194318	3.471436	1.703000
1.434577	-1.620464	5.339923	-0.659634	4.312929	1.001578	2.522676	3.072244
1.528683	-1.500232	3.710664	-1.804511	4.073033	0.881177	1.944199	2.834297
1.890556	-1.351019	3.541610	-0.262654	4.268035	2.329278	1.149603	2.332561
2.049597	-0.603024	3.617462	1.050638	3.256434	1.320079	1.603688	0.775934
2.681605	-2.078448	1.635018	2.553464	2.125330	-1.540319	1.325554	1.925616
2.467979	0.672911	-0.261921	4.129121	3.831223	0.267882	-1.496598	4.589806
-1.692179	-1.630547	0.165644	1.319811	2.396510	0.346281	-0.386670	4.234605
-1.416071	-1.306822	0.781314	2.368631	2.382293	-1.235422	-0.832561	2.880311
-2.586595	0.793887	-2.054412	-0.755420	-1.032731	-0.994128	0.001728	1.636225
-1.097153	2.416380	1.873266	0.716559	-0.766163	-0.543238	-2.135804	2.293846
0.999256	4.235259	2.528947	1.082465	0.419998	0.046246	-1.975856	2.329973
-0.244268	5.361523	1.460531	1.583298	0.313250	0.046525	-0.545429	3.862307
0.528575	3.620472	3.047219	1.148857	-0.110408	0.847296	-3.827523	5.009946
1.198485	3.939709	0.682310	0.983140	1.527223	3.681959	1.227362	5.602490
-0.119438	1.066732	2.861903	0.149548	-0.567958	2.605513	1.584924	3.684639
-1.435195	3.429342	2.187598	-1.242122	-0.513252	3.607957	0.639464	3.610692
-1.279784	-0.642959	1.160196	-1.883170	0.075740	-0.129210	1.893381	3.299049
-1.288707	1.142527	1.726696	-1.365898	-1.536783	-0.834389	-1.129126	4.316010
-1.247862	0.268503	-0.162903	-4.247906	-0.332322	-1.337081	0.392844	1.327473
-0.027651	-2.027232	-1.088300	-3.455796	-1.156679	-4.457288	1.847389	-1.159762
-1.386073	-2.940478	-1.943397	-2.009468	-2.011754	-1.673811	-0.535091	-2.407094
-0.579827	-1.463432	-1.154692	-1.698025	-0.585949	0.871950	3.943104	-6.591426
1.460285	1.193203	-1.242987	-1.854166	-2.240965	2.705392	2.629472	-3.789156
0.191165	-0.560670	-0.421381	-3.269994	-3.316204	2.515816	2.944814	-2.656487
1.103112	-0.141351	-1.055475	-2.341409	-2.030966	-1.475381	3.539629	-3.323618
-1.224074	-1.242440	0.388530	-1.066713	-0.412753	-1.432599	0.186315	-0.675549
0.982607	-1.967836	2.509235	-0.391107	-0.937866	-1.640741	-1.036927	-2.204382
3.753956	-3.141739	0.834140	-0.480493	-1.607707	-1.199706	-1.835398	-0.459217
3.330172	-2.376548	3.569443	-1.614070	-2.297777	-0.360097	-1.268200	-1.586655
1.335556	-2.663264	4.301445	-0.079142	-1.936177	1.659786	-2.360032	-1.969295
0.916408	-0.616285	0.167346	-2.332608	-1.466710	1.443740	-2.104095	-1.560239
0.303027	-0.067910	0.457845	-2.061971	-1.023175	0.210865	-1.548791	-1.892688
-0.513485	0.798260	-0.442258	-0.484631	-2.366576	-1.037940	-2.700419	0.366859
-0.692030	3.112725	2.557336	-1.972990	-0.415013	-2.338578	-1.485481	-2.333399
1.808893	2.966888	2.677328	-2.138550	-1.329988	-3.988650	0.065522	0.112736
-1.659415	4.660047	3.642817	-0.822811	-0.011203	-1.225856	0.099690	-1.479234
-2.322455	3.790603	3.015202	-0.532776	0.563242	-1.628499	-2.627678	0.504488
0.691773	2.832657	2.535684	0.310055	-1.884057	-1.000579	-2.680283	-1.706198
0.618370	3.205810	1.385463	-1.273819	0.242401	0.824501	0.060273	-0.409791
-1.185265	-0.837638	0.468437	-1.585201	-1.724788	0.020740	-1.109409	-1.861694
-2.251830	-0.704888	0.469107	-3.318292	-0.512924	2.895937	-2.754130	-1.200806
0.499473	-0.483238	-1.529428	-0.157692	-1.417810	1.889890	-3.522992	-1.617328
-0.960054	-0.922987	-3.403367	0.955596	0.024653	0.515298	-0.471896	0.169640
-1.315112	0.136664	-4.712512	1.277670	-0.212937	-0.808941	-0.247242	1.309096
1.532499	0.474016	-6.428862	1.307531	0.629018	-2.471129	-2.272732	-0.517859
-1.119320	-2.621831	-7.133718	2.749075	1.562518	-0.475866	-0.722567	-0.369827
0.658331	-0.691075	-8.364080	0.143903	-0.085841	-2.526755	-1.062746	2.065693
0.070952	-3.702617	-8.398449	2.434911	0.260740	-1.861597	0.749727	3.641399
-0.534957	-1.669057	-7.168224	2.320799	0.308759	0.057506	-0.382446	2.191691
-2.575696	-1.050492	-5.519606	2.585165	-0.782886	-1.049747	-0.665269	0.116068
-1.480264	0.628175	-3.598995	2.957807	-1.593796	-2.743058	-0.104141	-0.756970
0.552139	1.210748	-3.328092	0.064125	-0.502374	-1.331729	0.194537	-1.691524
-1.177188	-0.776276	-3.304097	-0.015684	-2.258121	-2.250661	-1.239538	-2.861594
0.383657	0.072706	0.636790	-1.383520	-1.125639	-2.025757	0.098635	-1.032981
0.693072	-0.994506	-1.109532	-4.259687	1.236169	-0.999416	2.028353	1.502214
-0.004540	-3.136213	1.667038	-0.969984	-1.488198	0.804758	2.020317	1.340291
0.787919	2.160088	3.422298	1.935786	-0.374742	2.283864	1.243324	2.093649
-0.305650	1.262895	5.728249	3.796622	-0.254365	2.669900	2.213673	1.143688
-0.255347	3.474309	5.490290	4.282722	1.030631	2.279665	0.369864	1.074307
0.213928	3.704132	1.096922	2.260684	2.498144	0.990956	-0.839505	-1.930894
-0.038224	4.408462	2.984143	-0.100592	2.795071	1.070573	-0.855435	-1.953217
-1.886803	3.206602	0.650153	1.206891	-1.338989	-2.973887	-0.731227	0.227740
-0.575009	2.956351	-0.407848	-0.660768	1.544863	-0.974225	-0.413182	-3.060326
-0.746442	-1.352791	0.090340	2.393030	1.849722	0.534357	0.600897	0.819085
-2.325702	-1.431922	-2.993384	0.432382	-1.032311	4.132757	-0.739489	-1.502527
-0.683588	-3.171742	-1.113420	2.030787	1.263360	3.948973	-0.449542	0.379937
-0.453000	-4.707952	0.641731	2.087144	2.263533	3.449203	1.479536	-0.320922
-0.182037	-3.452650	1.653170	1.597650	1.632907	3.222247	2.431644	-0.885007
