X1	X2	X3	X4	X5	X6	X7	X8	X9
-1.612676	-3.452773	-3.982186	-5.045182	-5.189907	-0.625359	-3.663330	-1.895621	-0.668740
-1.559381	-2.977580	-2.116528	-3.454709	-4.225956	-3.367979	-3.259522	-2.436039	-1.319204
0.039726	-1.202326	-2.650177	-1.243302	-4.596732	-4.715359	-4.229744	-2.381388	-0.305126
2.130141	-2.264410	-2.905831	-2.302461	-4.397132	-1.042100	-4.488397	-2.320171	-2.147906
2.476766	0.068867	0.590209	2.082715	-1.188858	-1.444000	-1.406882	0.389912	1.495855
5.234199	3.369107	3.647544	5.323326	1.985493	1.429139	0.858299	4.129859	1.815560
1.845539	3.150209	1.718075	3.732572	4.020420	3.001218	0.926344	2.532768	3.884207
0.676585	2.413275	1.425603	5.073955	2.420626	3.291838	1.492853	0.337338	0.815598
-1.176562	-0.155295	0.911827	2.042674	2.627010	5.025998	2.343424	-1.163232	-0.071768
-2.799205	-2.559701	-1.746651	1.372730	1.562673	0.276399	1.178555	-1.487344	-1.160589
-2.458644	-1.149242	-0.913431	-1.308577	-0.327383	-1.255560	0.199346	-3.503300	-0.971165
-0.777179	0.224583	1.175687	-3.621846	0.848941	-2.716677	0.216295	-1.481900	-1.986997
-1.232912	0.638175	-0.481197	-2.044876	1.865248	-1.290954	0.990400	-1.940147	-2.101783
-1.789443	2.086033	0.446919	-1.750968	2.343337	-2.390789	-1.002738	0.439759	-2.266423
0.094627	3.022458	-1.729566	-2.072322	4.222410	-1.860284	-1.707423	-0.137685	-1.297816
-0.734402	0.107951	-0.708251	-1.683235	1.687967	-3.436536	0.047145	-1.927080	-0.910662
-2.711632	-0.398487	-0.690236	-3.167610	-0.573790	-2.817648	-4.497735	-3.602527	0.001939
0.309638	-3.548657	-3.331620	-3.011644	-2.180761	-3.486417	-4.941465	-2.532827	-0.499912
0.150805	-2.601856	-2.234303	-0.012337	-2.419646	0.505355	-2.803845	-1.472283	1.907785
-0.556930	-0.448485	-1.258585	1.788610	1.410358	-0.835831	-1.041278	-3.882196	1.277131
-0.252569	1.022056	1.223834	-0.193902	1.403251	0.191425	-2.009364	-1.579167	-0.444073
1.002388	1.947169	-1.781045	-0.431173	1.397933	0.509723	-2.214705	-2.560198	0.720273
1.490541	0.841854	-2.646822	-3.373702	0.992605	-2.288537	-0.939001	-2.514489	-2.255930
0.555789	-2.098588	-4.360796	-6.031889	-2.800831	-3.524855	-2.701155	-2.603243	-3.882783
-0.273270	-3.646957	-1.858268	-2.141634	-3.370675	-1.788630	-2.028766	-1.987562	-4.150483
-1.488136	1.734848	-0.329838	0.797163	-0.473525	-0.255063	-0.067137	0.407955	-1.481832
-2.043009	0.345428	0.129895	3.889603	1.334818	4.210647	2.482331	3.185904	4.256772
-1.973090	2.826583	1.562931	5.121086	2.845256	4.089499	3.266938	5.348885	2.621130
-0.107979	1.672213	2.239270	4.124712	3.871990	4.809994	3.563982	3.853596	0.720741
-1.251378	1.355520	-0.133787	3.583281	1.648420	1.289832	1.974062	5.016036	1.250907
-2.026488	-1.007596	0.906759	0.523294	0.097048	0.156312	0.022776	0.164903	-0.206671
-1.238408	-2.388434	-1.029592	-4.687049	-0.022026	-2.480864	-1.959675	-4.030604	-0.497494
-2.624439	-2.242594	-2.051340	-8.193849	-2.013500	-0.755998	-4.783094	-6.252287	-2.624961
-1.065182	-0.664175	-1.500084	-6.470504	-0.629475	-1.819489	-1.083682	-3.969846	0.052229
-0.288137	-1.416277	-0.730025	-4.742416	-1.258649	-0.906036	0.410462	0.116916	-0.967823
-2.598006	-0.395398	-1.439462	-0.563082	-1.032320	0.381759	3.329034	1.007699	0.102783
-1.499988	2.068862	-1.551695	1.655095	-2.439390	-1.813302	2.141035	1.903100	-0.296953
-0.359884	0.869503	-0.327026	0.849117	-1.542556	0.059980	5.138663	2.345419	2.637472
-3.014095	-1.903874	-0.553952	1.254184	-0.724817	1.905105	3.202117	1.377854	2.319256
-1.333622	-2.045068	1.881824	1.945896	-2.961374	-0.806227	3.913596	-0.253597	4.378901
1.874336	-1.640878	2.174204	-0.117048	-0.286024	1.139585	5.002900	1.714466	2.361408
2.586277	1.313496	3.883286	0.747853	-0.262368	0.239140	2.373926	1.312841	2.706677
5.620702	0.351654	3.517372	1.380300	-0.101804	0.760138	4.713675	-0.161873	0.215508
3.835309	3.395498	0.652360	1.197091	-1.647132	0.923280	2.597845	-0.429578	-2.052096
3.659398	2.316228	2.036751	-1.673472	-1.668350	0.622065	1.677835	-2.149174	-3.073437
4.763469	-0.101255	1.151345	-1.486091	-3.635559	-1.658307	-0.043356	-2.333664	-2.348513
4.169721	-2.148251	-0.916459	-2.084964	-3.900657	-2.488235	-1.168028	0.510751	-1.842424
0.863354	-2.744159	-2.862962	-0.172292	-1.850743	-2.541020	2.257817	1.343970	-2.875068
-0.248332	-2.320579	-4.231162	0.593424	-0.521916	-0.693561	2.492178	2.446993	0.188355
-0.051539	-1.248609	1.738339	3.186486	-0.727277	0.306540	3.900155	4.867117	2.279845
3.903634	0.182851	0.331841	0.876293	-0.725424	1.522986	1.687946	3.657141	0.039204
4.758186	0.580001	0.709544	0.385745	-0.203956	-0.724526	0.803551	1.080864	0.807732
2.764916	-0.325557	1.194747	-0.027958	-0.068773	-0.572494	0.468869	-0.425915	0.162329
4.243025	-0.655024	0.086551	0.375383	0.230427	-3.507118	-2.974201	-1.584997	0.443097
1.762912	0.220902	0.419355	0.854769	0.255143	-0.243200	-2.420360	0.628916	1.057936
-0.202523	-1.102379	-2.058642	-0.438100	0.603876	-0.372938	-2.191809	3.047123	1.160047
-3.128381	-1.506867	-2.371139	1.123176	1.206028	2.117267	-1.509148	3.190223	-0.326869
-1.828562	-0.842760	-2.118638	1.243096	0.205399	3.387615	0.629021	3.529116	1.682488
-2.820466	-0.220258	-2.972939	2.268960	-0.923911	3.104106	1.081998	2.848698	1.517419
-0.864593	-1.546760	-2.195642	-0.500832	-2.182100	3.966941	2.392682	3.360370	3.204925
-0.344745	-1.730966	-3.298847	0.373521	-0.624769	3.697218	0.415072	3.743231	0.925807
-1.385720	-0.560275	-1.261956	0.575817	0.719284	1.291038	0.471968	1.091578	0.138565
-1.159920	0.943013	-0.843068	1.617556	3.738359	-0.449699	0.138168	1.592712	0.337600
0.375956	2.937399	0.469816	1.408139	1.654857	-0.056993	-1.571128	2.269030	-0.964688
-0.773293	1.146684	1.467095	3.164566	3.395777	0.078955	-3.870921	3.644933	-2.364597
1.090233	3.023068	2.776369	2.400235	3.485522	-0.533854	-0.786911	4.404818	0.451874
3.066834	0.674252	-0.289363	1.244847	2.359891	0.627280	-0.079900	4.264384	-1.074476
3.090109	0.370537	0.344999	-1.013098	0.296485	-0.186144	-1.529087	-0.818368	-1.414045
4.488959	0.571922	0.345354	-1.760701	-1.652595	-2.917825	-1.802774	0.164459	-0.939633
2.156684	2.976509	1.915501	1.372638	1.108750	0.733535	-0.976062	1.618664	-1.981238
3.468683	3.225798	3.932841	4.238619	1.737122	3.602138	0.933749	2.092747	1.952039
1.778756	4.707291	5.795771	5.234741	3.931621	4.290283	2.729959	1.345106	2.138700
1.979703	4.214786	3.231092	4.641105	4.151947	3.924769	2.674866	0.418041	3.501345
-1.298275	3.943085	3.616303	4.168509	4.607501	3.707498	2.887370	0.772750	2.714976
-2.584780	2.920989	4.548702	1.436054	3.589683	2.197968	2.288971	-1.621268	0.143792
-0.020611	2.629597	2.906591	-0.420061	2.335794	0.403779	1.302167	-1.096913	1.354194
-2.808968	-2.035488	1.416867	-2.573736	1.137234	-2.965668	0.274458	-2.717386	-1.237316
-2.257851	0.228332	-1.107770	-5.233872	0.887704	-6.201975	-0.223356	-0.453289	-1.667939
-0.902360	-2.771442	-2.826321	-6.815168	-3.806197	-4.790340	0.004824	0.166578	-3.238072
1.251804	-3.953708	-4.513787	-5.500226	-7.079068	-4.451064	-3.221303	-3.252087	-4.626617
-1.469857	-4.937767	-4.870067	-5.135845	-7.775609	-4.747648	-4.026938	-2.445583	-3.464472
-0.406245	-4.700217	-5.800764	-6.164827	-7.430918	-4.443691	-4.789880	-4.576213	-4.229536
-0.063658	-1.924759	-1.686778	-4.067970	-2.226997	-3.722594	-5.676830	-1.255976	-2.488608
0.004702	-0.451193	-2.218609	0.397923	0.464855	0.202843	-0.329489	-1.978475	-1.243989
-1.695563	0.441484	1.389541	1.039153	0.782438	0.150219	-0.731058	-0.181309	-4.019177
-2.036054	-0.340330	1.405571	-0.409081	0.210753	-1.419664	1.301363	-0.578280	-1.316372
-0.509071	-3.253733	-0.895719	-0.571879	-0.500000	-1.055608	0.671974	-1.773188	-2.126673
-2.120313	-3.412926	-0.832430	-3.569241	-3.439721	0.515287	-0.497026	-0.750234	-1.256479
-2.189080	-2.062607	-1.646363	0.675631	-3.098710	1.881221	1.217162	-1.517319	-0.664190
-0.998573	-1.167676	0.488381	2.477937	0.219633	2.935294	1.069138	0.481455	1.540595
-3.700191	-1.436134	-0.854999	2.914577	2.051408	3.559605	3.055201	3.357389	2.420377
0.018167	1.664021	1.944096	3.086051	1.154015	2.164054	3.830052	2.560382	1.273056
-1.735300	-0.951811	2.588266	2.115957	0.155955	3.595142	4.417089	1.269133	0.846432
-0.132892	0.023571	1.492008	0.300496	0.586427	2.979267	4.175312	0.983840	4.185207
0.052792	-1.007134	5.243023	1.149866	0.092031	2.393729	-0.031779	-1.848796	2.474180
-0.886847	1.249475	4.001010	2.368467	0.268568	3.520429	0.701614	0.388323	0.458753
-0.331211	2.062298	2.466466	3.495999	-0.369763	2.565765	0.784893	-0.322603	3.137826
-2.122098	4.123636	4.116192	2.983061	0.644538	1.624638	-0.048345	-0.449575	2.773100
-1.820908	2.352689	2.581687	1.082052	-0.248729	-1.268153	0.519802	-2.182193	1.378274
-2.000840	1.247957	5.232048	0.882772	0.576637	0.065791	-4.460468	-1.191959	3.407451
-2.268795	2.795841	3.855576	0.408720	0.780133	0.303172	-0.847756	-1.492573	-0.489971
-0.151173	2.549141	4.758070	1.858096	-1.129238	-0.172713	-0.804161	-3.070836	-1.646490
-2.018872	1.693757	2.090527	0.076898	-0.911278	0.694437	-1.656683	-0.023949	0.057494
-1.801093	1.437289	3.358847	-1.730074	-0.654287	-1.845878	-2.622525	-1.152511	-1.760518
-1.436235	1.132738	2.320930	-0.088720	-0.048765	-1.434860	0.131016	-3.656624	-0.512426
-0.467198	-1.234096	-0.967626	0.091559	2.485688	1.872592	-0.657363	-3.324989	-2.219830
-0.291081	-1.246713	1.659377	0.895562	1.119771	0.807978	0.074438	-1.952306	-0.160128
-3.164484	-1.078112	2.084939	2.067589	1.803584	3.324296	-0.892981	-2.493676	0.486978
0.442293	-0.017694	3.625459	2.299538	1.493927	2.160346	0.351481	0.170901	0.542391
-1.173849	1.089942	4.010736	0.646209	1.093899	1.883129	0.327821	-0.355976	0.557509
-2.616210	-0.361205	2.856068	2.991701	-0.232201	0.627343	-0.024960	1.164492	0.554534
0.034211	1.509567	4.516354	3.596414	1.649629	2.450388	-0.013462	1.753804	1.296966
-0.661685	-0.966843	3.064193	2.835747	2.136586	0.836564	-0.477386	1.973761	-1.072695
0.471400	-1.708235	4.798284	2.196498	2.148570	2.653670	0.040867	3.869261	-0.039249
-1.379931	-0.199509	3.718926	2.380468	0.822282	3.418505	1.651098	3.845904	-1.581795
0.565622	0.356736	-1.709382	4.203156	1.677120	3.931370	0.984005	2.594990	1.300068
0.748458	0.338200	1.541758	1.627659	2.465484	2.770463	2.325690	1.631017	2.751839
1.591279	1.367482	-0.510954	4.638879	1.028273	0.719785	-0.705950	1.491485	1.236218
1.135585	1.842483	-2.419421	3.675714	2.298986	2.082334	0.167086	1.432793	-0.885394
4.181377	-0.166198	-3.037143	3.197362	0.902324	0.043910	-0.862402	-0.945558	0.803803
2.939155	1.688541	0.575279	2.825924	2.712185	0.581513	-1.341515	1.286129	1.637009
-0.034381	3.692598	0.469444	0.731599	1.604068	0.138541	-0.243254	-1.376844	2.507225
-1.581829	2.032173	0.110550	-0.167315	1.878274	-3.146805	0.978082	-0.654880	0.738250
-1.024290	-0.478132	-1.406005	-0.092919	1.758700	-3.072227	3.279391	1.716122	-1.800115
-1.846062	-1.084219	-4.233520	-2.439912	1.214647	-3.750824	2.621574	-1.436838	-1.039570
-2.230145	-1.540088	-0.778398	-3.258997	3.006013	-0.960398	2.599831	0.337937	-1.367016
0.314661	0.217662	0.123060	-0.665074	2.447699	-3.409649	3.150060	1.907149	-2.675451
2.910457	2.582531	2.264254	-1.337843	4.750801	-2.009677	3.093961	0.730596	-1.335577
3.182344	3.216517	2.760481	1.450793	2.184921	-0.844585	2.770334	-0.435523	-0.809292
4.453522	3.161222	2.529640	0.656434	4.899957	0.798129	2.915579	-2.225407	-0.608898
4.473792	0.438745	-0.659069	0.511380	2.520508	0.036963	0.187295	-0.317557	2.675107
2.670455	1.526885	-0.024248	2.581529	0.980474	0.861517	-3.719918	0.641125	2.460421
0.782010	-1.734456	-2.971099	-0.269321	1.043152	-0.630911	-3.000261	-0.813160	3.531145
-0.251141	-2.765981	-4.240022	-2.863868	-1.651458	0.201079	-1.047833	-1.533012	2.362480
-4.665898	-2.834788	-4.306419	-2.186716	-1.738556	0.949287	-1.141136	1.871666	2.967823
-1.224559	-3.996978	-4.134792	-0.996465	-1.488744	0.621511	1.289230	1.036076	2.744677
-3.209125	-1.599952	-1.802041	-1.314915	-3.708824	-1.315949	1.387764	-0.415884	0.541539
-2.230295	1.351392	-2.778567	-3.372268	-4.537695	-3.036294	-2.112333	-1.877915	1.811911
-1.880368	1.974751	1.741327	-0.587125	0.520140	-1.372825	-0.439461	-3.458316	-3.237708
-0.584444	4.042226	2.062540	-0.712487	2.521981	0.745958	0.524077	-1.320488	-0.451318
2.910979	1.868717	2.883772	2.211145	5.538326	4.017153	2.088983	-1.116532	1.139680
2.372000	1.922823	2.873421	0.696969	4.174675	4.824360	-0.003245	-1.561549	0.719186
2.484321	3.032943	0.775185	1.012686	2.231125	4.487578	2.250493	0.296261	0.656701
1.992841	-0.661421	-0.100036	0.341793	0.997176	2.564106	0.540397	1.062798	1.167423
0.772163	2.620728	0.636855	-0.530911	2.654227	2.669343	1.747266	1.879861	-0.051048
-1.630314	3.392491	3.253158	0.153574	1.934975	-0.132312	0.039001	-1.303751	-0.235212
0.470011	4.054367	2.683571	1.823747	0.812421	0.521241	0.864899	-1.473539	0.173231
-0.669262	1.702957	-1.160907	-1.137995	-1.322039	-1.238500	-1.672839	-2.263202	0.618480
-1.127531	1.157958	-1.610378	-1.581551	-2.893204	-2.853035	-3.100313	-3.273841	-3.850066
-0.238296	-3.345128	-3.010242	-1.422824	-2.982376	-2.670566	-2.050525	-3.127257	2.374193
-2.101857	-1.826803	-3.777302	0.267586	-2.095757	-2.297694	-0.754974	-2.083651	1.536858
-2.900712	-3.880368	-2.580958	-0.825623	-3.611648	-1.506018	0.507939	-1.402123	2.184426
-0.794761	-4.515222	-3.121012	-3.954351	-3.201351	-1.965842	-0.353687	-2.133474	1.177898
-0.865204	-5.186866	-4.113965	-4.444300	-4.701467	-2.947264	-1.912852	-0.990104	-2.183628
-0.710539	-1.994301	-2.604620	-4.947871	-3.194897	-4.475387	-2.901757	-2.556014	-1.636651
0.101934	-0.346527	-1.440976	-1.706166	-3.004143	-1.703612	-3.438802	-0.118704	-2.276172
-0.319885	0.749455	1.088265	2.236414	-0.238007	-0.509839	-3.068888	1.763925	-0.326792
-0.250395	1.132544	-1.077000	-0.106231	-2.272490	0.086730	-0.858516	3.158872	-1.649011
-0.065495	-1.525960	-1.529670	-0.113203	-0.925594	1.681595	0.715015	2.586337	-0.560531
0.651815	-0.571858	-1.286448	1.667896	4.400080	1.902253	1.453804	2.153319	0.852148
0.232237	-1.112250	-0.019336	3.248466	3.885330	4.968405	4.734749	1.993718	1.230625
-2.677630	-0.532438	-1.260233	3.183805	3.044555	2.968149	2.955951	3.713432	2.548199
-2.599684	0.260479	-1.514242	2.960211	1.135453	2.369684	2.697208	4.630062	3.867771
-0.444326	2.283199	0.649636	1.117184	1.770722	4.836008	1.631120	3.645307	3.095538
-0.244654	1.999521	1.438699	0.502923	-0.645639	3.613121	2.576487	4.393766	6.317799
1.696933	2.912945	1.695246	0.399725	-3.923033	2.524621	2.408308	0.222938	4.611955
2.966134	4.812670	1.228876	1.668090	-0.886360	1.921908	1.566983	0.636223	2.647804
4.727350	3.573296	2.579388	0.199516	0.490378	1.979979	3.016309	1.007820	0.933046
2.731182	4.284821	2.496479	5.084302	1.874978	-0.615566	3.486288	1.169429	0.341078
2.763931	3.775345	2.265549	2.005246	2.818139	1.583572	3.918218	2.885449	1.917901
5.007497	1.336766	-1.223504	3.411748	-0.151040	1.805991	2.540599	1.326579	0.743313
4.544680	-1.330715	-0.032381	-2.354894	0.032938	-1.250010	-0.937571	0.201618	-0.878087
2.246482	-4.433701	-1.648584	-7.755782	-1.052828	-5.616533	-3.121391	-3.245233	-1.649400
-2.082297	-2.798491	-1.428215	-9.170817	-2.499039	-5.193378	-5.924963	-3.206276	-3.078527
-2.219658	-0.997887	-1.478773	-5.643200	1.104901	-4.125246	-7.445686	-2.944712	-2.464569
-2.232398	2.750410	0.942139	-2.034833	0.770892	-2.256440	-3.372463	-3.267140	-2.354727
-5.348218	2.574099	0.712719	1.124184	0.647732	-2.270461	-2.693694	-2.526662	-2.573802
-0.758617	-0.187020	2.464566	0.863747	-0.449882	-1.434309	-2.558278	-1.693878	-3.173596
-0.883495	3.333952	2.098980	1.475158	2.532250	0.861314	1.336582	-0.849890	-0.963509
-0.154551	1.998313	4.119458	4.291412	4.455625	3.111706	1.343086	1.746503	-0.654044
1.365615	5.202862	4.345399	3.901511	2.687841	2.675367	0.478133	1.842700	0.471400
-0.190496	1.244999	3.206502	4.525151	2.931397	5.096094	0.993123	4.125500	3.004920
-1.228584	3.462023	4.535365	1.616231	3.146891	1.504987	2.352155	0.948502	0.518915
-1.245848	1.178631	1.413187	1.660851	2.198920	2.115144	1.807228	-0.150095	2.574084
-1.762887	2.640624	2.931867	-0.376992	1.649584	0.810563	0.766340	-3.449091	0.936526
-1.508503	4.685701	4.724702	-1.910298	2.058479	-1.382856	0.244093	-3.448086	0.992639
-1.229793	3.482659	4.317292	2.398830	3.723205	-1.306416	-0.640017	-2.870682	1.297922
-1.709258	2.737898	3.594736	3.486892	2.747659	1.238083	-0.667889	-0.393879	0.989673
-1.269997	3.726718	3.502331	1.781686	3.394040	3.236539	-0.849824	-0.635878	1.607792
0.935890	3.425216	2.409377	2.343410	4.790446	3.191051	0.647777	1.128121	2.605576
-1.663296	2.329891	2.770172	3.369763	4.946574	2.657816	1.930013	1.948916	1.910625
-2.521256	1.516143	3.665515	3.741444	3.550823	3.508034	0.915083	0.419208	1.448436
-2.119688	3.676571	1.859304	3.796451	2.017292	2.596403	2.099987	0.493595	0.901808
-0.935593	-0.504928	0.533138	0.406882	-0.144923	0.639422	-0.544078	-2.036024	1.965641
-0.007470	-3.901953	-2.649185	-2.647763	-2.575322	0.842389	-1.299910	-2.949049	2.322331
-2.030019	-3.998007	-3.806066	-5.726087	-6.264207	-3.400797	-2.119913	0.117320	1.610579
0.250560	-5.113391	-3.869106	-3.162490	-3.497181	-2.826738	-3.934485	1.775381	1.993981
-1.984732	-1.473905	-2.782806	-0.802675	0.169155	-2.098835	-4.551429	1.255634	0.783238
-0.293894	-0.661852	-0.186669	-1.050042	0.578899	-0.952590	-2.973045	2.652579	0.753246
2.515172	-0.084931	-1.683595	-1.608694	-1.261951	-1.654504	-2.849434	-0.033186	-1.403395
1.225467	1.266454	-1.240286	-0.415530	0.967203	-0.448479	-2.179498	-1.221562	-1.280088
3.298693	-0.793496	-0.890443	-2.881454	-2.189941	2.454883	0.098764	-1.775948	-2.654033
1.644348	-2.728283	-4.413468	-2.775867	-5.358084	1.414382	1.560849	-1.003146	-1.312632
0.783033	-5.209409	-2.299062	-1.443669	-3.038728	0.903016	1.549258	-0.388856	0.201312
-2.130852	-2.551674	-0.537826	0.770638	-1.246375	-0.756717	5.099188	1.712521	-1.136401
-2.022007	-1.943981	2.703238	2.855951	1.836273	0.221181	4.451640	3.075284	-0.838574
-3.022831	-0.292330	0.967329	3.196971	2.488715	2.424610	3.927911	5.259233	1.212492
1.704076	0.960777	1.527046	3.619194	2.130048	3.084467	7.339602	4.700867	-0.252404
1.634813	-1.464862	3.099387	0.934321	2.353371	0.580352	4.315510	3.911386	2.252135
2.831880	1.297454	0.120250	1.928049	2.988382	4.076961	2.155235	5.695588	1.561508
5.664879	2.233421	0.260136	5.150977	1.569979	2.772995	2.582777	3.120073	3.504514
4.093108	0.790139	0.584441	2.903204	3.201161	3.509852	0.895233	3.143240	1.947049
3.944368	2.275506	0.055365	3.799327	1.040126	2.882330	0.998003	0.505590	1.582314
0.210859	1.193322	-0.721793	0.610047	1.305772	1.526327	0.093986	0.241120	1.736705
0.304381	0.569083	0.339964	3.189461	0.196397	-0.158358	-0.294019	-2.216669	2.016322
-2.160366	2.023690	-1.321563	3.610168	4.092200	-0.675327	1.277587	-0.488778	4.786562
-2.427383	2.335840	1.701622	5.298467	2.912680	2.599220	3.518602	0.510992	2.538524
-0.866068	2.589433	1.191520	2.108455	1.092834	1.483180	5.481626	3.073440	1.770106
-0.919823	2.075266	0.906529	1.875733	1.115560	1.821652	4.352658	2.858667	0.115707
-0.785147	1.781639	-0.064252	-1.164002	-1.747942	-1.201566	1.391996	-0.763929	-2.034176
-0.633541	-1.335951	0.496474	-0.237551	-0.497874	0.707126	0.387640	1.065952	-1.409245
0.434896	-1.080004	-3.623593	1.336785	-1.724138	2.068325	3.374488	1.158609	-0.137700
0.261363	-2.134722	-0.722254	0.851505	0.167464	0.853730	3.517640	3.455142	-2.023444
0.129160	-2.003807	-2.585711	1.787106	-1.386068	-0.036660	4.785694	2.810150	1.282022
-0.843913	-4.042160	-3.407664	-1.172512	-0.788937	-0.791547	4.653149	3.364832	0.758196
-0.067356	0.168518	-1.410416	-1.461150	-2.550344	-2.047733	3.073405	-0.127011	1.274575
0.470831	0.632725	-0.421368	-1.725110	-1.021091	-0.868918	2.735359	-0.476881	0.504959
4.231747	2.848559	1.567980	-1.924293	-0.780978	-1.835805	-1.452688	-1.093278	-0.518254
3.980393	3.152120	-1.086675	-1.446001	-3.091508	-2.250094	-3.813238	-3.952402	-2.194567
4.607967	1.396505	-0.229833	-2.863434	-4.022181	-1.311187	-4.836193	-4.580754	-1.218380
0.602570	0.096413	-0.420695	-2.942095	-2.606400	-0.896485	-4.731452	-4.703735	-2.157696
0.328201	-0.757858	0.814337	-3.300083	-3.551765	-0.803991	-4.661518	-2.894445	-2.732616
0.839461	-1.178208	-2.579339	-4.001001	-1.868177	-1.078004	-2.408191	-2.506584	-1.207842
1.688549	-1.941140	-0.478522	-3.240649	-2.708339	-2.265627	-3.272173	-3.198052	-1.412876
2.562464	-1.208255	-1.398415	-4.635329	-4.909151	-3.767361	-3.745363	-2.857651	-0.593719
2.232106	-2.409954	-4.006119	-2.474542	-2.606015	-4.519408	-2.428465	-1.962981	-1.575973
1.065275	-1.891939	-1.739835	-0.236389	-3.420832	-3.507968	-2.503677	1.629758	-3.208940
0.114471	-2.232212	-3.975564	0.419429	-1.390502	-2.816242	-1.871603	-0.391834	0.156879
-0.415907	-2.034073	-5.234607	-1.808989	-2.348228	-2.169134	-0.862242	0.679542	-1.029518
-2.060860	-4.366325	-2.289365	-2.324645	-3.182510	0.473758	0.276104	-2.802314	0.992167
-1.522687	-2.313070	-3.187441	-5.064440	-3.715950	1.180531	-0.722265	-1.758102	3.616533
-1.830889	-2.653507	-4.557934	-2.971974	-4.808448	2.904983	1.775649	-2.932623	2.713378
-0.882067	-3.626940	-2.649046	-3.231549	-2.383306	3.651615	1.119144	-1.225777	4.016501
-0.302120	-1.466069	-2.163478	-0.525466	-2.456525	1.056324	0.249421	-1.386265	3.349800
-1.177650	-0.776996	-1.280431	0.813774	-0.180805	3.418609	1.072279	0.663214	2.286374
-0.833657	1.863777	-0.475607	0.841971	0.420452	3.188069	2.855115	3.381059	3.247620
-0.248741	1.893349	0.120594	2.870622	2.710945	4.448804	3.938429	2.704270	2.806438
0.957097	4.884519	1.122671	3.274628	3.580274	2.917911	3.588421	3.784646	3.250726
-2.205143	4.501685	3.525921	5.731687	3.140337	3.192190	2.055488	2.432588	1.463583
-1.803062	3.749945	3.073745	0.415599	2.995935	0.684539	1.577631	1.255096	-0.928893
2.443640	1.519198	2.350942	0.633962	0.242764	-1.375242	-0.385453	-1.678231	0.226796
3.478262	0.215743	0.911509	-2.660525	-0.823774	-4.238655	0.115237	-3.039494	-3.920251
4.257003	-3.655822	2.396346	-2.441362	-3.613880	-3.520900	-1.665301	-4.275991	-2.463035
7.024163	-0.518899	2.289753	0.827750	-0.966357	-2.627079	-2.351968	-1.146224	-1.876757
4.222042	1.506511	4.517327	2.717310	-0.493303	-0.661593	-0.741765	0.163709	0.999980
4.233139	4.624707	5.601668	3.099417	2.735180	1.214758	1.901708	0.905106	-1.399723
3.911153	4.517787	4.766076	3.393570	2.619591	1.770272	2.423848	1.740267	-1.296669
2.424484	4.701250	4.107848	3.718669	1.441730	2.642749	4.240056	0.882294	-1.697959
-0.718769	2.625894	3.967584	0.201213	1.513797	1.199286	2.214231	0.438984	-1.535094
-0.961507	2.154818	3.535084	-0.826500	0.530090	-0.822815	-2.507629	-1.567860	-1.147376
-1.718030	3.210720	3.116745	1.533732	0.950509	-2.194257	-3.280425	-2.976740	-3.098805
-0.371038	1.144799	2.081568	0.172905	2.060454	-1.780240	-2.175456	-2.865755	-2.429382
2.294167	2.452754	3.417651	1.368821	0.509224	-1.265965	-2.254125	-2.328705	2.238990
1.054585	-0.589917	1.366293	1.011579	0.161719	-0.875132	-1.556333	-0.520490	2.340812
1.558916	-1.986716	1.986293	0.178977	-1.114662	0.731756	-1.471279	1.754091	4.341382
-0.416142	-2.665643	-0.310649	0.977315	-1.199919	-0.317899	-0.510764	2.381636	2.768698
-1.051589	-3.383201	-2.453035	-1.897507	-2.440752	0.386100	-1.373791	0.584947	0.529560
0.694175	-2.214990	-1.731865	-2.995390	-2.876461	-3.403446	-1.485559	-1.343077	0.477168
2.464148	-1.555812	-2.617140	-3.898935	-2.798948	-3.268040	-2.554069	-2.686035	-3.537382
1.241831	-2.098068	-2.187561	-3.489941	-4.706312	-3.803880	-2.331323	-3.966126	-1.924188
0.389422	-5.785060	-1.922829	-5.167210	-7.486054	-3.820068	-1.945020	-5.264852	-4.717552
-1.197879	-4.459289	-5.175744	-4.121042	-2.617173	-4.340404	-4.998262	-5.673911	-4.565675
-0.542774	-4.224856	-3.167409	-5.456137	-3.510470	-3.982889	-4.334950	-3.001703	-2.472958
-2.501561	-2.546862	-2.751022	-3.437796	-1.888744	-4.338424	-3.977984	-2.780027	-2.724202
-0.357144	-1.267110	-3.125685	-2.168119	-1.757197	-4.835210	-2.735265	-2.373684	-4.141807
-0.257821	1.514300	0.291401	-1.329007	-3.217929	-3.710845	-3.135793	-3.476274	-3.145074
-2.192793	-0.328934	-0.303965	-2.755359	-1.186338	-3.027932	-3.370971	-1.913995	-1.660004
-2.227263	2.142088	0.440217	0.774824	-0.374526	-1.781471	-3.073197	-2.459147	-1.623198
-0.747529	2.328663	0.003146	-1.457959	-3.015992	-1.397162	-3.105474	-3.137930	-2.965556
-3.635493	0.456791	-1.119579	-3.067308	-3.201636	-0.544505	-2.919501	-2.686943	-2.066479
-1.666555	-1.331929	-0.884858	-6.317422	-3.122758	-1.499401	-3.259480	-1.245387	-1.608268
-0.207216	-2.135800	-3.334093	-4.413803	-3.231159	1.140450	-3.229610	-2.601960	-0.770923
-0.516377	-6.798222	-4.577783	-2.704550	-3.064237	0.657646	0.169906	0.738538	-0.817245
-1.151439	-3.391396	-0.535529	0.593636	-2.858393	3.499289	0.597070	1.783008	0.617166
-0.441401	-1.706824	-0.900133	1.715756	2.591972	3.368878	-0.561921	2.343349	0.094109
-2.282765	1.030594	0.228706	6.157309	0.225261	0.960812	1.159234	1.935564	0.426184
-0.493832	-0.207245	0.418886	3.297795	3.889172	1.914392	2.393433	4.013951	-0.227210
-2.206902	1.443259	-1.014892	3.369913	2.776306	0.353516	0.183377	1.228813	0.160528
0.091724	-1.879395	-2.256230	-0.502735	-0.840737	-1.993715	-1.358935	0.531348	-1.835705
-0.698254	-2.255208	-3.139928	-3.831850	-4.167956	-4.185701	-1.801205	-1.279441	-2.273707
-0.617137	-3.581583	-2.923986	-7.968133	-4.516652	-4.879743	-2.822732	-3.878054	-3.968779
0.334074	-3.341219	-2.930106	-7.704183	-4.159524	-4.570141	-4.382518	-3.543991	-3.415421
2.633778	-0.077817	-1.986787	-5.902899	-1.625371	-3.619695	-2.089461	-5.286750	-3.516734
-1.701424	-0.564380	-0.048530	-0.420983	-0.025894	-2.605904	-2.092264	-4.019032	-3.420018
-0.065834	0.666092	-1.071636	1.242866	1.746309	0.055130	-3.150127	-1.036936	-4.336073
-3.342053	-1.322802	2.788595	4.677248	1.681337	0.576009	0.619050	-1.510959	-0.050599
-0.432880	-0.034463	2.059163	0.518663	1.923991	0.064931	1.116166	-2.664303	-1.676596
-1.400417	3.026808	5.424766	0.562311	-0.530728	0.308597	2.531322	-0.715166	-0.739965
-0.875164	2.068609	0.883905	1.219793	-1.394021	-2.055493	3.569615	-0.090348	-2.221105
-1.710922	0.310641	1.007679	-1.495791	-1.140786	-1.534740	4.711547	0.642354	-1.348717
0.237709	-1.593099	-1.178912	-1.704142	-2.260223	1.002258	4.879216	1.469438	-1.323700
0.688728	0.354888	-2.042968	-0.329759	-0.765232	1.563200	4.408522	3.105607	-0.398654
-1.535165	4.035503	2.415009	2.089459	1.276588	2.740586	3.963765	5.408761	2.684620
-0.506572	4.236543	2.939521	1.129611	2.025838	5.640716	2.619344	1.932400	2.310823
-0.123292	3.275108	3.334365	1.745398	4.292018	5.407490	1.051959	4.641326	0.915354
-2.162526	1.442097	0.259443	0.402020	3.008728	1.564809	-0.523191	1.630640	-0.652685
-1.653775	0.250910	-0.918247	-0.137323	2.858169	-1.510927	-2.159505	-1.380957	-2.042896
-0.560639	-0.313156	-1.610304	-4.994331	0.556043	-4.752419	-3.264585	-4.427465	-3.167677
3.047181	-1.365701	-0.783529	-3.058202	1.426749	-6.152965	-5.142231	-0.798382	-4.451829
2.347185	-1.914625	-1.271423	-0.377637	0.625088	-1.505667	-1.626542	1.695692	-3.850451
3.632373	2.225870	-0.563984	2.056565	2.526960	-0.635023	-0.773220	2.879058	0.065057
1.304343	-0.008016	-1.573514	0.302103	2.080568	0.523667	0.512136	2.902518	-1.271105
2.020995	0.818016	-1.690113	2.231480	-0.788190	1.139503	0.055624	1.389971	-1.764536
-1.972070	2.807265	-0.770481	-0.459006	-0.247912	-2.637115	-0.712154	0.624921	-1.138336
-1.213954	2.087930	0.811482	-0.442754	-1.598798	-2.530187	-0.342901	0.480566	-2.072805
-0.515358	1.941711	-0.938625	0.761537	-0.327446	-0.439912	3.512285	-0.289191	-2.845243
-1.128880	-0.635094	-1.136001	1.746267	1.626744	0.612911	3.332303	2.745550	-2.080049
-0.375922	0.887915	-2.555146	1.738238	3.830872	0.562581	4.411253	2.787390	-0.783522
-0.182285	2.303337	-0.857662	1.814648	3.819340	0.418698	4.210133	2.160331	-0.424962
-2.266668	0.828072	-1.917847	-0.479501	3.446247	-1.986636	1.452845	2.240073	-0.027169
-0.977671	1.059518	-1.516002	0.108091	2.300096	-1.130422	-0.444712	3.884618	-0.641642
-1.659197	-1.383824	0.515173	0.405725	0.662686	-0.480259	-2.531739	1.350166	-2.392581
0.170157	-2.991757	-1.926622	-1.201399	-1.412882	-1.787746	-3.872935	1.347619	-1.033086
-1.052412	-2.200179	-4.233888	-0.218680	-3.151007	-1.176084	-5.514301	0.217577	-1.881855
-0.564003	-2.679693	-3.929424	-3.861818	-6.726887	-3.534673	-6.377937	-2.210758	-2.447388
-1.902116	-2.737898	-1.773329	-2.716312	-2.888923	-5.575910	-2.500743	-4.364086	0.802216
-1.012952	-1.435595	1.895495	1.554439	-2.215114	-2.909897	-1.780620	-4.206804	-2.025944
-0.520811	0.237015	2.360648	-1.499565	0.582541	1.445667	0.687032	-2.692313	1.037534
-0.321293	2.992732	3.409132	2.273076	0.958544	-0.243317	-1.877686	-3.416710	1.076650
0.309601	1.608755	3.514545	3.359964	0.982994	5.119952	1.344625	0.336804	1.441305
-2.474929	2.241383	2.784288	4.367399	0.395392	1.195672	0.805265	1.605832	0.802700
-0.612683	-1.087884	0.483462	2.116781	2.061240	4.499346	0.597233	-0.114727	2.335034
-1.773160	-0.687947	-0.900735	2.457711	1.953038	1.668373	3.971930	-0.323970	4.360509
-1.980562	-1.492605	-2.647202	0.887791	3.724786	1.693154	4.401455	0.563304	5.606426
-0.263289	-2.878660	-1.882838	-1.293780	-1.844414	-0.933811	2.614508	1.260494	4.745084
-1.266940	-2.240212	-4.274344	-3.385802	-2.025061	0.915079	1.842589	-1.487196	3.592385
0.635885	-2.315862	-2.756519	-3.563072	-4.009856	-0.175976	1.466399	-2.166767	3.071430
-0.571016	-1.957210	-0.749364	-3.888491	-0.632596	0.745425	-1.438464	-1.769918	1.127619
0.915159	-0.945856	-1.849378	-2.957457	-0.737982	0.994281	-2.758200	-2.085047	-0.335948
-1.024791	-1.415201	0.077539	-1.563171	0.930987	-0.516405	-0.860708	0.005047	-0.452669
-1.662767	0.506555	-0.790013	0.950668	4.015913	-1.261535	3.335112	-0.312935	-2.126544
-1.777067	0.790112	1.742167	2.426362	4.451595	2.606093	4.009359	1.344508	-1.248972
-2.847892	1.393268	2.812078	4.867311	4.903135	2.092678	4.399333	3.542577	-1.076253
-0.943743	0.103224	0.311821	3.216315	1.761834	1.924922	1.748133	2.684772	0.392015
-2.029619	-2.534221	0.127796	0.632175	1.759191	-0.516275	-0.530439	1.483696	-1.927768
-2.029219	-2.799767	0.138504	-1.128108	-2.781791	-0.829713	-2.994584	0.880649	-1.025601
-0.192945	-2.781814	2.140844	-2.092233	-2.020213	-0.919392	-6.350803	-3.070168	0.467016
3.485905	-0.728062	2.414516	0.643800	1.254726	-1.606910	-3.148095	-0.492754	-1.522916
3.471729	0.929087	1.782622	0.191593	2.378527	2.066332	-1.382861	-0.118809	-1.837696
1.856629	0.004334	2.281862	0.126744	2.238691	3.707134	0.208900	1.961570	-0.793923
2.356504	-1.998821	0.795835	-0.960743	-0.417882	1.526998	2.852486	-1.480216	1.472702
-0.911946	-2.132779	-1.225558	-0.966370	1.642509	1.186524	3.074899	0.604632	1.755282
-1.847820	-4.123040	-3.879316	-2.260835	-2.753535	2.760712	2.783338	0.723716	3.504017
-1.075218	-3.304404	-3.281239	-3.446737	-2.740314	1.690262	3.518703	-0.960263	2.421106
-0.859441	-3.338771	-5.330427	-2.504177	-5.224327	-1.699026	0.834494	-1.917704	1.611952
-0.602287	-4.014142	-1.845080	-0.737952	-3.057673	-3.202950	-2.258290	1.398194	-0.059645
-0.774658	-0.072617	-2.295997	0.240237	-3.450052	-0.381810	-1.577548	3.061031	-2.244786
-3.569151	-0.457795	-3.187977	1.832791	-0.099364	-1.593207	0.039520	1.911509	-1.359168
-0.539668	0.096523	-2.177721	4.056211	0.746293	0.641660	-0.050187	3.714629	-0.288191
0.539192	-0.329863	2.438773	2.504198	2.451420	2.604892	-1.106369	3.692991	-1.816656
1.644429	-1.436254	1.237004	0.983752	0.116315	2.412689	0.482475	1.564596	-0.150360
3.073143	0.789952	1.162873	2.942874	1.006081	2.887150	0.642744	1.138146	0.728996
4.773535	0.930052	1.729581	3.460764	2.466918	3.362777	2.178137	1.140940	1.345213
2.478306	1.643549	-0.386772	4.420923	3.310426	3.583069	3.942956	1.743680	1.574892
4.766154	0.181141	-0.010586	3.081053	1.311606	3.699627	2.923299	2.493367	5.065233
2.745282	0.292228	-1.092960	1.611553	4.027358	2.832751	1.287368	3.717801	4.204836
1.615888	-0.183589	-0.273794	-0.936776	1.160882	2.830241	1.117260	3.941783	5.267103
-0.369826	-2.755410	-0.463586	-0.864934	1.628580	2.024498	-3.223622	3.432214	3.199734
-2.589661	0.583763	-0.933537	-1.119318	2.275752	-0.327479	2.003619	0.679794	2.710829
-2.869415	-1.543367	-0.872047	-3.533030	-0.023802	0.214511	0.323385	-0.808375	1.979089
-0.122289	-0.787903	-5.284013	-4.701168	-3.417882	-3.016533	-2.799325	-2.530894	-1.146286
2.057018	-2.900442	-2.325237	-5.907233	-4.718087	-5.196509	-3.002311	-4.560860	-0.373795
1.375907	-3.799586	-3.017317	-5.109722	-5.668416	-6.106318	-3.908273	-6.032475	-0.577539
1.092777	-3.182735	-3.282552	-6.188536	-4.724969	-5.234861	-5.465911	-4.944736	-2.373815
-1.263771	-3.795788	-3.139643	-3.376974	-4.441847	-3.127836	-4.814526	-3.805144	-0.776425
-1.601335	-2.227345	1.480711	-0.615435	-1.240947	-0.772943	-4.716317	-3.880898	-1.903368
-2.682317	-1.144706	0.912211	1.425080	-1.846571	-0.581484	-0.965485	-0.780497	1.246756
-1.558515	0.877629	6.622158	0.537474	-0.832818	-0.139357	0.552771	1.122459	3.126049
-0.782829	-0.801239	2.181152	4.175145	0.695213	-1.445263	-0.009050	0.862471	2.638810
-1.782858	-1.106912	2.378794	3.875095	0.078822	1.327998	-0.612548	2.427139	2.951739
-1.697502	2.245112	0.056484	2.054724	0.580208	-1.371474	0.525776	1.917864	3.923136
-0.452460	2.902733	1.086723	0.497433	1.406373	0.293222	-1.934576	4.712046	3.302302
0.113068	3.105651	0.722712	1.289422	2.837517	0.206084	-3.178206	0.566086	2.587937
0.906883	2.190765	0.470751	0.386992	2.744939	-1.614087	-2.523414	2.945084	1.619042
1.877085	3.338677	-2.433358	1.317843	2.246840	-0.892592	-4.043799	0.915541	-0.488985
2.263175	-1.850614	-1.056217	-0.462425	1.770521	-0.761330	-1.025862	3.153156	-0.380342
1.317853	-1.154507	1.808677	1.829089	-1.077119	1.767299	-0.763803	2.052930	-0.771730
0.974420	-3.140802	2.111924	2.032486	1.021520	3.993793	0.956478	4.080365	0.367951
-0.574522	-1.190999	1.520625	3.287666	0.549739	5.514553	2.759381	3.992558	1.120102
-0.697875	2.899303	2.985780	5.974929	2.787938	5.909778	5.535905	3.293112	2.901822
-1.988037	3.146503	4.072490	2.997176	2.735317	6.661169	5.156450	6.185427	2.018411
-1.154507	1.443502	2.314456	4.342106	5.442575	4.059424	6.048417	3.121902	3.568070
-0.370185	-1.145099	3.544178	4.259122	1.390414	4.090244	6.403005	3.525938	-0.008303
1.884529	0.035899	0.060958	0.364822	2.507933	2.518528	2.677314	1.998135	2.030793
3.616537	-1.697803	-2.299505	0.599907	1.923732	0.397476	-0.000657	-1.353707	0.894658
5.639439	-0.773405	-1.452209	-1.363123	-0.081689	-1.679113	-1.076307	-4.373888	0.560692
3.377136	-0.964606	-2.110653	-0.999366	-3.260930	-1.878339	-4.627636	-3.526607	-1.578507
1.677827	-0.635206	-0.939838	-2.065724	-2.219790	-4.737503	-5.931946	-0.722465	-1.938537
2.569315	1.860595	0.027238	1.043205	-1.761371	-3.522905	-6.928335	0.522139	-1.459700
-1.912700	4.117098	-0.691324	0.710321	-0.614771	-0.068845	-4.009504	1.131104	-3.627796
-2.936518	2.197903	1.837477	0.231423	1.606409	1.971375	-1.490454	3.928131	-3.029825
-3.630039	2.505510	1.009640	0.114013	0.630268	0.111955	0.256715	1.023119	-0.105187
-1.168360	4.834820	2.337967	2.322390	-1.247392	0.481895	2.428304	3.268569	-0.511884
-2.431282	2.601833	0.906459	1.998055	1.767727	0.912294	3.883212	4.341181	-1.952015
-0.142004	0.223850	0.846616	1.747307	2.436325	2.292351	4.403439	4.372254	0.316619
-2.375226	-0.893428	1.823339	2.478548	0.382804	0.535665	4.440185	0.428588	1.264117
-1.305346	-1.077003	-1.493371	2.178177	1.946761	2.830237	1.185050	-1.406317	0.326778
-1.436263	-3.444172	-2.089413	2.154695	2.570898	0.260464	2.342132	-0.058660	0.872303
-1.030878	-3.553736	-1.856186	-0.244799	-0.669587	2.435747	-1.362067	-3.065043	-0.631510
-0.544990	-1.596194	-4.138491	-3.409004	-1.237492	1.817484	-0.864848	-1.418866	1.217339
-1.722797	-3.844846	-3.357025	-3.941321	-3.593019	1.286576	-1.940811	-3.356727	0.190648
-1.089099	-0.262591	-2.371889	-2.454948	-3.119668	0.055020	-2.844757	0.561771	0.647118
-1.243395	-0.851029	-3.852680	-5.652986	-5.137439	-1.658584	-4.655585	-3.168071	-0.454653
2.400215	-0.753759	-1.712800	-4.557335	-3.486032	-4.451437	-3.041496	-1.729854	-1.564766
2.834132	-3.152081	-1.470446	-1.422995	-3.905248	-3.794240	-3.567690	-3.814477	-4.433321
3.445457	-2.309694	1.680682	-1.020766	-4.869586	-4.570293	-2.158767	-3.489542	-1.732920
2.408190	-3.162598	1.401084	-0.379547	-1.327647	-2.197298	-3.948227	-3.320048	-3.150963
2.630533	0.021008	1.940763	1.814762	0.514368	-0.510056	-1.871571	-1.277896	-2.786651
0.938885	3.244625	1.285817	0.888060	1.455759	0.956933	-2.695199	0.787413	-3.015186
1.190749	0.719052	-1.540851	0.960047	-0.194973	-0.457633	-1.446210	-0.326220	-2.787669
-1.405377	-0.388410	-1.273341	-2.380076	-2.480631	-1.647255	-2.225505	-1.406796	-3.567200
-0.984390	-1.246059	-2.321152	-3.307310	-2.076313	-2.279434	-0.761785	-0.183917	-1.195781
-0.892891	-1.795796	-1.059884	-2.889854	-2.653420	-1.075671	-0.247549	-2.049182	-0.963313
-0.713278	2.410979	-0.725435	-1.362009	-3.186753	-1.129967	-0.498898	-0.274491	-1.190897
-0.542851	3.211069	2.091795	0.176626	-0.475912	-1.357924	-0.809931	-0.715546	1.288565
-2.402309	1.541072	1.584107	-0.448950	-0.909097	-1.575342	1.838650	0.996653	-2.085328
1.791549	1.177290	1.908002	0.801263	3.519991	-1.654222	4.512847	0.329306	-0.682276
0.586223	2.724923	3.899581	0.459166	2.835551	-0.669467	3.858058	1.744911	1.222417
1.429114	2.198972	0.667044	0.103357	1.155984	-1.428277	4.602284	1.705169	-0.303848
-2.535077	0.804438	1.162592	0.866838	0.667088	-1.674753	3.163925	-0.347322	-0.365873
0.452449	1.763020	0.353326	-0.888393	0.484563	-2.635597	0.803779	-0.327363	-0.375961
-0.071305	-3.151480	-2.177853	-3.384035	-2.811390	-2.348810	0.518548	1.082647	-0.911012
3.811661	-2.241063	-2.257644	-5.027188	-3.929774	-4.170193	-2.178669	-2.781193	-2.745427
2.955147	-2.200126	-3.833646	-5.304452	-6.387887	-3.809048	-6.022073	-5.037485	-4.028510
4.027054	-1.486170	-2.216660	-5.927229	-5.020932	-4.640176	-5.518962	-3.372929	-1.888260
2.477983	-0.611195	-2.029783	-4.886617	-2.732308	-3.418279	-4.856839	-5.779126	-4.542680
1.938835	0.306801	-1.569616	-2.803217	-0.781015	-3.519158	-3.760101	-1.999077	-5.427771
1.254609	-1.220782	-0.865157	-0.853329	0.368545	-2.868114	0.962749	-0.748382	-4.433036
-0.526893	-2.916643	-0.664005	-1.745853	-2.274428	-4.270049	0.949713	1.168658	-1.862376
-3.722871	-1.826582	0.767739	-2.044290	0.454365	-2.284964	1.325790	-1.296158	-0.354192
-0.542324	-1.599099	3.337478	1.698060	3.561025	-1.978461	2.257980	0.745768	-2.697486
-2.905851	-0.244492	3.743711	0.098898	2.942550	0.475659	-1.382017	2.276337	-0.391161
0.295548	0.681839	4.498940	1.264322	4.122139	0.153494	-0.034801	0.551647	-0.803818
-1.962126	1.278695	2.299865	-0.030567	4.415093	1.387443	-3.101673	-2.354103	0.556741
0.701728	1.468176	1.225587	3.007430	4.481610	0.559604	-1.837632	-0.045413	2.131514
0.583209	1.809082	0.530207	2.094914	3.252390	-0.153724	-0.658478	-1.214585	4.534599
2.018919	1.035515	-2.029575	3.389583	2.515732	1.506857	-1.503112	-1.958819	3.629194
-0.138342	-0.660625	-1.302157	1.621038	1.277736	0.487645	1.716367	-0.860017	2.102397
-2.968972	-3.537538	-1.075939	-0.952021	-1.239999	-2.404261	-1.302942	-1.571579	3.892806
-1.383273	-4.980422	-3.422220	-4.413796	-4.523574	-4.527463	-1.709538	-3.968407	-0.780481
1.269858	-2.856978	-2.095600	-8.006485	-5.703489	-2.998262	-5.280222	-4.169401	-3.937066
-1.019280	-1.877904	-3.277578	-3.094290	-3.828545	-3.392660	-4.011294	0.132338	-1.218951
-1.029286	1.700499	0.253248	2.269290	1.900658	-0.018259	-3.684753	-2.020892	0.951362
-0.002760	3.564233	-0.351023	1.635953	3.546118	-2.158860	-0.776900	-2.326791	0.487269
0.334000	2.363698	2.702511	3.284800	2.732535	1.400635	-0.438335	0.091339	0.755970
-1.796307	1.128894	1.861249	2.220031	3.239109	1.962124	1.465842	-0.218602	-0.737838
-0.642279	-0.242177	3.471694	4.586345	2.424839	1.201906	6.281232	1.905484	0.194443
-0.841216	1.530385	2.731345	2.199942	2.156523	2.208479	4.551235	3.054397	-1.572390
-0.961519	1.653580	3.817204	3.468322	1.882662	1.550741	4.319649	2.656734	-0.080038
0.215614	2.518608	3.824570	3.005184	-0.383446	0.711291	4.381076	1.878796	0.827495
-0.151616	3.376071	3.412045	4.337227	1.191100	3.003426	2.769516	2.767981	-0.522092
-1.763810	4.967570	2.548130	2.542653	2.605697	3.856445	4.584769	2.008488	1.477598
-1.555367	1.547403	3.275224	3.587460	2.459347	5.670447	3.414634	5.477916	3.714363
3.505914	3.121673	3.230829	4.306148	4.049247	4.719830	5.647212	4.341263	3.345700
1.926032	1.370280	1.145545	4.687517	3.204497	4.442591	4.151602	4.757629	1.938707
2.903489	3.336823	0.841673	3.994366	3.188897	3.150429	5.003106	3.579013	2.833482
1.118585	2.251804	-1.208886	-0.581904	3.786045	1.438543	3.322123	4.106613	-0.234778
-0.972079	-0.500676	1.203968	1.281605	0.376341	0.608231	1.250853	2.534028	0.661025
-1.844504	0.109282	-0.320364	1.506194	-0.892615	0.084190	3.116197	1.123557	-0.356712
-0.782089	3.926379	0.314318	1.196262	-1.129125	-0.064781	3.049154	1.278699	-1.550192
0.678166	2.832816	0.040315	0.803709	-0.397589	0.066517	1.871325	0.613253	-2.732816
0.162862	1.889893	1.575628	-1.357565	-1.543408	0.587682	0.763710	-1.771282	-2.380988
3.153200	0.250311	-2.175942	-3.203761	-2.268783	1.592911	-1.397491	-2.527508	0.157091
3.286179	-1.491631	-1.408596	-5.337579	-4.187614	0.290703	-2.202778	-3.694325	-1.318283
3.255400	-0.491130	-0.368033	-0.910219	-4.625502	0.740257	-2.727450	-2.111735	-0.507612
1.606763	-2.166388	-1.670152	-0.874782	-1.506048	0.919070	-1.724707	-0.793239	-0.914499
-0.359531	-3.631503	-2.862252	-1.110467	-1.200653	-2.356359	-2.590750	-1.981639	-1.015746
-0.302582	-3.884275	-2.445133	-0.077276	-2.434417	-2.167631	-1.832377	-0.628834	-3.574256
-2.623791	-2.168304	-3.394394	-2.742708	-2.720941	-5.679050	-4.313788	-0.484727	-2.917331
-0.954355	-5.112689	-0.355136	-4.706364	-3.240426	-5.336116	-4.768184	-3.941718	-4.052375
-1.814576	-3.442929	-0.173456	-1.199143	-3.199873	-1.562531	-3.495064	-2.966709	-3.412889
0.215747	-3.343625	-0.167156	-3.078547	-5.292482	-4.039097	-3.264727	-1.987200	-3.260776
-1.210486	-2.943977	-2.772134	-5.312676	-5.707654	-3.821315	-4.231373	-3.793894	-4.871240
-0.848974	-4.021382	-4.984190	-4.436429	-3.285389	-2.624388	-2.692603	-1.777690	-3.446882
-2.884217	-2.319342	-0.836423	0.289193	-1.061190	-0.195217	0.065085	-1.382991	-1.464906
-0.712815	0.360444	-3.047433	3.345589	-0.035355	-3.239004	2.621691	0.904503	-1.469213
-1.321068	-0.047224	-0.617419	2.625260	-0.180187	2.266050	3.247115	1.131390	-0.103608
-0.520275	-0.928045	-1.629182	3.089505	0.801714	0.779142	2.544557	1.916770	0.924909
-1.519937	-2.195618	-1.354220	1.695524	1.842648	2.804572	0.506118	1.008242	0.462633
-1.041253	-1.536245	-2.786633	-0.889383	2.305414	2.863837	1.024199	-0.851897	1.738962
-1.492623	-3.358023	-2.307821	0.696183	-1.284690	2.835236	-0.550801	-2.333146	1.091394
0.588253	-1.202253	-3.132583	1.049023	0.782637	-0.019333	0.454419	1.612593	2.744125
-0.310524	0.751364	0.235580	3.356236	2.200093	2.361328	0.149060	4.367718	6.679154
0.887445	1.986531	3.115370	4.481921	2.172278	3.903718	1.528022	4.227430	4.284577
0.754661	2.500246	0.073588	1.695880	1.604591	1.160936	1.689305	1.228826	4.909692
0.579824	3.195411	1.812632	-2.294689	1.397831	2.721379	2.311310	1.797806	4.465895
1.458034	3.921224	1.230803	-3.448686	1.705597	2.287546	1.797038	-0.671531	3.407485
-0.649810	4.182387	2.297603	-3.239511	3.318989	0.891235	0.953789	-1.146286	2.290759
-0.723906	2.783100	1.313531	0.183837	2.489006	3.319445	-0.675337	-2.257461	3.916613
0.746545	3.051263	4.407387	1.744856	3.768647	0.472674	-1.771439	-0.321457	3.398145
