X1	X2	X3	X4	X5	X6	X7	X8	X9
0.096522	-3.046820	-2.488767	-2.809406	-2.791400	-2.240206	-1.922539	-3.104147	-3.481586
-0.676430	-3.844246	-2.393623	-1.291584	-1.759400	-1.391767	-0.156459	-0.703994	-0.844439
-1.444937	-3.984644	-2.244545	-3.386250	-1.731239	-1.596244	-0.689517	-1.832299	0.480137
0.224801	-2.695618	-2.154932	-1.483304	-0.651418	-2.364136	1.854387	-1.624463	-1.969658
-0.815117	-2.910269	0.566716	-1.268148	-2.586136	0.688755	3.675253	-1.063089	-2.337223
-2.421293	-0.414801	-0.035703	1.076818	-0.322094	-0.701371	3.370582	-0.498978	-1.010057
-0.988226	-2.587716	-1.251488	0.509895	-0.741291	-0.327913	2.159074	0.259768	-1.668661
0.115383	-3.789516	-2.424441	0.634181	-1.954327	0.950126	-1.033771	-1.120353	-0.077233
0.140031	-3.080004	-3.124661	-2.581722	-1.082004	-1.564753	-0.438353	-1.659942	-0.366173
-2.545980	-2.701584	-4.383049	-2.615217	-2.343520	-3.085450	-2.786772	-1.652001	0.235920
0.026247	-3.448556	-1.968207	-3.401003	-2.945276	-1.508766	-3.015628	-1.729533	4.499146
-1.454688	-3.923125	-2.799433	-1.577480	-2.842973	-3.881203	-3.916421	-2.749539	2.482805
-0.132286	-3.081993	-0.712530	-2.037250	-2.050710	-0.959159	-2.298750	-3.553420	2.250899
-1.854047	-2.140662	1.884603	0.550788	-1.059988	0.497563	-2.099416	-1.634179	0.235528
-0.832174	0.221665	2.765164	-1.368967	0.210294	2.467865	0.516282	-1.430118	0.709293
-0.722865	0.428686	4.317454	0.287784	0.185135	3.735144	-2.034157	-0.683738	1.104393
0.084276	4.427196	3.190171	0.468641	-0.862566	1.191800	0.500268	-2.108642	-0.648569
-0.339350	3.671795	4.229316	-1.552696	-0.059208	0.034133	0.095956	-2.017431	1.321806
-1.287043	4.754079	3.328986	0.903971	-0.670491	0.610942	-2.301392	-2.998108	0.726319
-0.165307	-0.519655	1.244582	-0.094957	-1.029517	-1.718873	-2.377276	-1.955574	0.514371
-1.462640	-0.998709	-2.082097	-2.251582	-1.673284	-0.227014	-0.784997	-3.124631	-0.298837
-1.745144	-0.141986	-0.740452	0.739196	1.028806	-0.397181	-1.115155	-0.271582	-1.172306
-0.501420	1.355812	0.190416	-0.025123	3.782754	-1.535975	-0.590149	0.468072	-1.090833
-1.920369	2.950481	-1.149893	0.046259	2.519059	0.356604	0.617521	0.567329	-0.083619
-0.310991	3.238219	-0.480080	1.674942	4.384720	-0.136345	0.971153	-0.270415	0.379837
-1.004388	3.199522	-0.552946	0.906725	4.918838	-1.717124	4.158249	3.026341	0.838436
-1.481061	2.853590	1.765308	1.168407	3.567812	-0.523433	4.698308	2.015093	-1.201221
-3.227210	1.779117	1.998481	0.833589	3.144542	-2.337472	3.392830	1.477338	-1.704533
-3.049736	0.725603	2.977073	0.888768	4.412428	-0.708742	0.991615	0.689277	0.324399
-0.410841	-0.462056	0.592183	0.799144	3.595968	-0.204546	1.138062	2.149205	1.163277
-1.726624	-3.327963	-1.768390	-0.242184	0.259763	-1.043782	0.956572	1.013521	-0.797198
-0.986088	0.346780	-1.615747	0.347384	0.270613	-1.626152	0.915644	3.697223	-0.557026
-1.288734	2.314369	-2.816388	-0.945454	-1.622284	-0.765858	0.153779	-1.147092	0.113495
0.671439	2.147902	-1.159316	-0.724498	-1.037627	-2.846999	0.423775	-0.783925	-1.696436
-2.146471	3.980177	1.114670	-1.327950	-1.561117	0.507123	0.030233	-1.195379	-0.422418
0.078135	1.411790	0.151568	-1.774410	-1.783755	-0.762793	-2.262647	-0.602656	-0.600448
2.804256	-0.739661	-0.063222	0.210220	0.997660	0.730353	-3.541766	2.557842	-2.161728
1.127592	-1.180579	1.233199	0.074641	2.766026	0.769658	-1.799024	4.150513	-0.915156
2.947241	0.170033	3.686729	3.548750	2.412044	0.599124	0.418179	3.071054	-0.853331
4.839501	2.951872	3.317568	3.094347	0.079312	-0.660053	-1.274958	2.357264	-0.756052
3.550174	4.160036	3.889414	3.285730	-0.845970	-0.702572	1.283866	3.362039	-1.200919
4.276857	4.606422	3.521367	2.695399	1.100297	-1.737835	1.773149	2.765778	1.374368
4.445449	5.485127	2.249725	0.234852	1.339614	1.241858	0.528292	2.993479	-0.087288
3.110949	2.888448	0.532388	0.912288	-0.821021	-0.383395	-2.051705	1.899239	0.158413
2.748558	1.232883	-0.482045	0.057707	0.102992	-0.996595	-1.053244	0.960057	-1.513529
2.629873	-1.488572	1.283324	-0.393294	-1.998748	-1.355443	-2.021324	0.319729	0.277987
4.151593	-1.757018	-2.630006	1.101586	-2.290342	-0.905240	-0.686645	-0.403047	-1.082337
2.904618	-0.153559	-1.111035	-0.851357	-0.885489	0.922913	-0.962509	1.734628	-1.331402
4.658947	-0.392098	-0.975565	1.809379	-1.435992	1.596015	0.012485	1.491051	-0.123106
0.780879	-1.552037	-1.759597	1.489690	-0.516249	2.927164	1.629436	-0.772581	3.464752
0.418212	-2.943078	-3.401032	-2.132624	-2.692563	2.553760	-1.257257	-0.354269	1.521572
-2.017454	-4.203526	-3.405671	-2.864164	-1.042533	5.218002	1.247807	-1.512516	2.538955
-2.791420	-1.538081	-4.116215	-2.348032	-2.561061	5.404588	1.645327	-1.608724	1.712002
-2.896887	-0.369348	-3.725166	-1.996229	0.709552	0.921316	-0.966397	-1.309896	-0.391886
-2.799456	0.778071	-1.546824	-2.588057	0.956507	-2.075913	-2.082967	-2.785134	-0.900309
-1.033829	-2.347826	-1.810791	-2.426017	1.326102	-2.528501	-2.238282	-3.694539	-1.668165
-1.810605	-2.813842	-2.033668	-3.217409	-1.559164	-3.640450	-2.094843	-4.206915	-2.722754
0.354913	-3.636381	-3.045355	-3.283036	-1.212191	-4.616261	-3.512250	-2.636763	-1.045675
1.629826	-3.469143	-2.024856	-2.698000	-0.893080	-1.900035	-1.418804	-1.250587	-0.483527
0.171432	-3.000533	-0.080369	-3.008700	-2.293332	-3.095473	-3.750305	-3.012088	0.219891
0.848929	-0.524353	-1.077897	-2.154640	-3.638848	-0.038576	-0.890954	-1.926768	-1.760422
1.559018	-1.370705	1.045959	-0.767720	-3.023729	0.300854	0.494649	0.275270	-2.117562
2.000697	0.536307	-0.867202	1.683458	-1.387275	2.400416	0.543103	4.347224	0.777569
1.143165	1.476082	-0.942782	2.815893	-1.283688	2.324309	-1.150792	2.454592	-0.508828
-3.304879	2.781916	-0.229081	0.039883	0.367331	3.612032	-2.368338	0.958670	-0.516050
-1.112636	3.726408	-0.545700	1.348526	-0.864918	2.728183	0.466667	0.185658	0.954501
-0.855506	1.301254	-0.545642	-0.476078	-0.470736	3.423660	1.521820	-0.665947	1.587128
-2.955292	-1.429148	-0.456007	1.071368	-2.255124	3.015064	0.144522	-0.083548	0.948931
-4.695293	-0.604301	0.223204	0.763363	0.534316	1.747692	1.118972	0.542453	0.837810
-1.537311	-1.875507	-0.119911	1.903705	1.269284	1.713942	0.163469	-0.081346	0.839867
0.696954	-3.190468	-2.688554	1.187493	0.281779	-0.043285	2.012513	-0.412747	2.348601
2.546599	0.481212	-1.515924	-0.648776	-1.273901	0.981408	2.336903	1.306247	0.362715
2.329126	-0.636368	0.472476	0.842599	-1.984956	1.368420	2.320039	0.716234	0.141908
1.267231	-1.507012	-0.250455	0.632714	-2.309987	-0.956850	2.245320	-0.073487	-0.693319
-1.925185	-2.506221	-1.905119	-0.844532	-2.618096	-1.719404	-0.968955	3.121080	-1.097164
-0.697024	-1.025998	0.364985	0.185160	-1.522083	-2.853343	0.268914	3.026533	-2.766428
1.407113	1.294255	-1.132346	0.996187	1.061150	0.399732	1.786926	3.799771	-3.279910
2.058526	2.821235	3.232887	3.809048	1.102303	-0.126281	3.609181	5.249091	-1.823608
3.220013	3.955439	3.691382	3.288642	3.121373	2.884317	4.634178	4.867290	-1.729722
3.867574	5.735367	2.320339	3.024267	1.680861	2.075125	2.411216	5.193868	2.251747
3.221607	5.819114	1.976657	2.293620	0.986064	2.179041	4.645094	4.889321	0.315202
3.696212	6.004279	1.571433	1.918201	2.506783	1.449864	3.506913	3.603447	1.503843
0.716287	3.650160	0.652566	3.794207	1.786314	2.599392	-0.304729	2.863044	2.428870
-0.967568	2.638053	0.262956	3.131837	-0.117342	1.299324	-2.070832	2.742510	1.386584
-2.787755	1.580858	-1.892798	1.073388	-0.694286	1.219859	-2.282697	2.926743	-2.671714
-1.825474	0.824172	-0.534700	1.852760	1.022279	0.432396	-0.981025	3.031441	-1.289924
-2.225926	2.622393	0.613652	1.324051	0.054753	0.808632	1.628384	3.582502	-2.139746
-0.219213	3.872218	1.821554	-0.415942	1.927234	0.555467	0.875929	0.623223	0.418322
-0.321435	2.204745	2.720007	0.695379	1.417422	-1.512901	-0.426490	-0.851698	0.599680
1.863706	0.694972	2.608708	0.832014	2.709415	-1.644673	-0.282975	1.267438	-1.363772
1.647010	-3.015802	1.197256	-2.165640	0.366211	-1.708451	-1.206125	-1.370172	-0.468832
0.046876	-2.221781	2.801251	-1.522884	1.475810	-1.240236	-2.283043	-3.262530	-1.756001
1.097903	0.625735	3.585990	-1.908121	3.052210	-0.080829	-1.532227	-1.943637	-2.107079
-1.638911	3.326142	2.807673	-0.970551	4.560210	-1.059433	-0.885180	-2.181596	-1.812463
-0.748066	3.224440	1.060498	1.233122	3.935908	0.438353	-1.781701	-3.001709	-2.371855
0.106137	3.860025	0.001964	-0.666503	0.402304	-0.404474	-0.672791	-3.916177	-3.445854
0.163497	0.685597	0.260170	0.920473	0.266796	1.243285	-0.938252	-3.849904	-0.741758
1.437313	0.505253	0.927715	-0.545753	-0.304418	-1.597272	0.342617	-1.666990	0.087831
1.472484	-1.117409	2.123197	-0.046781	-0.023738	1.092955	2.574314	1.501763	1.055616
-1.180291	0.066009	2.250715	1.134585	0.095833	1.041363	4.123040	-0.218648	2.060295
-2.322413	-0.696494	3.275668	1.543444	3.056296	2.210052	3.435392	1.958075	3.068070
-1.511084	0.351180	2.631055	1.785295	1.155347	3.945520	1.706971	2.688832	1.247740
2.376797	3.166929	3.734174	2.954735	0.946786	2.974865	2.881276	3.345219	0.689607
2.591028	1.974051	4.162124	3.095163	2.721712	1.788487	2.876806	3.169035	3.901270
3.702209	0.710945	4.040704	2.506777	2.633123	5.298384	2.717261	4.333478	4.024429
3.961837	3.114009	3.540913	3.532275	2.747517	2.336854	1.624439	5.405447	4.756886
0.495113	1.907841	3.966050	3.675255	3.437594	4.980596	0.934540	3.503240	5.511340
0.587635	2.309239	3.722313	3.827816	3.249752	2.980508	0.704064	2.488254	5.168891
0.114503	2.033103	2.630501	3.671255	3.758790	4.231391	0.348609	-2.262812	3.918640
-0.030185	-1.430569	2.317814	2.447571	3.106505	1.575641	-0.997324	-2.849059	4.730886
-1.366830	-1.699180	2.625450	4.580263	2.209898	-1.277143	-0.267237	-3.591590	2.989931
-4.442732	-1.562829	3.245607	2.674127	1.691966	-1.003961	1.275469	-0.312705	1.807274
-1.993092	-1.529420	2.835485	-0.094737	0.178707	1.004685	2.324394	-0.163208	-2.787985
-1.713712	-2.871753	0.731483	0.064069	-0.420678	-0.811107	3.018538	-0.202898	-0.496946
-1.035292	0.463570	0.923800	-1.196657	-1.384493	-1.732237	0.899599	1.941821	-3.990508
-1.383533	3.262349	2.974433	0.576983	2.906862	-0.618208	-2.109023	-0.070151	-1.787071
-1.267736	4.803681	1.458983	1.350887	3.498485	0.642880	-1.702228	1.336684	-2.202736
0.440998	3.108766	3.219449	4.054354	3.195875	3.059825	0.886782	2.481824	1.449298
-0.995232	3.415801	3.779728	4.967582	5.015131	1.224425	0.060607	2.337868	0.051130
0.441873	-1.966713	1.511220	1.601469	0.655751	0.702481	-0.172154	1.442614	0.247562
-1.880688	-6.686479	-4.218875	2.689114	-1.385267	-1.146911	-1.411101	-1.479639	-1.082009
-1.582115	-12.005997	-4.182060	-1.803486	-3.062424	-2.738951	-3.070335	-2.738692	-0.251781
-0.584310	-9.658168	-2.678034	-4.115031	-4.691921	-4.870140	-1.213557	-2.077948	-3.103254
-0.643273	-7.089494	-3.373400	-2.685125	-2.811159	-5.228080	-2.379167	-2.679707	-4.298129
-1.006906	-1.880476	-3.784058	-1.294667	-3.971141	-2.417472	-1.263366	-1.301672	-1.376806
-0.676409	-1.300514	-2.171209	-2.388661	-4.005667	-0.440117	-2.787855	-2.371442	-4.529385
-0.590283	-0.673710	-1.205553	-3.523107	-1.080139	-2.270417	-2.170435	-2.835920	-3.216666
-0.962429	2.225136	-2.105693	-2.064507	-1.609058	-1.506272	-1.997605	-1.887907	-3.695350
-0.058548	1.726022	-1.389829	-1.287664	0.049574	0.823315	-0.854666	-0.828905	-1.951336
-0.893441	0.171048	-3.530562	1.785822	0.872956	0.217644	-0.870720	-1.037014	-0.738525
-1.530708	0.527113	-0.306992	0.544349	3.680386	1.901913	-0.182866	-1.382936	-0.765517
1.489949	-1.941984	-0.732322	2.525315	4.299563	1.341621	0.562694	-0.878972	-0.219313
-0.221371	-1.612844	-3.341951	1.453719	0.507787	0.054367	0.200060	-2.615423	-1.822612
-0.821867	-1.804767	-0.170880	2.349658	-0.009646	2.136350	0.287131	-0.530591	-0.666316
-1.540642	-0.611954	-1.372012	2.647132	1.898664	-0.794931	-0.360692	-0.222576	1.955677
0.962304	-0.730106	-1.125945	1.685139	-1.192484	0.226621	-0.487912	-0.359380	0.118364
4.809471	2.502976	-1.240782	0.675478	3.076808	0.274007	-2.888227	2.025896	-1.314854
4.731657	0.656493	-1.426323	-0.438154	-0.622461	0.337024	-3.878840	2.957651	-1.307278
3.885862	0.588543	0.234732	0.453543	0.808807	-1.847928	-2.278950	-0.535616	-1.208708
5.094884	0.062326	-1.208120	-1.015333	2.407111	-3.226951	-3.736358	-3.698606	-1.116344
2.810923	0.732742	-1.516378	-2.770384	1.215750	-2.060245	1.134735	-3.528320	0.903312
0.349079	1.930390	-0.230743	-0.917911	3.156522	0.212788	1.935929	-2.268460	2.826060
-2.472151	0.860469	0.262484	-0.316616	2.635427	1.384747	4.890123	1.438475	2.295101
-3.375265	1.296479	-1.391599	-0.913599	3.661362	2.330230	5.177217	1.882382	2.308932
-3.162567	0.791921	-0.030791	1.746237	3.270827	0.366437	4.528210	3.235662	3.983554
-1.052055	-1.332307	-1.251293	0.548892	1.392320	-1.879633	1.520102	1.697513	3.481366
-1.392431	-4.004605	-0.073406	0.360663	-0.447061	-1.912281	2.537392	0.759834	3.321867
-2.277595	-5.000073	-2.448032	-1.133550	-1.925716	-3.079510	1.192780	1.320924	2.085757
-0.624249	-5.283911	-1.997270	-2.600548	-3.155946	-1.621719	-0.734635	-0.202117	0.239834
-1.124393	-3.390719	-2.446321	-1.341734	-1.775054	-1.342810	-2.531054	-1.054091	-2.520001
-1.762028	-3.547097	-4.043286	-0.934608	-2.251240	0.210117	-0.262976	0.602303	-2.472450
0.767245	-2.013647	-2.570166	-0.718472	-0.980105	2.947859	1.784397	-0.952038	-0.916713
-2.759874	-2.839667	-2.141661	-1.329627	-1.333451	3.274316	0.201265	-1.553112	2.132409
-2.445786	-3.910257	-2.496472	-3.178774	-1.429879	5.633787	0.413029	0.573077	2.105415
-1.547892	-4.080119	-1.381599	-1.792914	-1.860190	3.526371	-0.359814	-0.854369	3.121704
0.019408	-2.149651	-1.952844	-1.610049	-2.850586	1.376267	1.763838	-1.699652	1.909075
0.109712	-1.429354	-2.496207	-1.392080	-3.273167	-0.796126	-0.999418	-0.403172	3.353328
2.299421	-0.241427	-2.328988	-2.606507	-3.236435	-0.685210	-1.299680	-3.300330	3.141162
2.759433	1.127329	1.339812	-2.222333	-3.895091	-2.534884	-2.349950	-2.488626	-0.328424
4.411547	-0.150285	0.408093	-0.747459	-2.793036	-2.383951	-2.101428	-1.751862	-1.557432
5.079764	1.056430	2.144753	-0.750084	-2.826271	-3.010011	0.289886	-1.568738	-1.651662
4.009182	-0.153124	-1.556407	-2.035911	-1.522598	-1.343465	-1.037808	-1.992254	-0.958715
5.599501	-0.100648	-1.887888	-2.384541	-3.212417	-3.130514	-1.186512	-2.152910	-1.058992
2.945520	-0.451842	-1.285791	-2.666574	-4.810730	-2.942159	-2.490725	-0.848508	0.485606
3.715038	1.446295	-2.449417	-1.634512	-2.071437	-0.694901	-1.153349	-2.505147	0.947377
1.181555	1.824763	-0.694365	1.589444	1.334560	0.006460	-1.099582	-1.406529	0.793622
0.675270	2.851563	-0.999336	0.797094	2.250360	2.212021	0.872874	-0.769354	1.948438
-1.823817	3.609594	0.988469	1.652536	6.829562	2.018583	-1.176581	-1.175721	1.647125
-1.365407	4.135758	0.637649	3.067069	4.160366	2.988944	-1.117747	-2.009433	0.479181
2.547199	0.945054	2.230506	0.772593	4.768469	-0.293596	0.289575	-2.195788	-1.431294
4.642102	0.006284	2.535237	0.997606	2.489372	-0.533738	-0.097515	-2.363387	1.464098
2.709799	-1.314953	0.329842	-0.625692	-0.125628	-3.047783	-0.220617	-1.553731	2.808456
0.830491	-5.892356	-2.557578	-1.581702	-2.415530	-1.898132	-0.382932	-0.772819	2.384580
1.825177	-5.129424	-2.404525	-0.331726	-4.503036	-2.220187	2.163741	4.159647	1.746967
-0.959943	-1.109957	-4.136198	1.099636	-1.613047	-0.353846	2.496200	3.406867	0.510716
0.375730	1.599546	-1.338499	0.829984	0.132736	2.063888	0.617546	3.381742	0.660728
2.597796	2.286285	-1.150027	2.682716	0.494913	1.168514	0.735378	5.306571	2.016799
0.966854	3.309161	-1.259983	1.271031	1.994482	1.320333	-0.243404	3.909253	3.980029
0.251703	1.790175	-0.129967	1.063329	3.907542	0.545343	-0.028000	3.042289	4.579217
-1.255357	1.918427	0.216521	-0.418790	3.246394	-2.906257	-2.833011	1.840079	2.841862
-1.699626	-2.324281	0.390679	0.354271	0.243235	-1.785467	-1.917536	-2.011279	3.849361
-0.873005	-3.181550	-1.276492	-5.162386	0.246465	-4.257988	-2.379076	-2.311384	3.515715
-1.636895	-6.940779	-3.666892	-3.413864	-2.142516	-2.131221	-2.129432	-2.010135	1.459321
-2.252695	-7.603066	-1.943122	-3.481563	-4.962411	-1.217666	-2.807302	-0.838534	1.488278
-0.213406	-2.856411	-1.623683	-3.408083	-3.762018	-0.236424	-0.750389	-2.508681	1.509885
-2.009029	-2.095913	-3.588073	-2.274525	-4.263240	0.655603	-2.020991	-1.124675	2.205341
-1.421564	-1.487371	-2.698695	-1.629690	-3.342477	1.049116	-0.633709	-2.487116	1.154144
-1.868712	-2.519085	-2.884947	-1.416778	-4.282829	-1.628086	-1.456443	-0.484406	-2.707507
-1.644572	-1.480254	-0.856231	-1.949689	-1.073398	-3.885104	-2.098094	-0.576543	-1.513713
-2.005946	2.182724	-0.783446	-0.551726	-1.229983	-0.443638	0.405139	-2.814228	-1.680376
-1.885133	0.558849	3.369908	2.945213	0.585713	1.792910	0.850456	1.232540	-2.511197
-0.422834	0.994922	2.778629	2.078226	1.092791	1.712341	-0.432245	0.099359	-1.377778
-1.728250	-2.732756	2.345918	2.202014	-0.469150	2.857953	-1.480262	-0.221069	0.720381
0.048320	-2.461484	5.344275	1.104374	-2.083411	3.747647	1.019704	-1.468145	-0.367423
-1.397025	-2.890861	2.280099	1.495208	-0.783092	4.051420	1.713753	-0.449669	0.297510
-1.134985	0.961014	4.369391	2.016815	1.910405	3.935874	0.606885	-2.253741	1.004077
-0.872361	2.038542	2.481950	0.035993	3.014082	1.411107	1.337299	-0.656760	2.565479
-1.436053	2.737924	2.644875	-0.689357	2.742536	0.929118	-1.145004	0.232772	2.154712
-1.264461	0.831660	3.536968	1.819365	4.539967	1.012608	2.424776	0.803158	1.247476
-1.358185	-0.319947	3.445827	0.866457	2.932375	5.512676	5.732438	3.512295	-0.104130
-1.436426	1.477603	3.221252	1.293920	2.554660	4.327421	4.683483	1.536186	1.622491
-0.223484	2.967210	1.731444	3.352553	4.687920	2.562642	5.795310	3.758429	2.216739
-0.710559	2.100077	4.200302	1.843356	2.577656	4.830140	3.100419	0.103824	2.145113
-2.377252	0.856704	2.503526	0.493929	3.079766	2.254713	2.156911	0.514673	2.601010
-2.165262	-3.955907	0.754516	-3.713530	0.070150	-2.188538	-1.750415	-1.582825	1.160929
-1.626690	-3.936757	-1.568328	-1.656819	-2.206491	-4.442915	-4.306059	-1.873170	2.287370
-0.509336	-8.194242	-4.871106	-3.555140	-2.925159	-6.729317	-4.382720	-2.281662	2.182230
-2.129000	-2.130264	-3.683919	-2.464893	-4.391754	-6.765845	-4.154499	-2.939501	-0.037292
-1.588382	0.264381	-3.113065	-4.091077	-3.757976	-3.125300	-2.754895	-2.215385	-3.317697
-0.829183	-0.007108	-0.013247	-3.484894	-4.931926	-1.285682	-2.165209	-0.997116	-0.469386
-3.769103	-0.226828	0.275337	0.004657	-4.005203	-1.827090	-3.952441	-1.904093	-2.864161
-0.539741	0.334720	2.531787	-0.936825	-1.182510	-0.350427	0.072210	1.647284	-4.293723
-1.549898	1.449839	-0.859398	0.197360	-0.085044	-0.708291	1.703043	2.798616	-3.238774
0.403826	3.508429	1.659782	0.425613	-1.344708	-1.625384	-0.036941	1.853202	-3.894915
-1.825170	4.095592	0.862928	-0.812368	-0.980201	-0.251606	0.319257	2.127644	-1.420647
-1.297685	2.644629	3.901439	1.748018	-2.701824	-0.831256	-1.885062	0.030740	-1.121272
-0.894419	1.544840	5.367215	0.053471	-1.318776	-1.668736	0.751102	-1.656309	-2.736891
-0.605572	-2.377173	4.107257	0.590689	-1.350459	-1.892445	-0.278051	-2.906202	-2.010105
-0.324145	-4.384108	2.356764	1.172475	-4.097972	0.192415	-1.356121	-0.643240	-0.979516
1.118863	-3.762665	-0.141563	-1.476774	-2.529815	-1.921154	-1.968609	-2.789021	-2.070124
1.941251	0.275658	-0.528726	-1.456257	0.265811	-2.002054	-1.235612	-1.199047	-2.040632
3.244820	2.513961	-0.899923	-1.718574	-0.476694	-0.921085	1.034567	-0.156416	-2.309339
4.297869	3.090646	-1.092254	-0.780124	1.066371	-0.003746	0.402630	-1.106028	-6.044949
5.077698	2.703114	1.008280	-3.134809	2.475504	-3.220739	-0.038123	-0.331183	-1.938961
1.778008	4.430467	-0.805120	-3.093929	3.432405	-3.286063	0.251107	-0.673682	-3.081578
-0.938802	1.988905	-0.431655	-1.805282	3.486276	0.250181	3.250721	-0.522222	-0.801899
-2.074731	2.092429	0.133976	-1.951670	1.805314	2.535993	2.619420	0.245194	-1.217328
1.084120	3.744141	0.777272	-2.062692	3.791621	3.675074	2.320303	1.943969	2.526837
2.494952	1.717942	-0.214166	-0.772749	2.918797	5.073122	5.115270	3.460002	1.982892
2.506064	2.792633	-1.498537	2.339260	2.430340	6.030638	3.928622	5.056594	3.032838
0.229156	0.743715	1.393857	2.886735	1.939152	4.414922	4.077858	3.132044	3.131572
-0.764270	2.442089	-1.099383	1.524176	2.605732	4.289273	-0.264220	3.632653	2.042094
-0.192116	2.425957	0.553544	0.094082	-1.519020	1.190192	-0.923413	0.785722	0.013404
-1.544982	2.056719	-1.027063	-1.861047	-1.059804	-3.556623	-2.889221	1.285850	-2.667202
-1.776066	-0.224823	-0.677104	-3.781809	-2.649020	-4.923370	-0.707142	-1.822262	-2.647922
-3.515869	-3.434769	-0.114577	-2.359606	-3.409768	-3.898450	-2.179178	-2.949214	-0.867659
-1.414292	-5.051716	0.560615	-2.884937	-3.419048	-5.327963	-3.179928	-1.670006	1.539187
-1.572233	-6.639565	-1.877925	-3.291602	-3.631860	-1.759909	-2.539491	-2.939237	0.751815
-2.220292	-4.257813	-2.630598	-2.723901	-3.955103	-1.517488	-2.382568	-1.214506	1.535223
-1.357271	-3.718860	-1.984904	-2.724334	-2.881678	-0.481200	-1.740257	-2.957915	0.730811
-1.228568	-0.766105	-2.008942	-0.063101	-0.246085	0.158754	-0.628559	-1.837262	-0.921822
-1.767383	-0.711347	-0.167113	1.422498	-1.450024	1.156076	-1.890374	0.510552	-0.288477
-0.455516	0.206716	-1.941616	3.165564	0.649606	-1.204336	-2.207201	-1.325071	1.080345
-1.648767	1.207084	-0.182651	2.745696	0.458905	-0.261481	-0.179541	-2.619832	0.809444
-0.397536	0.675558	-1.793818	3.970394	2.067772	2.331241	1.025509	-1.444631	0.489718
-2.329323	-0.038360	-1.033816	1.704859	0.336108	1.555030	-1.180253	-1.473566	-0.332733
-0.631027	-2.703169	-1.491946	2.771291	1.324113	1.028986	2.694074	-2.060339	-1.038811
-0.317548	0.462531	-2.092606	3.351689	0.922588	0.625409	5.365890	0.435752	-2.189414
-2.704787	1.715941	1.184402	1.584055	2.396731	-0.668801	5.202595	5.115107	-1.942046
-0.760442	3.922163	1.631180	2.979287	1.866344	0.235456	2.679591	4.718725	-1.208705
1.230986	4.802897	2.809027	2.641287	0.842026	2.711181	1.682377	-0.227892	0.941007
1.303897	3.506745	3.344244	4.463454	2.509179	2.227773	-0.422447	1.112355	0.964489
-0.541907	5.588706	3.092331	2.797989	1.477301	4.513732	-1.271379	-0.661933	1.977142
0.669972	4.608683	2.132889	2.144491	1.518993	0.546860	-1.530021	-2.106657	1.518464
-0.432065	-0.407724	0.930518	2.292261	-1.446844	0.301855	0.318229	-1.026415	-0.488045
3.905582	-1.718714	-0.063783	0.311599	-0.132711	-1.343182	-1.663529	-1.891307	-0.172886
2.062515	-2.830386	-0.379212	0.695905	0.683593	-1.605351	1.669306	0.054266	-1.876058
0.622232	-2.691839	-2.314470	1.421779	0.694368	-0.478651	-1.323267	2.430605	0.116537
1.037234	-2.539773	-1.294355	2.375422	1.435714	0.181117	-0.221447	3.221110	-0.549301
-0.418179	-4.132486	-3.869969	-0.642267	-2.042968	-1.890747	-2.805434	1.736082	-2.309072
-2.241506	-3.186678	-2.250810	-0.616687	-1.951579	-1.853041	-1.464927	0.435120	-2.034977
-0.098147	-1.036049	-2.289878	-2.789538	-2.020217	-2.975966	-0.715326	-1.068374	-3.266115
1.587098	-0.774496	-0.237972	-0.292620	-3.714584	-2.027822	-0.688430	-4.521002	-3.274088
1.931029	0.808280	-1.194094	-2.037833	-2.299278	-1.096309	-1.193939	-3.708662	-3.019295
1.485247	-0.464419	-0.349041	-0.734676	-2.017799	-1.741925	-0.692553	-3.252355	-2.605637
0.020052	-0.505794	-1.770614	-0.345549	-3.050548	-0.637972	1.197428	-0.983180	-1.902414
-2.134856	3.668957	-1.477512	1.052647	-0.507823	0.988152	1.356606	-1.278037	-1.104126
-3.002077	6.957035	0.011765	0.953213	0.600776	0.667047	3.706980	1.532074	-0.476673
-0.268010	4.343340	3.218617	1.954749	1.385448	0.537713	4.462151	4.274754	-1.291055
2.331645	3.727172	2.010645	2.396256	3.987795	-1.046850	1.619020	4.735002	0.106927
1.129188	2.040733	2.460850	3.174133	4.528715	-0.004042	0.215386	3.682919	-0.868726
0.541920	2.904524	0.033531	3.400381	5.005411	0.826838	-1.712350	3.763305	-1.802015
0.909140	-2.758257	-1.171211	1.057200	3.544881	-0.140409	-0.920087	3.128561	-1.796839
-0.640850	-4.751207	0.369724	0.054490	2.886527	0.423716	-2.403626	3.639386	-2.107498
-1.575851	-1.196326	-4.643062	1.531051	-0.183052	-1.357386	-0.622265	2.520080	-2.171492
-1.193163	0.834987	-0.872670	1.647084	0.175545	-0.403215	0.886196	4.770144	-0.013222
-1.461985	3.616831	-0.079600	1.304189	0.462519	0.045430	-1.954243	1.165878	-0.284286
-1.754516	5.736708	0.473950	-2.175235	-1.651532	-1.192551	-3.946382	0.552583	1.784214
-1.708057	4.270617	3.366680	-2.404587	-1.581705	-1.274357	-1.636919	0.446757	3.414280
1.521493	4.043060	2.583390	-1.329566	-1.803602	-1.069589	-1.016855	-2.376398	1.429912
2.578834	4.775237	0.938380	-0.545373	-1.032821	-2.587546	-1.031889	-3.461782	1.052810
4.386266	2.043249	-0.728648	-2.857107	-0.225163	-1.875027	-3.177021	-2.411495	0.923574
4.243290	2.187795	-0.355395	0.120732	3.382574	-1.186532	-2.489350	-1.489338	-1.083095
1.158706	2.124676	-0.959860	0.760044	1.028489	-0.525061	-0.873076	0.900591	-4.278798
1.577514	-0.761207	0.503757	0.437929	0.576482	-2.220713	-1.709798	1.583091	-1.459433
-2.732185	-3.961154	-1.395142	0.249787	0.996654	-2.405687	-2.866316	1.151463	-2.956900
-0.737091	-4.918964	-3.137958	-0.244181	-1.576795	-3.577684	-4.094929	-0.125393	-3.509899
-1.430205	-6.436038	-3.879089	-0.575575	-2.767964	-4.389902	-3.144838	1.100922	-2.575729
0.155175	-4.204675	-3.234836	-3.138995	-5.777054	-1.971642	-2.723341	-1.936491	-3.238990
4.039449	0.594226	-2.960598	-5.577641	-2.966263	-1.198102	-3.113639	-2.505032	-4.301182
2.943217	1.848064	-0.010374	-2.778312	-2.477993	0.033917	-2.202830	-1.919401	-3.404102
5.043979	1.987640	-0.272064	-2.425509	0.524559	0.501417	-1.209915	-3.482597	-2.136252
2.548036	0.610354	0.114932	0.608869	-0.650809	3.034697	-0.832292	0.111780	1.951270
3.029187	-0.757094	-0.697784	-0.357178	-0.663295	5.809058	2.202638	0.656429	2.558264
1.202034	-1.418203	0.123288	0.765351	0.303300	4.795601	0.527476	0.456451	1.502631
-2.494524	-1.588773	-2.196552	-1.718745	-1.719624	3.256926	0.329422	-0.744154	3.835772
-1.289586	-0.952304	-1.467203	2.177934	0.504735	3.480034	0.949678	2.550314	1.101988
-1.866852	1.586305	-1.737164	0.526190	1.091976	2.750725	0.816742	-0.577245	2.550978
-2.992922	2.818952	-0.604536	-1.540779	3.169599	1.095700	3.164316	-0.383330	0.973145
-1.027695	1.174239	-1.562917	-0.155971	3.690305	-2.408140	3.318901	1.018458	-0.245811
-1.226172	-2.030634	-2.601806	-0.205887	1.651995	-3.505596	3.614496	1.007320	-1.686590
-2.088651	-1.333567	-2.195804	-0.988926	-0.445533	-5.171066	3.563402	2.213156	-2.870490
-2.676433	-3.633461	-2.692509	-0.834088	-3.061576	-1.004450	5.780319	3.537266	-3.226310
-1.852217	-1.946715	-3.626621	-1.118973	-1.142937	-2.356948	2.042848	1.811350	-1.915450
1.074997	0.502572	-2.263940	-1.508381	-3.088113	-1.500058	3.208590	1.624008	-4.363509
1.986709	-0.506802	-2.195865	-2.960911	-4.361004	-1.092780	1.192344	-1.130759	-2.200485
1.671820	0.341064	-2.810295	-2.738064	-1.002212	-4.075714	-2.004488	-0.206452	-3.737077
2.062129	-2.611529	-1.756029	-1.152739	-3.679034	-2.916760	-0.664207	-0.955270	-2.070485
3.132438	-1.816182	-2.004567	-0.514235	-1.539572	-1.136915	-2.736913	-0.947914	-1.337308
2.468646	0.024905	-1.172509	0.020947	-1.954024	0.647220	-0.976503	-0.781282	1.521056
3.675053	0.558532	-0.983353	1.403007	-0.884091	2.592845	1.301721	-3.589575	1.333308
0.596061	-0.355301	3.561300	1.259946	1.162027	2.218262	-0.311340	-0.681093	0.918148
-0.439031	-3.126794	3.060052	0.766465	-0.212169	3.977771	1.062115	-2.543335	0.679879
-1.362123	-4.053146	1.797403	0.505062	-1.572579	-1.371427	0.481686	0.190798	2.341200
-1.394014	-6.158159	1.244554	0.444339	-2.226103	-0.824032	-0.675827	-1.608793	-0.400386
-2.522704	-4.014632	-1.133695	-3.159904	-2.920340	0.735857	2.434378	-0.627309	3.292022
-1.145293	-2.091665	-4.779243	-3.587167	-3.927191	2.405240	1.395599	-0.320448	4.123024
-0.845381	-1.591158	-3.474489	-2.662350	-0.087156	3.026119	1.181138	-1.531510	5.543122
-0.620466	0.913888	-3.147633	-4.438853	-2.260634	4.076294	1.612595	0.148403	4.243117
-1.328950	0.201274	1.307726	-1.312775	-2.797925	3.767566	2.323571	0.019394	2.885611
-0.117131	3.289299	1.014789	-0.217717	-1.846529	3.153534	1.265965	-0.138539	2.607705
-0.810309	3.306864	1.273056	-2.570277	-1.432346	-0.066999	-0.477021	-0.526895	1.988100
-0.740785	1.367268	0.388727	-0.877855	-1.921475	-2.917334	-0.463288	-2.633974	-1.822902
-2.454858	2.554410	1.094005	-2.293753	-3.080217	-4.113470	0.948565	-1.328275	-4.768701
-3.051127	1.354392	0.417288	-0.633268	0.567228	-4.134906	0.818139	-1.599799	-4.116594
-1.559593	4.258012	1.862179	0.449199	2.318261	0.921859	1.227233	1.427655	-4.480581
2.064846	2.790971	3.242577	0.995648	4.973282	1.786526	0.836448	0.198887	-0.669560
0.714188	1.847068	3.173783	1.727680	2.507390	2.129294	0.989885	1.751397	-1.034230
0.675435	2.236203	2.741997	2.051195	3.774086	2.544065	0.612343	0.345486	-1.537688
0.778486	1.666876	2.027322	1.205692	2.693671	3.143340	-1.258876	-1.577547	1.831565
-1.290557	2.060086	-0.992544	-3.937326	0.832743	0.992418	-1.764472	-0.696301	0.786833
-0.464996	2.077335	-0.798899	-0.453961	1.533603	-0.103298	-0.108546	-2.550875	1.388515
0.972471	3.324420	1.253358	0.147888	2.611952	-2.698010	-1.991297	-0.707570	1.800415
0.735144	2.716143	1.910426	-1.002279	1.435788	-3.511714	-2.594024	-3.474586	4.168432
-0.519277	4.168703	2.132908	-1.853261	3.564213	-2.628412	-3.407326	-1.814221	2.906469
-0.945293	4.144599	3.455402	1.025242	3.055526	-0.160202	-2.116305	-1.110777	1.045427
-1.156101	3.978832	1.780311	0.215630	4.536128	-0.603684	-1.035959	-3.296951	0.369008
-0.715003	4.046201	5.914835	1.765504	2.367617	0.684444	0.525512	-2.431845	-1.209987
1.509202	4.819406	5.169974	1.545463	4.155195	-0.192419	-1.379992	-1.615958	-1.441456
1.702715	2.122647	4.286529	2.331808	3.937161	1.242830	0.773930	-1.494490	-2.307798
3.578135	1.570723	5.255900	3.542040	2.632715	1.823889	-0.205622	-1.897940	-0.236811
2.844463	-0.391965	5.139889	3.585959	1.124458	2.007561	2.114153	-1.445807	-0.702793
0.579699	-2.753418	3.017496	3.169465	3.398189	0.462845	-1.207046	0.222607	-0.172844
1.451643	-4.916437	2.566822	3.059258	0.982708	-0.629756	0.091281	-0.242796	-0.249661
-1.001304	-5.013420	3.664667	0.660839	-0.054185	-0.016144	-0.094064	1.391785	-0.179343
-2.491342	0.267730	2.637031	-0.082891	-1.421089	-1.514416	-0.573981	-0.875351	0.283712
-3.990970	3.586715	3.156917	0.685667	-1.146706	-3.529172	-0.993070	-0.670504	-3.500995
-1.500790	4.453733	1.619623	-1.204487	-0.485734	-0.436212	-2.604332	-2.557072	-2.260661
2.859501	6.909585	5.199252	-0.401750	2.268925	2.518366	1.639635	-0.051655	0.242713
4.052701	4.624071	1.248903	0.602775	3.059373	4.827462	2.940131	1.808946	1.691831
3.460512	4.522290	2.279877	2.251691	4.862808	5.061677	2.458956	3.198933	3.139894
3.683533	1.590742	3.537975	1.547598	2.324731	4.998912	-0.728189	3.139306	3.560203
2.653766	-5.101474	-0.690703	0.716795	0.185941	-0.003532	0.075895	3.135264	3.441060
-0.205891	-13.183757	-3.080655	-0.552117	-0.386460	-3.274456	-0.925291	-1.033490	2.020066
-3.230335	-13.029608	-3.847582	-1.110236	-1.681474	-6.782157	-1.706547	0.205243	1.004524
-2.563068	-7.327926	-4.235282	-3.236864	-3.466101	-4.780035	-2.694872	-1.082136	-0.017666
-3.364889	-0.846813	-2.670556	-2.785799	-2.623841	-0.599389	-0.189767	-2.941927	-1.109601
-1.746698	1.713032	-0.702802	0.618759	-1.921593	2.509881	0.308170	-1.731230	0.751821
-0.140094	3.029208	-0.278120	2.153911	0.003542	3.734976	3.490738	-0.338043	-0.196501
-0.184176	1.551416	-1.378309	3.066857	1.297563	4.830798	2.698937	2.160833	0.848638
-2.147246	-1.202545	-2.606968	1.850997	1.093472	2.106746	-0.300631	3.643900	3.449537
-2.611801	-3.143776	-2.193298	2.644432	0.821567	0.475422	4.185332	3.968257	2.019298
-0.401743	-1.015275	-0.814296	3.511363	-0.171551	-2.639973	4.030428	2.980606	2.612224
-0.991470	-0.786145	-1.567664	1.723889	1.041517	-0.613239	4.648757	6.734347	0.842516
-1.998582	-0.490483	-1.041600	4.337312	0.173472	0.276525	5.622718	5.529880	0.780675
-2.609080	-0.990592	-1.706803	3.242232	1.099813	1.383621	3.318513	0.659106	0.503703
-1.063162	-2.560670	-0.736573	1.637050	0.648040	1.039448	3.827041	1.107027	0.077002
-2.057928	-0.071418	-0.986809	1.668065	1.604952	-0.249793	4.453403	-0.052059	0.293673
-0.152478	1.857363	-0.479811	1.501780	2.944951	-3.210399	1.860999	0.904251	-0.132282
-3.017212	4.172974	-1.486278	-0.963407	1.666435	-1.391072	0.421829	-0.594544	-1.688162
-1.153828	2.979415	0.996790	-1.797893	1.912804	-2.734709	0.474794	-1.332542	-4.056865
1.746472	3.722285	0.291695	-1.537480	3.200059	0.049289	-2.639707	-1.960943	-1.958289
2.837590	3.001685	1.872536	-1.668565	3.389299	-2.343475	-3.414073	-2.202746	-3.745034
1.039726	1.396314	1.953614	-1.320349	1.359724	-2.824802	-3.228004	-2.931151	-4.492196
-0.714519	0.588273	0.672430	-2.138330	-0.257367	-1.750591	-1.323699	0.373343	-4.287075
0.044854	-5.536240	-1.176716	-0.547409	-3.366572	-0.031540	-1.422258	2.437038	-3.040469
-2.591154	-4.700323	-2.655723	1.116216	-1.394194	-0.197849	0.201518	1.611933	-2.704377
-2.266742	-6.661577	-3.912690	-0.374154	-3.390430	-0.207617	0.651531	3.063130	-1.349097
-0.013210	-2.715101	-1.796717	0.279480	-1.044683	0.431758	0.080880	1.260529	-0.504928
-1.221058	-0.131397	-1.594503	0.080919	-0.411352	2.022874	-0.248834	1.911231	-2.002967
0.504515	1.138836	0.704951	0.324765	-2.717536	2.571635	0.373589	1.689238	1.328386
-2.840390	2.092599	-2.782252	-1.236582	-1.176537	2.872440	-1.632951	-2.313851	2.422833
-0.541174	-1.909109	-1.090313	-2.654622	-3.512355	-1.326309	-1.102754	-3.001534	2.156476
-0.334436	-2.626588	-1.732432	-3.837953	-3.533589	-2.870212	-2.925419	-0.692211	4.209816
0.574925	-3.371537	-2.134807	-4.095775	-3.046940	-3.152968	-1.463946	-3.276280	3.744354
4.194208	-2.582057	-3.228838	-2.363087	-3.324007	1.816524	-0.714435	-1.535841	3.499092
5.641816	-0.397948	-0.016125	-2.449688	-2.484292	3.187765	0.758114	-0.005392	2.570132
4.964847	2.161791	1.679734	-0.930278	-1.907894	5.489055	0.981302	-1.723433	4.688074
4.713903	1.106460	2.406838	0.613144	-0.262613	3.729597	0.857330	1.346937	2.255621
0.979684	2.137658	3.329088	0.055379	1.931350	4.778790	2.267896	0.840419	2.554874
-1.758710	-0.895513	4.014985	0.068828	0.990596	2.071136	-0.101499	-0.094486	0.712834
-3.253078	0.660846	3.884329	-0.726808	0.574724	1.091435	-0.258254	-2.483376	2.227903
-1.605019	0.670935	3.088620	-0.655728	-2.812666	-2.161612	0.323532	-1.143051	-0.972519
-0.511834	3.466854	3.421160	-2.197332	-2.913973	-3.454403	-3.634843	-0.676910	1.574671
-0.086821	2.148005	0.907648	-0.383919	-1.394799	-3.706838	-3.638877	0.254648	1.204574
1.729920	-0.741814	-0.729814	-1.399887	-1.250243	-2.243116	0.231629	0.853725	0.127891
0.252390	-1.756101	-1.126726	2.195663	-2.801205	-2.543537	-2.184523	0.294721	2.179424
-1.699611	1.672143	-2.661188	-1.873166	-2.107485	-1.720998	-1.053435	1.683537	2.865973
-2.037683	-0.149281	-1.435100	-3.604874	-2.981184	-1.441899	-2.555004	0.752075	4.771241
-0.729325	1.155627	-0.009960	-3.108361	-2.716601	-1.282740	-4.332132	-1.142364	4.683828
-1.595936	2.235268	-2.870568	-2.193624	-3.781037	0.299581	-0.496818	0.838521	2.553135
-0.781515	-0.733059	0.399176	-1.092764	-2.440091	0.735065	-1.721662	-1.639969	3.191865
0.099037	-0.507052	3.060673	1.097721	-2.394464	5.240413	1.231637	-1.243132	3.775019
0.019822	-1.532412	0.532923	2.016832	-2.103456	4.132025	0.718179	1.689432	2.060997
-1.075660	-1.392738	-0.549373	2.816570	1.095433	4.125202	2.510264	-1.015976	2.019601
0.430691	-1.615430	-0.370414	0.343036	-0.254696	3.056046	-0.047807	-0.486354	-0.677569
0.882977	-1.853787	-1.546201	-0.735070	-0.163444	-0.296042	-0.832434	-3.294600	-1.663809
-1.445303	-4.048609	-2.086132	0.186755	-1.160211	-2.495463	0.004182	-0.743614	-3.246220
-0.448647	-2.724095	-3.570607	0.542811	-1.790097	-6.062714	1.107043	0.105606	-2.354101
-2.071355	-4.356545	-4.239126	-2.026801	-2.425401	-3.906994	2.341249	-0.668039	-2.216449
-1.144926	-2.350158	-4.004488	-2.768880	-1.240325	-0.961903	1.692300	-0.145548	-2.615164
-0.561060	-2.870835	-2.971093	-1.886325	-2.638067	-0.716840	-1.033203	-1.705319	-2.276145
-0.729056	-0.675673	-0.947239	-1.369734	-2.092127	-1.153704	-1.088861	-0.743352	-2.515391
0.170386	-2.116773	-2.823528	-2.155506	-4.692207	-2.423694	-4.576773	-1.701444	-1.184500
-1.364132	-2.498835	-1.993957	-0.837641	-2.029104	-1.572408	-3.421938	-3.034794	-2.835971
-1.716810	1.027243	3.251073	-2.636736	0.524079	-1.963646	-1.314757	-0.175001	-0.969604
1.505352	2.567261	2.118063	1.903908	1.428445	3.613293	-0.038328	0.942637	-0.474297
1.369556	3.346620	3.035813	-0.024406	4.797192	1.796911	0.348848	1.015520	-0.837549
2.462301	1.992920	0.369225	-3.392578	2.418921	-0.380593	-1.151928	-2.867149	-0.228659
2.782290	0.770962	-0.662603	-1.844705	-1.636968	-4.349516	-0.135356	-1.673270	1.049274
5.654021	1.351247	-1.751268	-2.658188	-1.946175	1.404442	0.725965	-0.822640	1.933752
4.199197	-0.910925	-1.555171	0.615075	-0.929599	-3.570518	-0.540465	-1.815259	0.023274
3.967017	1.764548	-1.816911	2.306086	0.270059	-0.112694	0.074854	-1.532324	-1.861858
4.741182	-1.898935	-1.554287	1.984446	-0.190300	-0.597686	-0.388077	-1.294834	-2.775243
3.265894	-2.062472	-0.878699	-1.843244	-2.210577	-2.310593	-2.372158	-2.349088	-1.906080
2.575352	-1.758862	-1.985847	-2.625282	-0.810870	-1.585613	-1.641287	-2.700085	-3.145968
2.566958	-0.616406	-0.923030	-1.488568	-0.777679	-1.663546	-2.914466	-1.967222	-1.346206
1.408012	2.124399	-1.366648	-2.439800	1.608895	-1.896390	1.299406	2.712502	-3.815293
-0.809084	3.096953	3.640301	-0.302476	2.142252	-0.684645	1.767731	2.538388	-1.650829
-1.715532	1.412857	3.409016	3.299105	2.887395	0.976990	-0.458892	5.364639	-0.233512
-1.546828	3.541411	4.990099	2.562943	4.655421	0.668217	1.730038	4.518755	-0.884741
-1.583774	2.672317	6.760649	3.700042	3.201533	2.191537	1.348421	3.613938	0.954084
-0.390668	0.215176	3.425967	6.003801	1.580330	3.933850	0.603358	3.144791	1.405864
0.255691	1.529188	3.614854	4.663923	2.231012	3.358158	-0.357650	3.752513	2.906500
-0.550996	2.955455	3.914410	3.950508	3.239880	4.753362	1.563396	3.465609	2.971093
-0.989330	1.794376	2.822636	3.714859	0.657735	3.238463	1.872898	4.361577	1.690143
0.746492	3.829155	3.225632	3.497276	1.138076	2.825561	1.410955	1.544222	0.990552
-0.643331	2.004190	1.209099	1.894562	-1.881395	-1.198741	0.432869	-1.083956	0.734720
0.559102	-0.718915	-0.450562	0.944917	-1.121179	-3.790043	-1.381661	0.244245	-0.749251
-1.321507	-1.494462	-2.307251	-0.912757	-1.486774	0.098256	-0.948432	0.716326	-2.789362
1.248241	-0.238047	-2.323568	0.810642	0.577819	2.377057	1.049154	0.978490	-2.054012
-1.334551	3.000128	0.653788	1.827115	1.812601	3.528961	0.777298	1.419038	0.555901
-0.016785	3.199067	0.641918	2.528464	3.345273	4.051470	2.656902	0.242872	3.599576
-1.415758	4.970670	-0.188478	1.543090	3.820535	3.418084	1.569166	1.416493	5.168615
-2.687470	2.805337	0.679901	2.397794	4.038388	4.100704	3.441289	1.138604	6.179519
-0.578520	1.997571	1.159155	0.904979	3.856132	1.673233	2.201574	1.585906	5.297787
-1.594508	0.729972	1.439185	3.393646	4.812168	2.011870	2.834220	2.490102	6.416621
0.087768	0.790641	2.413392	3.119196	1.557197	0.430017	2.642128	3.366391	3.899421
1.017007	-0.458820	0.023676	3.808431	1.915719	3.388374	-0.320401	0.733378	1.686488
3.572912	0.734590	-1.308562	3.266052	1.713235	-0.443856	0.815634	2.023563	-0.557078
4.390282	2.531272	-1.221722	4.185062	-0.054555	3.340327	2.270632	0.131548	-1.656376
2.358519	2.164528	1.029297	2.199062	0.796551	3.206024	2.036395	-1.437865	0.301995
4.003422	5.093658	1.283095	1.974753	0.588253	4.171237	5.452524	-1.623374	2.328136
3.184494	5.268764	2.852474	3.320737	-1.281448	3.604865	2.145219	1.131423	3.780246
2.488934	3.796747	2.201533	1.314716	0.916048	1.941712	1.049880	-1.332372	1.372626
2.388244	6.073009	1.072874	-0.032909	-0.078157	1.546177	0.944709	-0.065058	1.193477
0.783324	4.604850	2.430597	-2.757336	3.558536	-0.538738	-0.097494	0.543568	-1.282501
-2.290725	3.058773	0.873003	-0.548464	2.490130	-3.646633	0.682672	2.658807	-1.115607
-0.652502	-1.482922	0.742492	2.183210	2.700125	-2.348705	-1.834693	4.194761	-0.775040
-1.621807	-5.553433	-1.605336	1.402088	0.256821	1.339145	0.086113	3.273032	-2.655601
-2.456038	-8.260559	-1.851178	0.982869	-1.150280	-0.723180	-1.626110	4.467422	-0.432489
-2.001396	-6.383398	-3.169635	-0.923643	-2.790578	1.179020	0.036339	2.673133	-1.039402
-1.409478	-5.466550	-3.917207	-1.679546	-2.716471	2.639846	0.522361	1.368067	-0.148542
-1.432485	-3.179212	-6.013792	-3.309240	-3.210459	3.169900	1.159556	0.801725	1.814393
0.414484	-1.022683	-2.260689	-2.923023	-2.655540	-0.631918	-0.168275	-0.830089	2.988803
-1.121170	-0.343362	0.074701	-1.827992	-2.143714	0.427795	-1.264531	-1.110175	0.858188
-2.321346	-0.410347	3.128680	-0.845947	-2.446180	-2.507862	-1.463811	-0.973531	0.521849
0.405956	-1.599037	3.812948	0.417616	-1.828036	-3.255488	-0.460814	0.390746	-1.927314
-2.063762	-3.935131	4.451406	-1.289303	-3.082981	-4.270480	-1.868539	-2.737342	-3.366200
-0.992800	-3.050127	3.984555	-0.637903	-2.851115	-2.195538	-0.996386	-2.250294	-3.647209
-0.314258	-2.523323	4.493995	0.287520	-0.454337	-1.542061	-0.599854	-3.095008	-3.896341
-2.085434	-0.010218	1.816027	-1.234833	-2.346344	-2.606747	-2.465442	-0.810081	-2.462696
0.092871	-0.104211	-0.840048	-1.053062	-0.806337	-1.308796	-1.826549	-0.558712	-1.666473
1.166460	-0.027600	-2.811430	-0.512963	-1.450014	-0.763107	-1.296874	-0.228699	-2.490472
-2.289668	2.005117	-0.865817	0.393165	1.076327	-0.261878	2.024384	2.888661	-2.101792
-0.287412	3.231040	-1.313510	0.124123	2.513486	1.920392	2.348425	4.051868	-2.193133
-0.690571	4.332072	0.231794	2.606814	4.873365	1.965604	6.160351	4.993926	0.199004
0.234255	1.710715	-0.325607	3.603539	2.072964	2.300558	2.674863	4.041337	0.687421
-0.493932	0.826068	-0.534710	1.373800	1.707086	-0.132144	2.493261	3.831401	-1.496382
0.371168	-0.339165	-2.492216	1.591199	0.729431	-1.462700	-1.904053	-0.753978	-0.102206
0.886555	0.198217	-0.676022	0.013837	1.390101	-1.803211	-2.263580	0.406201	1.051250
1.917330	0.820514	-2.206630	-0.259484	-0.064503	-1.728874	-0.192616	-3.603960	-0.574014
2.911694	0.182430	0.050263	-2.502961	0.751021	-2.427489	-2.765863	-3.139259	2.155003
1.068048	2.324465	-0.883244	-3.201594	-1.186527	-2.832455	-1.174018	-3.493694	-0.845399
0.107491	-0.111580	0.122051	-2.108081	3.297655	-3.169971	-1.303581	-3.701462	-1.929821
-2.692074	1.569299	0.517849	-0.554619	4.942968	-1.378234	-1.785551	-4.694663	-1.034962
-0.915449	-0.496799	-2.423951	-0.294807	1.856515	-2.456446	-2.176127	-1.992593	-2.199921
-0.645831	-4.712771	-1.769746	-4.255943	-1.958905	-2.255604	0.488393	-1.635351	-3.912499
-1.043721	-2.321216	-3.379237	-3.914826	-1.086688	-2.648507	-2.041191	-2.621936	-3.842796
-2.463818	-2.719833	-1.989522	-2.725554	-0.655435	0.558045	1.073023	-1.004644	-0.611111
0.702179	-0.644418	-0.416001	-2.282424	-1.195543	2.056954	-0.145166	0.252126	2.478955
-0.010630	2.300428	1.285327	-2.135235	-0.507611	0.560920	0.155745	-0.672824	2.654804
-0.044644	1.505007	-1.192637	-2.222386	1.155863	0.097545	0.585057	-1.162092	2.589134
-0.372963	-1.747878	0.281807	-2.473375	-0.085820	-1.134170	-1.990930	0.260224	2.191047
-0.280085	-1.986827	0.016061	-2.125100	-1.308559	-0.996824	-2.755714	0.549926	0.721642
-1.008912	-1.685437	-0.131074	-0.120558	-0.642351	-0.050617	-0.790195	-2.704385	-2.408682
-0.291442	-1.214007	-0.990299	1.122250	-1.727196	0.648153	-1.284771	-3.782505	-0.669522
-2.529474	-1.904136	0.278888	1.884728	-1.768091	0.354686	-0.453641	-0.792833	-2.454581
0.875892	-2.475922	-0.015612	-0.694123	-2.531736	-1.330816	-0.542304	-2.965768	-2.961857
-0.518344	-1.825864	-2.326799	0.135299	-3.985828	-2.528552	-1.809659	0.042293	-3.581250
