X1	X2	X3	X4	X5	X6	X7	X8	X9
-1.505338	-3.883128	-5.436941	-5.670771	-7.086976	-3.257539	-3.322768	-3.861862	-3.080934
-2.366432	-4.180490	-5.285323	-4.540535	-5.253586	-6.084734	-4.947515	-1.872517	-3.825282
0.262895	-4.791893	-3.293621	-1.868210	-5.294323	-4.836010	-3.181709	-0.748014	-2.869103
0.568043	-3.650737	-4.110038	-2.175099	-4.099290	-2.552368	-1.572152	-0.113852	-2.070699
-1.970790	-1.796324	-1.812576	-2.297802	-3.419191	-2.919710	-2.138346	-0.196533	-0.530869
-0.469303	0.582545	-2.592837	-1.232321	-2.400928	-3.488337	-3.612290	0.127743	-3.636213
-3.850598	0.955669	-1.946823	-2.408257	-3.085304	-3.579952	-1.707285	-1.476724	-1.463532
-0.606873	2.104947	0.486964	0.083187	-2.414422	-1.894955	-3.581534	-2.512135	-1.154124
0.578869	1.156077	1.974422	-1.945989	-1.468684	-2.249648	-2.406036	-4.423390	-1.866091
2.679128	3.882960	0.034848	-1.243187	0.993606	-0.207432	0.315908	-1.613491	0.510567
2.720805	2.418093	0.934242	-0.122309	1.138746	0.342991	1.686096	-0.153536	1.013151
2.022598	0.562075	-0.844400	0.213144	0.497734	1.936620	4.450329	0.961273	-0.685939
0.954706	2.301406	-1.292380	2.074071	1.307966	4.006453	4.776205	1.198235	0.949695
-3.129770	1.181185	-0.703798	1.168170	1.582540	3.094889	5.905823	2.841451	2.973656
-2.141731	-0.171790	-2.294957	2.333840	3.813453	1.017926	3.131183	4.046820	-0.146259
-3.208578	1.395881	0.206241	4.154679	2.037304	2.733064	2.884284	4.746141	1.100151
-2.057712	-1.472004	2.883594	5.721286	3.286488	1.477300	-0.300175	0.721815	-0.702913
-0.684533	1.532054	5.197900	3.327760	4.613904	1.859934	2.607106	2.312740	1.688247
-0.285342	1.942455	5.831958	3.652500	3.726750	1.309264	-0.568075	-0.400284	4.029733
-2.553339	2.325397	3.659066	-0.577197	4.495822	1.258889	-0.151717	-1.586057	1.635543
-1.849425	1.120079	4.514021	-8.283531	1.796119	0.710308	-3.285921	-3.039379	4.128077
-1.966601	-0.864000	0.576123	-4.516303	3.490638	-1.768481	-2.539789	-2.924651	1.434936
-0.549668	-2.347740	-2.986431	-1.223915	1.410877	0.802121	-1.909620	1.378626	1.227520
0.455975	-1.174743	-3.720342	2.614532	1.325733	-0.611387	-0.836715	3.837953	1.290427
-0.871575	-1.315609	-2.158611	2.196136	0.893205	2.725694	2.636525	2.641529	0.453859
-0.257118	-1.509240	-3.757242	1.126297	-0.131010	3.817162	1.123700	1.071453	-1.265586
-0.536454	-2.287537	0.003365	-0.064487	0.017385	0.508416	1.854609	0.454926	-1.002206
-0.791884	-1.800700	-1.070591	-2.346217	-1.968610	-0.476445	-0.851548	-2.100654	-0.508804
-0.151109	-3.661530	0.770586	-3.284294	-0.750899	-1.586122	-1.424872	-3.254986	-1.416478
0.337370	-1.981329	0.628597	-2.104519	-2.605284	-2.921116	-0.788163	-3.274170	-1.581028
0.741352	-0.461397	1.595740	-0.025894	-3.226666	-1.648328	-1.019221	-1.837308	-2.144456
3.665037	-0.050936	1.966112	1.865381	-0.108147	-0.898060	-0.390348	0.215200	-0.674161
4.003623	-0.146546	4.848412	3.246804	-0.698630	-0.828312	1.169857	-2.075845	-0.916344
1.074211	-0.379127	4.102140	2.241374	0.065184	-1.505786	0.922893	-0.527144	-0.715205
2.555798	-0.250882	1.508092	0.722190	0.220793	-2.157483	0.883660	-0.206798	0.219257
2.292184	1.379889	4.835669	4.337451	1.284995	3.030296	2.450857	1.158793	1.188640
1.971168	3.028186	3.722569	6.570956	1.250887	4.743251	-0.172315	3.960130	1.572145
2.689249	3.809307	2.868690	6.406505	4.680670	4.520180	3.752942	3.201711	2.354370
3.600327	2.134451	3.075930	4.864795	5.300539	3.161381	1.781728	2.310436	1.530617
4.725399	2.312519	2.788389	2.559326	3.780595	0.705355	-0.063256	-1.142694	1.638284
3.576966	1.199308	2.925866	-2.625604	2.827935	1.775000	0.225689	-2.458781	-0.374128
5.083626	0.598118	0.395358	-7.957994	0.879758	-0.013084	-0.258138	-3.212225	-2.162921
3.368479	4.485048	0.304565	-3.813146	2.162162	0.983300	0.130863	-2.356525	-2.421694
2.746623	2.477997	0.489086	-1.559662	1.231346	1.087253	1.185393	-1.249782	-0.134948
0.829756	2.429165	-0.055681	1.379759	0.409808	2.753673	1.081850	0.548803	1.554116
-1.892120	1.022850	-0.408538	1.360414	1.536246	2.839160	1.260235	1.729131	-1.138200
-2.601109	2.451853	-2.712784	-0.189096	0.751460	1.880512	0.185747	1.514200	1.327801
-2.143011	0.505771	-2.173622	-1.340973	2.572147	2.825929	1.459087	-0.030588	1.257020
-2.614227	-0.319995	-0.492752	-0.390318	2.750307	-0.466990	1.066254	-0.085635	-1.050844
-2.619858	-1.480646	-1.429375	2.827669	-1.074461	-0.037547	1.445747	3.413059	-0.730591
-1.850206	-4.009984	-2.108393	3.378386	0.560640	-1.009841	1.710168	3.306294	-3.275622
-1.393971	-1.553609	0.115693	2.295033	0.587810	-0.297674	3.498815	4.412770	-1.946237
-1.837954	-0.276421	1.551783	3.838110	1.293448	-1.203847	0.235089	4.825486	-2.380937
-2.539157	0.685978	-1.583524	0.134514	0.003752	0.924240	2.463489	4.412643	-1.303622
-1.779982	2.653288	0.635269	3.044445	-0.558379	-1.180414	-0.418785	3.958540	-0.294992
-0.428128	1.816908	-2.318537	1.954603	-0.547245	-0.341711	-0.663032	-0.279924	0.333351
0.482602	3.239137	0.069357	2.316487	-1.699848	-0.277049	-0.000754	-0.729348	2.916308
-0.642292	0.975676	-0.280651	-0.457705	-0.600488	-0.677332	-2.138949	-1.552233	3.882777
1.491888	-0.005878	-1.498761	-0.101472	0.483933	-0.660658	-3.190618	-5.588579	2.624559
-2.075359	-1.413624	-0.081474	4.468984	-1.457386	-0.077830	0.614538	-3.444286	2.226252
-3.103034	0.687136	3.754709	5.192963	1.628555	1.792353	0.129621	1.969145	2.577057
-2.052739	1.187103	4.983688	4.040764	1.852955	0.875889	2.871729	3.450514	-0.096528
-2.403075	0.992575	3.074561	4.410086	3.591313	2.481478	2.609763	2.105022	-0.215604
-0.464842	-0.898848	1.672527	0.343828	3.012328	1.123420	1.667923	0.765667	-1.607270
-1.899343	-1.344767	1.574087	-9.095409	2.646300	-1.365887	0.721008	1.332449	-2.385927
-0.321779	-2.352183	-1.780261	-16.047728	-1.493372	-2.478443	-1.973080	-4.140431	-4.232377
-0.273551	-2.899995	-3.820217	-11.827928	-2.562688	-3.225449	-4.526943	-2.830074	-3.416120
-3.076560	-4.480505	-5.161183	-9.131310	-4.861750	-6.506305	-3.182380	-5.966680	-2.931755
0.799492	-3.439913	-4.899758	-2.425975	-6.248758	-4.290912	-6.736992	-5.106550	-3.347885
0.601704	-1.750120	-5.316844	-0.122323	-4.806211	-4.697271	-4.189077	-3.677083	-2.582510
2.216475	-0.604626	-2.100140	-0.009456	-4.716712	-1.133182	-3.267837	0.658120	-1.666131
-0.229397	-1.372432	-1.031248	2.734527	-3.275759	-1.266646	-1.415371	1.699558	-1.743347
-1.434813	-0.751539	0.037432	3.315025	-0.902754	-1.098563	-1.167279	3.297432	-0.761361
-2.360275	0.117654	-0.109500	3.512036	0.031203	0.940966	-1.082661	2.876542	0.939627
-2.619184	0.089346	-1.026246	5.990262	1.391912	1.300340	0.927783	4.556586	2.115817
-3.415941	1.389535	1.105595	3.238500	0.236473	1.571859	0.859653	3.677466	2.237008
1.488753	3.367223	2.992322	2.433451	4.204586	-0.569877	1.827049	4.328880	2.089998
4.630195	2.284407	3.457035	-0.128487	3.084249	0.844030	0.308571	2.531428	-1.014913
4.521385	1.092988	1.706632	-4.311513	3.475564	1.875281	1.501619	-1.848890	-0.797325
5.276620	2.876066	-0.587485	-6.201028	1.839830	2.402774	0.078294	-1.348073	-1.063740
4.057801	2.077439	-0.439718	-3.839933	0.401346	1.409310	-0.570206	-4.220623	-2.031259
3.513924	0.078808	-0.837767	-2.572028	-1.769086	2.919488	1.243721	-3.771140	0.519718
-0.337311	0.221272	0.195268	-0.157314	-1.479567	-0.025093	1.481375	-1.411123	-1.551910
-0.481905	1.407831	-1.362714	-0.228791	-0.700298	1.156967	1.168055	-0.247374	-1.008644
-2.526861	-2.369416	-1.981513	1.651341	-0.210877	0.293968	1.260961	0.123708	0.550214
-3.129580	-1.182370	-0.764629	3.012980	1.093694	1.462708	-1.406405	0.585922	4.264465
-3.203462	-1.377529	1.511738	2.704426	0.283117	0.665188	-2.078146	-0.117331	2.019907
-0.532210	-0.460096	3.370288	2.496280	-1.602308	-1.200393	-1.081159	-2.525653	5.005339
0.697875	-0.919369	1.560720	0.255940	-1.169282	0.938865	-3.193046	-3.004043	2.622061
3.624691	1.969450	3.302533	1.380106	1.832497	-0.851339	-1.506105	-2.254002	0.603871
2.845837	0.893761	3.603229	3.629277	0.940127	-1.602605	-0.333538	-2.175630	2.465368
3.408812	1.795064	1.373807	4.125754	0.437911	0.467667	-2.824344	-1.642027	-0.510048
5.246514	0.045659	3.852966	1.396836	0.394947	-1.753225	-0.103522	-1.580493	1.902021
2.138942	1.400845	2.863007	1.453722	0.434237	0.154321	0.354027	-1.557129	3.247475
2.892594	2.042123	3.479229	0.608512	-1.465520	0.819503	0.649302	-0.245236	4.753312
3.009768	0.354591	1.958433	-0.559495	-1.415522	-0.808579	0.605506	-1.015212	1.138332
3.817864	0.345051	-1.624481	-2.265998	-0.247770	-1.226726	-3.694564	-2.647559	-1.748367
1.301179	-0.921600	-0.483614	-3.860498	-1.789762	-4.783837	-1.465806	-1.000477	-2.289985
0.130612	0.730241	-1.829166	-4.674696	-2.557798	-3.129813	0.420480	-1.969767	-0.530724
-2.585737	-3.349529	-5.680436	-4.931491	-2.406977	-2.457854	-0.809107	-1.427927	0.205316
-2.787572	-3.885709	-4.757424	-4.373685	-3.238000	-4.057361	-3.030467	-0.581560	-1.018567
-2.183992	-5.305199	-6.837431	-2.221478	-5.153864	-3.042134	-2.235399	-2.835564	0.273626
-1.921200	-5.085199	-4.092756	-2.627569	-5.444771	0.626527	-0.366303	-1.963041	-2.293005
-0.848998	-3.878110	-2.780599	-3.110359	-4.584618	0.431521	-0.776379	-0.090390	2.114338
1.237815	-2.733331	-3.522961	-2.445949	-2.907605	0.459949	-1.095927	-1.660912	2.178554
4.847635	-0.069863	-3.132440	-1.169339	-5.435431	-0.691991	-3.615548	-1.518008	2.037142
2.884062	2.510094	-1.281637	1.027771	-3.763596	-0.907998	-2.474841	0.591023	1.773202
3.860694	2.560540	0.531149	0.640081	-2.142499	-0.746372	-2.136406	1.787280	3.532831
3.957629	1.239676	1.050617	0.968890	-3.237838	-0.868514	-0.703743	-0.883137	3.089329
3.505267	4.242801	-0.070331	2.220099	-0.940413	-1.864124	0.122247	0.887572	2.830595
3.544806	2.059515	0.641303	1.811305	2.386677	0.042897	0.717066	3.601906	-1.174073
4.621645	0.945818	0.318021	1.646111	4.503333	2.378550	0.796912	4.040764	-1.175474
2.445581	2.243809	0.904222	0.665214	3.780056	0.412334	-1.817813	3.132047	-1.369012
0.282414	1.246990	0.541208	1.143816	3.538446	-1.416050	1.301989	1.558155	-1.893086
-0.841058	2.075960	-2.761023	-0.078385	2.496906	1.705996	-0.143081	-0.231514	-0.368097
-2.877636	0.389219	-1.497168	1.510012	2.316536	1.594073	3.227678	-0.801059	1.204553
-3.317321	-0.897632	-0.275329	0.255706	1.898436	2.708080	1.226064	3.660919	1.149562
-2.539616	-0.630295	-2.300505	2.395397	-0.194291	1.554618	2.298777	2.962219	1.380731
-1.164520	-2.933068	-1.406595	-1.352515	0.475455	0.975285	2.211219	3.857643	0.700158
-2.098536	-2.365851	-3.716798	-3.026130	-1.439124	1.468383	0.317589	-0.378312	2.150141
0.797635	-3.104846	-5.694916	-2.639249	-2.683628	2.156010	-1.071714	-2.347244	1.102180
-1.029109	-5.079150	-2.683546	-0.572172	-3.433455	3.457167	0.411911	-0.252155	-2.323126
-1.007867	-0.018365	-1.960490	3.273801	-0.434705	2.612453	2.146263	3.517855	1.118921
-2.226643	-1.372890	-1.650945	5.257469	-0.174275	3.307369	3.779043	4.945785	-0.878979
0.165563	-1.118724	0.658487	2.699934	0.396735	2.322514	3.459051	6.283536	0.888972
0.469450	-0.019269	1.882909	3.681794	2.641126	2.738388	3.825386	6.407108	2.546473
2.545217	2.189077	2.344919	1.293249	1.522101	4.171291	4.271148	7.420498	1.176223
1.968461	4.393314	1.896619	0.842899	2.659459	2.018422	4.804838	2.947308	0.785021
-0.767218	0.663141	1.613110	-1.254056	0.712603	-1.185117	3.495455	-1.342063	-0.713334
1.953479	-0.581740	2.714791	-3.191716	0.931534	0.790271	2.288698	1.753685	-0.108944
0.627350	-1.122031	-0.361337	-2.808182	2.219053	0.680189	4.181269	0.708050	3.941991
2.745795	2.450171	-0.247373	-0.795553	-0.528439	0.380534	2.615667	-1.046766	2.979170
3.957212	0.988164	-0.780617	-0.684729	0.760959	-0.440892	1.989891	0.625335	1.029092
0.579199	-0.087051	-2.176967	-2.136612	-1.444350	-2.548889	-2.444858	-2.313348	0.807554
0.309956	-1.534773	-0.171824	-2.370600	-2.859265	-3.194359	-3.408581	-1.748413	-3.386643
-2.214518	2.072297	-1.330087	-2.403295	-4.893186	-2.798301	-3.663977	-2.854863	-4.938001
-3.178124	2.238061	0.545044	-0.073696	-2.865911	-2.007215	-1.782248	-3.189997	-4.168020
-2.260664	2.239517	1.201171	1.317597	-1.820538	1.436599	-1.292892	-0.398715	0.057897
-2.514439	3.199168	-0.804006	0.134284	0.661534	0.994341	1.529590	0.541282	3.089251
0.848351	0.779112	1.262214	0.125164	1.353407	0.895711	0.573597	-0.357807	2.446440
0.201303	0.317951	-0.454169	4.302737	0.639082	0.890608	1.591230	1.742718	0.287562
-0.526882	0.524984	1.566046	4.137304	-0.750941	3.529033	0.784788	-0.048343	1.682318
-1.135106	-2.364988	0.865560	1.249264	2.145242	1.582186	0.970171	-0.154390	2.513305
-0.280169	-1.391664	1.230673	0.720117	-0.647669	1.890566	-0.022121	-2.525225	2.992923
1.434626	0.346956	-0.035314	-0.256637	-0.683272	3.128373	0.072011	-2.335147	3.447371
0.630180	0.283771	1.653699	-4.411698	-0.572266	-0.180691	-4.312231	-1.114657	3.991948
0.081691	0.500884	1.388614	-4.856666	-1.756350	-1.915729	-4.780350	-2.868056	2.718953
-2.570041	1.530894	-0.526569	-2.168042	-2.191521	-2.152439	-3.419644	-0.936143	1.580385
-0.809418	0.681401	3.037851	-0.281924	-1.584479	-2.898122	-1.977915	-0.838419	-0.818158
-2.727741	-0.073994	1.474775	1.876086	-1.534922	-2.219177	-1.003562	-1.768985	-2.032476
-0.367209	-1.447291	2.185302	2.798489	-0.087649	0.309195	-0.455286	1.832559	-3.185070
-1.256125	-0.701689	2.001935	1.569884	-0.069257	0.718095	-1.446586	2.123313	-1.145341
-0.662889	-2.585987	4.115873	1.701172	-2.721847	-1.137878	-0.161064	0.609075	-2.104790
-2.513501	-1.076986	0.495618	1.454452	0.756085	-1.959224	2.834681	-0.326954	-0.406118
-1.439263	-0.471084	2.339571	0.707225	0.702739	-0.527643	3.395148	-1.535274	-1.517126
-2.423475	1.421818	3.644931	3.832590	0.529617	1.894466	4.034437	2.139813	0.625786
0.656162	3.210322	3.591200	3.707448	2.471620	1.345002	4.020148	2.337808	4.408115
1.450547	1.204627	4.148478	2.567598	5.198649	0.833165	1.377680	2.372909	4.207562
5.603380	1.691535	1.943067	0.756741	1.356307	1.295555	1.273834	1.241617	2.983825
3.810360	3.606845	2.231467	0.140375	2.842894	0.463673	-0.406592	0.594331	2.773704
3.399586	4.041859	0.860179	4.884902	3.985012	-0.451482	1.782703	-0.034149	-1.925803
1.249057	1.703976	2.355803	3.816722	2.537863	0.366191	4.296119	1.060876	0.594904
0.697474	2.530498	0.841941	2.169133	3.303747	-0.412110	2.043654	1.401005	-0.322575
-0.873265	2.440124	-0.938107	1.470937	4.607466	1.360918	2.320109	1.930739	-1.182543
-2.400761	1.637956	1.230659	1.498734	1.462022	0.219272	1.626883	1.663377	-0.720400
-3.045213	0.492594	0.752742	-1.404378	1.005116	2.933654	3.738577	2.976218	1.410354
0.020778	0.035438	0.328641	-0.943897	0.716149	1.726363	1.612689	-0.387238	1.136518
-0.477090	-0.799411	1.580658	-1.054424	-1.297377	2.156799	1.814419	-1.031092	0.690290
-0.779015	-2.705752	-1.190808	-3.193858	-1.026562	0.606063	-0.044232	-0.370443	2.147870
-1.821700	-3.559485	-3.270555	-3.735900	-3.153203	-0.345146	-1.688966	-2.055393	-0.563942
-1.787443	-5.149510	-3.926782	-3.747650	-1.998500	-3.078928	-3.392483	-1.362342	-4.148048
-0.784947	-4.704225	-4.057788	-3.299907	-2.957751	-5.387582	-4.690182	-3.394590	-3.785248
0.695290	-0.809131	-6.942174	-4.471872	-5.652554	-4.483708	-3.758065	-1.988838	-2.230743
-1.161434	-4.526526	-3.809437	-3.213044	-5.035009	-4.266708	-5.721231	-2.216086	-4.200834
-1.771318	-5.072411	-1.218278	-0.344224	-3.498315	-3.847180	-3.702182	-3.386434	-2.071322
-1.828264	-0.416684	0.937404	4.299588	-2.983270	-0.872124	-0.167817	-0.739083	-2.585106
-0.939472	-1.077445	2.558411	3.540994	0.040727	-0.789041	0.554964	0.382066	-1.361889
-0.152841	0.241806	1.757043	3.878391	1.333578	2.799170	0.258459	-1.969887	-1.834870
-1.342572	1.410671	2.097201	3.260582	2.499482	0.661408	1.049969	-0.790942	0.931350
-1.792466	1.500949	-1.512415	2.489065	4.738143	1.902973	0.373792	-1.576800	0.249170
-0.692522	1.454041	-2.312604	0.597641	2.849560	0.735466	-0.653870	-0.616361	-0.490311
-2.088942	0.552847	-1.629464	-2.083991	3.478934	1.473586	-2.611719	-0.924426	-2.188493
-3.412324	-0.770930	-2.882896	-1.881629	3.195568	-0.622666	-0.623455	-0.692094	-1.145476
-1.011069	0.400107	-2.724799	-0.427075	-1.442539	-0.951790	0.783822	-2.646867	-0.513062
-0.382378	-3.583339	-4.251971	-2.531628	2.003215	-1.053288	-2.753089	-0.817545	-2.247052
-0.196151	-3.717768	-2.755913	-2.910388	-3.257369	-1.766557	-1.330488	-1.782729	-3.137744
-0.760487	-3.422679	-3.789223	-5.855654	-4.139790	-2.633600	-5.636576	-2.604417	-0.787741
-1.118987	-4.811673	-4.662301	-6.106728	-5.334247	-1.682614	-4.320552	-2.107713	-2.683343
0.139649	-3.694449	-0.412846	-1.622508	-5.657940	-2.600302	-0.713018	-3.046014	-2.514449
1.500521	-3.675105	0.940843	1.038905	-4.052167	-2.624362	0.526327	0.077578	-3.025662
-1.319871	0.454858	1.770365	-1.108789	-3.821327	-1.201894	-0.742318	-0.107638	-0.191781
-1.693727	2.346241	1.726823	1.006411	-0.070920	-3.699999	1.286647	-0.046662	-1.902407
-2.269747	0.747044	-0.322984	-0.266096	0.327654	-1.475977	2.866220	0.708607	-3.051140
0.042069	0.838168	-0.371154	-1.697709	0.129098	-0.855628	2.043803	0.077067	-1.925581
-1.112279	0.363513	-0.822388	-0.936429	2.513411	0.440549	1.883895	-0.082282	-0.066631
-1.278491	-1.226620	-1.451684	2.159245	1.617395	-0.675747	2.291894	1.270259	0.026611
-0.836267	-1.022030	2.472857	3.799913	-0.317750	1.134684	2.140101	2.086492	-0.835957
-1.776207	0.072282	4.228537	4.808575	0.785376	-0.264457	3.539916	2.315714	1.204366
-2.911711	0.793917	3.473257	7.183331	1.630375	2.767829	1.569238	1.836625	1.519479
-2.044479	0.517076	4.986916	4.134181	1.858446	1.977641	2.702167	3.081726	0.593681
0.453990	0.723259	2.738415	1.557724	2.703491	1.876481	-2.792398	-1.645684	-1.409128
-2.394404	-0.334834	0.405955	-4.903338	2.672910	0.149948	-1.352557	-2.086905	-1.014949
0.644238	0.819699	-2.151164	-15.756905	-0.184596	-1.480958	-2.390610	-4.151839	-0.296781
0.129817	-1.406044	-2.901740	-11.640879	-1.117228	-0.663138	-1.972158	-3.981984	0.145375
-1.081467	-0.551561	-3.283175	-4.531757	-1.465684	1.506610	-0.058501	-1.239642	0.912418
0.325186	-2.166553	-3.244167	-1.237642	-2.095964	1.079884	2.698461	0.974887	2.943048
0.295177	-1.630118	-4.049415	-0.036831	-1.828969	3.051584	3.041327	1.093403	-0.536235
-0.601895	-2.495356	-3.219820	-0.881026	-2.339897	1.962811	5.257997	1.195806	-0.084131
0.133572	-3.799768	-2.408581	-1.389427	-1.322348	1.465865	1.935370	1.931695	-0.891842
-0.200724	-1.699352	-5.175997	-1.077032	-2.036423	1.527645	2.139547	2.337970	0.660834
0.711919	-0.694609	-2.359269	-0.268242	-0.152920	4.334751	-0.752473	2.214830	-0.845805
2.683001	1.657362	0.786305	-2.855457	2.637660	1.772484	-0.559390	1.690876	1.657241
3.942922	3.310261	-1.690976	0.946323	-0.539183	-0.461858	0.405095	0.315206	-0.730828
4.251182	1.010088	-0.245210	0.769298	1.596852	-0.978574	0.615882	0.357622	-2.504112
0.357581	-0.247756	-0.552399	1.494569	1.722665	-0.639363	2.028570	0.585522	-0.297912
-0.699979	1.162128	0.503960	2.796935	1.602255	-0.280428	-0.507839	4.691106	-0.884928
-4.279799	1.520742	-1.023035	5.707496	2.714123	-0.584966	-1.795448	4.856374	1.362940
-1.571279	2.206184	-0.997083	2.564653	2.151768	0.847321	-0.400356	3.248726	-1.371909
-3.471418	1.038556	-0.050083	-0.054394	0.278591	-1.042467	-0.608463	0.838062	-1.677974
-1.770415	0.057257	0.273964	-2.803345	2.035591	-0.427730	-2.264969	-3.254120	-1.432355
-1.776970	0.661988	0.011559	1.268600	2.273468	-1.933068	-3.007876	-2.368018	-2.663654
-1.543884	0.482949	2.840802	3.493640	2.349423	-1.818881	-0.359382	-0.151134	-1.359370
-0.923755	1.026639	5.187194	3.235977	3.004254	2.937030	-0.234390	4.760633	1.487896
-1.042983	3.674359	4.048933	6.006810	3.109261	0.546766	0.099503	5.000183	0.518945
-2.045067	2.829209	5.465621	6.269939	4.900445	1.471927	-0.348006	5.661914	2.064876
-1.619908	5.210089	4.329858	5.817865	3.386905	1.142511	1.334284	3.111328	3.886889
1.277995	3.744799	3.780644	3.199386	4.286540	4.710519	2.087273	4.677923	1.477884
1.358542	3.020638	3.109978	3.158805	4.630250	4.272152	1.119261	1.822900	-1.340539
1.400335	1.354508	-0.618639	-5.555780	4.359934	0.439307	0.266147	-0.506042	-1.198481
-0.212827	1.180908	-1.630307	-19.777468	2.719793	-2.226314	-2.207670	-5.243002	-2.266641
-3.573743	-1.382263	-2.285027	-18.510160	1.237525	-5.186612	-4.590488	-6.890481	-1.748520
-0.345212	0.062296	-3.177797	-6.872154	1.270529	-3.008587	-3.179309	-4.879379	-4.764117
-2.281035	-1.037415	-5.036519	-1.742752	1.190107	-4.233939	-2.289932	-3.712496	-2.852334
-0.578910	1.609504	-2.791192	4.296647	2.198056	-3.210469	-1.013057	-1.499833	-1.905070
-0.095738	0.896852	-1.375616	5.358844	2.082075	0.990523	-0.090686	0.882312	0.534075
2.335082	1.422929	-1.277292	3.905338	0.767065	1.824037	0.878483	0.899636	0.908501
1.762351	-0.227765	1.815181	2.633729	2.612025	0.744273	1.103249	1.582042	1.181107
5.229670	2.183671	1.389802	1.809817	3.014153	2.208930	2.993011	2.475428	1.286694
6.203238	2.944735	3.950171	0.879103	2.692649	2.727409	1.254170	0.383094	1.781462
2.815156	2.313927	3.929588	1.913386	2.545413	2.588809	1.307026	0.669040	-0.789690
2.037624	-0.414253	2.379853	0.902067	3.808542	0.364129	-0.171821	-0.620133	0.997838
-4.668056	0.400996	3.048666	-0.566854	0.816336	0.385670	-0.911272	-1.215726	1.812247
-1.821085	0.678572	3.069726	0.811122	3.200495	-0.746969	-0.292627	-1.841639	3.996536
-0.651261	0.949375	4.076832	2.368796	1.272617	-0.091088	-3.026486	-1.209471	3.238405
-2.035185	3.333705	2.604386	2.339968	1.894101	0.984313	-0.254548	-2.429024	4.239954
-2.535057	4.022462	5.599886	1.773138	3.578346	0.290033	0.157586	2.365004	1.336683
2.410226	3.115445	4.691732	2.743406	1.889451	1.102171	-0.957584	-0.185289	0.467292
-1.049138	4.042454	5.767124	1.850372	1.972515	0.925829	-2.162657	-0.775901	0.790981
-1.667847	2.940988	2.453462	2.219237	0.227336	0.621805	-1.710335	-2.126733	-0.409850
-1.138801	0.739448	-1.150656	1.636599	1.024115	0.010100	-0.294916	-1.841984	0.589700
-1.483700	-0.608569	-1.959329	5.037760	1.909448	0.241512	-0.010502	-1.046156	2.515629
-0.996243	2.041239	0.937542	1.869519	2.255336	2.142042	-2.487491	-1.533447	1.561038
-0.101929	-2.847930	-0.674443	-0.668123	0.926576	1.140488	1.401816	-1.545857	1.909227
-0.840859	-1.518076	0.783015	-1.204967	-0.032332	-2.565148	-0.446281	-1.899587	-1.282004
-2.016031	-3.689300	1.101816	-1.455612	0.076110	0.939233	-0.300981	-1.884737	-2.388455
-1.012746	-3.132301	3.760559	0.658041	-2.306599	-0.877871	-1.299585	-0.261206	-3.350526
-1.787002	-0.775182	3.839744	1.055593	-0.359461	-0.375958	-0.461193	-0.787994	-0.711618
-2.624100	-1.459142	2.856071	-1.563357	-0.710577	-0.139630	-1.050405	-1.802101	1.624171
-0.121038	-1.639682	-1.614163	-3.453407	-2.433548	-1.599386	-4.588319	-1.571127	2.396740
1.059183	-0.744302	-2.010956	-0.665959	-2.218676	-1.213327	-2.415038	-2.485272	1.977088
0.983864	-0.286004	-2.386309	-2.237012	-0.728563	-1.381954	-3.550959	-0.612436	2.122817
3.266706	0.299713	-3.402124	1.421234	-2.788509	-0.125667	-1.385484	-1.134718	1.794226
5.491308	1.348047	0.518999	0.743079	-1.135117	0.837535	0.060189	-1.391018	-0.340985
6.445172	-1.524803	0.494960	-0.049776	-1.244188	-0.032950	0.454759	1.870563	0.283683
5.374998	2.289463	2.316858	1.209867	0.052076	1.034278	1.463625	-0.139474	-0.646068
5.402386	1.088945	0.859992	1.772609	-1.299225	-0.329181	1.238090	0.091172	-2.406338
3.100436	2.603140	3.415461	2.339651	-0.147295	2.408773	0.523052	1.668000	-0.976129
4.096849	1.752450	4.309066	-0.381309	1.846066	0.532139	-0.036688	0.914111	0.760361
2.709926	1.092372	1.746704	-0.992269	1.246356	3.736017	1.928369	-0.619296	0.789631
1.413566	3.555206	3.618476	2.230671	1.331374	1.867807	2.000125	-0.798519	1.554181
1.014771	2.869652	4.587180	3.165109	0.577916	2.496507	0.736380	-0.242160	2.319812
3.624540	1.776907	2.282816	2.668847	2.747183	2.421919	1.144833	-0.387316	0.713323
1.953273	2.036673	2.288783	-0.680415	1.424172	0.803741	2.076485	-0.283389	1.275615
0.315672	0.194246	-2.333120	-3.767278	-0.489419	-0.940326	-0.328165	-0.482677	-1.934313
-1.671363	-1.669172	-2.200094	3.213058	0.600009	-4.124884	-0.700714	-2.317181	-3.140960
-1.832533	0.260916	-1.042039	3.969794	2.090654	0.134068	1.613636	-1.327301	1.091474
0.322964	-0.305090	2.764243	2.792130	1.194814	2.004129	0.829085	2.545865	3.369788
0.643927	0.693709	0.958053	2.429965	1.260588	0.554999	1.488435	0.164215	4.125884
0.122457	0.938612	1.364288	1.923400	3.604773	3.892977	1.569886	1.259952	4.088260
1.704355	-0.670183	3.248248	-0.410065	0.647868	-0.081836	1.315937	-1.313226	2.387718
1.290419	-1.889275	-0.783467	-1.714531	-0.834729	-0.087842	2.592589	-0.507617	0.098557
0.253752	0.193234	0.575641	-0.810697	-2.551420	0.525160	1.606442	0.115378	-2.096424
-0.916448	-0.351257	0.698171	1.356737	-0.857707	1.349670	3.397397	-0.171440	-2.051922
1.263320	1.257051	0.843923	2.719370	-2.105291	0.979186	0.810754	1.655229	-0.342240
-1.560642	3.686158	3.367495	3.189504	-0.887374	1.945908	2.029614	-0.052814	0.522424
-1.360436	4.508661	0.473986	-0.907763	0.507142	4.056237	-0.958524	1.882331	1.261670
-1.365162	1.490360	-0.610203	-1.893430	0.560055	0.971472	-0.639859	-0.600236	0.201897
0.255983	3.170454	0.820225	-0.184297	-0.603337	-0.363287	-1.932391	-2.100314	0.874407
-1.423804	1.510742	0.168669	1.731936	0.172365	0.058159	-1.059118	-0.779303	-1.340102
-2.086021	2.471223	-2.277770	2.132669	0.894558	-1.120490	-1.311942	1.153398	-0.579929
-1.300067	-0.575405	-1.801895	0.096102	0.512241	1.308965	-0.052361	2.339388	-1.672374
-2.282344	-0.128941	-2.882206	0.242835	-0.152689	2.071125	-0.284675	1.369769	-2.180336
-1.170551	-3.534788	-3.564904	-4.325432	-1.824132	-0.629210	-0.478884	0.509240	-0.272916
-0.930087	-1.673447	-3.289490	-1.279999	-0.742691	-2.355242	-0.303187	-0.319497	-2.066214
-1.466053	-1.329618	0.242435	2.567934	-0.457967	-1.988170	0.505616	2.098757	0.428572
-0.297748	-1.828803	1.036269	1.510568	-1.125663	-1.524794	0.300525	4.495104	-2.577861
-0.889472	-1.082802	-0.125488	-1.210699	-2.471080	-1.043516	-2.298058	3.402842	-0.915310
0.513775	0.666882	-0.135237	-3.790166	-2.210120	-1.753335	-0.425735	0.425474	0.552424
-2.839207	0.087150	-0.144379	-4.015432	-2.196385	-0.831451	-2.453403	-2.303302	-0.515259
0.237982	-0.540201	-1.545215	-6.123698	-1.641977	-3.365364	-4.685663	-4.130483	-0.002459
0.041842	-1.770870	-2.763646	-5.604164	-1.987897	-3.000076	-2.606614	-5.451471	-2.243475
-0.840026	-4.308560	-1.858374	-5.529230	-2.522447	-4.112885	-2.335556	-4.791863	-2.869807
-1.123922	-4.299471	-3.699499	-4.068295	-2.850229	-3.723893	-5.164989	-4.067861	-2.097256
-0.082748	-3.134105	-6.305122	-3.815661	-3.535245	-3.600499	-3.272211	-2.169163	-0.801621
-1.095101	-3.719263	-3.361244	-2.407426	-4.467797	-0.734904	-0.784423	-1.201369	-1.279602
-0.230783	-0.479945	-1.036466	0.365810	-3.491485	0.811292	-0.686524	-1.245079	-0.597198
-2.243893	-0.488253	-0.906590	0.757445	-1.715313	1.620490	1.573687	-1.242492	2.148490
-2.394532	-0.785888	0.203584	1.187581	-0.740581	0.293687	1.211410	0.290493	1.254762
0.862602	-0.884951	1.589555	-0.501883	-1.200891	2.664486	-0.051255	0.222775	2.456020
-1.428493	-2.367044	-2.807879	-2.268446	-1.297445	1.610585	0.276593	-1.242044	-0.128038
0.561584	-1.731366	-2.702718	-5.131409	-2.235946	1.127784	-2.792546	-0.843364	-1.204710
-0.180968	-2.018620	-3.902163	-4.998172	-1.724793	-2.492116	-2.476070	-2.553286	-1.644797
1.514053	-2.769007	-5.396115	-1.950334	-2.774389	-4.832917	-3.507380	-3.101207	-1.932999
-2.239355	-0.077727	-3.151875	0.668104	-3.270936	-3.374018	-2.402975	-2.968428	-3.750315
-0.183391	-0.081482	-1.283345	2.122042	-1.866235	-3.890319	1.579745	-1.784248	-1.382245
0.307545	-0.186773	-0.203025	0.685781	-0.633988	-0.832020	2.101381	1.392732	-3.238688
-1.833548	3.160399	1.165684	2.265920	-3.033496	-1.332221	2.637034	0.595215	-1.410046
-0.031969	1.556334	4.191381	2.502060	0.480139	0.755476	1.735704	3.783699	0.219084
1.911481	2.073029	3.639664	0.977600	1.656316	0.307874	2.437191	2.037587	-0.502100
1.715103	5.462284	2.937834	0.647140	4.535233	-0.781830	1.524696	0.124477	-2.364397
3.103996	3.517999	3.822688	-2.878619	2.243688	-0.801434	1.164619	-1.086829	-0.001007
3.732161	0.199071	-0.375973	-0.721078	3.834481	-3.085439	-1.197438	0.453769	-2.058229
-1.057903	0.370300	-0.087951	0.549864	1.554310	-0.270544	2.620624	1.710771	-1.197963
1.328604	-1.008716	-2.086648	1.928406	1.833973	2.537949	2.553406	4.063579	-1.788709
-1.690419	-2.276476	-1.807862	0.739049	2.171069	0.318642	3.599808	4.881292	1.036933
-3.465870	-3.113983	-3.164297	1.884392	-0.781704	1.270834	1.791332	4.490011	1.439563
-1.483050	-1.119037	-1.498652	3.406035	-1.819345	0.855426	4.268477	3.316736	2.334082
-0.646260	-1.122340	-2.158329	1.215879	0.598442	2.110416	3.227644	3.894968	3.907891
0.320101	-1.140191	-2.567527	0.554523	-1.028844	3.126406	2.762534	5.107408	4.398389
1.337632	-1.086293	-0.310549	3.472868	0.615098	1.787795	2.783046	4.927555	3.934476
0.861534	1.402954	1.489705	2.791313	0.468264	-0.045817	3.997483	5.051310	0.698753
1.348905	1.423349	-2.645466	0.528559	0.463255	-0.848529	3.122943	3.650274	0.365720
1.407647	-1.435809	0.027337	1.220904	0.467668	-0.685342	2.914328	4.420748	-3.017722
0.357658	-1.599020	-3.080687	-1.135550	0.659704	-0.171455	1.832438	0.740730	-4.157973
1.045239	-0.327887	-3.435037	-3.600403	-3.021941	-3.117869	1.608973	-1.882377	-4.306933
-1.895411	-2.283909	-1.765016	-3.458656	-1.132665	-2.121883	-2.274865	-1.295174	-2.739902
-0.883491	-2.804688	-2.074124	-3.574509	-0.809472	-2.147397	-1.682977	-3.947560	-4.357679
-1.545902	-2.952225	-2.030762	-4.576062	-3.853360	-2.278011	-5.118262	-3.746135	-2.608164
0.898056	-4.081719	-1.755930	-3.264315	-2.470033	-1.769425	-5.937720	-2.744598	0.018343
-1.955818	-2.080473	-3.435830	-2.058467	-3.988790	-2.305938	-4.544849	-2.230849	1.449643
-1.042923	-0.813286	-0.103062	1.953481	-3.491832	-1.970851	-2.320650	0.410613	0.653836
-2.060260	-0.075861	0.508774	2.914429	-2.981361	-1.223763	-1.016222	-0.466713	-0.155877
0.540572	-2.676096	1.323576	1.791777	-0.124878	-0.091775	3.551135	-0.876626	0.497603
-0.316929	-0.203994	-1.127557	-2.121675	-1.158982	0.453114	1.224322	0.087275	-2.074722
1.435938	-1.435855	-1.435424	-3.346627	-1.867576	-0.872995	-0.370560	-0.491810	-2.858253
3.577473	-0.326080	0.266273	-1.769279	-1.891559	-0.024503	-2.003312	-2.956681	-1.848790
4.192975	-0.039969	1.883034	-1.471731	-1.741633	-1.262809	-1.257533	-3.078437	-1.098531
2.724544	-1.256023	1.544657	1.004017	-3.227699	-1.703214	-2.296122	-2.759178	0.718924
2.618580	-0.136643	0.472243	-1.544235	-3.872156	-1.476216	-2.562179	-4.268103	2.044475
1.543583	-2.117529	-0.296709	-0.640488	-3.476606	-1.026916	-2.612904	-2.531113	-1.169278
-0.670748	-2.272983	-1.728700	-3.026241	-3.698149	-3.000013	-3.044196	-1.415207	-2.594234
-1.010813	-1.405504	-1.486130	3.296305	-3.711887	-4.353307	-3.431954	-0.255985	-2.742993
0.545489	1.221006	-0.619701	6.227351	-1.053319	0.655102	-0.885779	1.729654	-1.709255
0.107456	0.846548	3.174788	4.439197	0.673454	1.707714	0.395630	2.526210	1.885082
-0.581712	1.687420	3.933235	5.104341	5.189732	1.739030	1.481974	2.759983	3.001017
-0.999514	3.949722	2.991141	6.199885	3.244213	2.858950	1.401653	2.437273	3.580152
-2.757951	4.138653	4.930705	3.756128	4.602298	2.252075	1.955166	0.183381	5.485385
-0.630023	3.468514	5.490025	4.063670	4.992586	3.150104	1.206816	1.940607	1.835018
-0.469730	1.155903	5.158402	1.747711	3.761276	1.503139	1.820501	2.511451	2.982152
-1.992773	0.553120	3.496736	-0.478049	0.422369	0.984879	0.988023	1.688913	-2.290214
-0.809652	-0.934636	3.557125	-1.853811	-0.281336	-0.516175	-1.930919	-2.699206	-1.642979
0.375032	-1.953865	0.799369	-2.108074	2.086160	-0.623423	-1.677224	-1.653006	-2.790442
-0.212219	-1.975366	-1.320432	-3.994339	1.446858	-0.108765	-1.298692	-1.511988	-5.135403
0.558793	-1.517442	-3.551279	-3.973305	0.879357	-1.362499	-0.097822	0.575550	-3.498561
-1.955532	-1.739991	-0.440071	3.512626	-1.353543	-0.241026	3.283885	1.081607	-3.409717
-2.056993	-1.691315	-0.245611	3.613056	0.374557	-0.439546	3.175531	0.437083	-0.433669
0.020708	-0.963514	0.379203	6.209583	-1.109941	2.522542	3.197415	1.893179	-0.604517
-0.736429	2.349712	2.963369	4.266708	0.501660	3.767739	3.230137	0.438195	1.992340
-2.221403	2.388763	3.344788	2.933530	2.498763	2.274545	3.090099	-1.531770	2.688101
-1.046415	3.538339	-0.215542	2.485550	1.793665	3.135461	1.158699	-3.057415	2.781568
-1.948065	-0.669262	-0.540120	0.671666	2.948668	-0.056314	-1.020961	-0.182440	2.954641
-0.785854	0.224662	-1.696547	-0.022920	0.852672	1.010721	1.386019	-2.279744	2.318321
1.435819	-0.690391	-1.067522	-1.256210	1.958776	-0.304733	-0.172062	1.194371	3.284808
-0.232747	-1.883021	-1.199748	-2.930704	-1.410820	1.450624	2.059297	1.874406	0.585602
0.660948	-3.747327	-2.667623	-2.700901	-0.671515	3.032392	1.130996	3.764961	-0.304396
-1.651797	-1.979910	-0.797648	-1.489603	-0.681009	1.574073	2.823835	2.311236	-0.745685
-0.434481	-1.232769	-3.478523	-0.580509	-2.161403	0.852865	4.156815	-0.002469	0.279635
0.941796	-1.001806	-1.775250	0.608081	-1.453795	1.229671	1.638935	1.361647	-0.055035
-0.101668	-1.429420	-0.676427	0.230066	-1.398286	-0.315510	1.615096	-1.722618	0.660805
0.264428	0.189389	-2.019255	-3.711055	-0.990376	-2.181777	-0.684902	-2.257263	3.380856
-0.535916	-2.741079	-4.558134	-4.888680	-4.093164	-1.929530	-4.249459	-4.422788	4.098318
-0.446200	-4.741925	-3.233465	-5.391512	-4.721549	-2.902368	-4.185476	-3.238593	2.429692
-0.647426	-2.367148	-3.921748	-3.591849	-3.618032	-3.683991	-5.216352	-3.444279	4.515379
0.258508	-3.768248	-3.531783	0.349507	-3.839413	-2.692998	-4.760486	-0.445446	1.957779
-1.614900	-2.061625	-3.534770	1.115356	-2.742390	-1.917989	-1.656180	2.776908	0.971692
-0.677348	0.301720	-1.098309	2.983298	-0.690264	0.987037	-2.025933	2.659180	3.696920
-1.845139	0.065788	-1.070301	4.751533	-0.701134	2.344279	1.380056	5.266671	2.945162
0.523029	0.786680	-3.336846	2.062260	-1.416099	2.419040	1.551485	5.669881	5.441220
-0.462745	-0.109906	-0.367644	-0.299821	-0.179360	3.727818	0.709156	1.546309	4.585393
1.017139	-1.030269	-1.912594	-3.301710	-0.589315	2.745515	1.390167	0.502656	2.686083
2.668081	0.973092	-0.499299	-2.920709	-3.508064	2.063831	1.360920	-1.216479	-0.238810
4.291580	0.517476	0.103744	-0.630317	-0.661707	0.292967	0.213813	-2.301997	-1.700285
1.750136	3.249384	1.672133	1.284266	-1.161842	-1.075478	1.878647	1.365004	-4.299642
3.122050	3.118416	2.427768	3.266338	-0.208170	1.044098	3.303621	1.868821	-2.111080
-0.538279	3.255371	3.711550	3.202699	0.331311	0.961995	3.150636	0.718655	-0.955898
-0.800252	2.921751	4.924978	5.160749	2.605200	1.974413	4.643391	4.464706	0.892903
-2.041367	3.194755	6.360752	1.075688	2.361099	2.551254	3.675187	2.121473	0.462925
0.033473	-0.820316	4.021371	-0.828286	1.350208	2.311416	0.829522	1.237055	-0.949231
0.015571	-1.332762	2.088537	-1.218272	0.311628	-0.212598	-1.162803	-1.986447	-0.042266
-0.276176	-1.657283	2.453348	-3.604372	0.132160	0.353110	-4.245988	-2.992534	-2.232378
-0.964766	-1.596978	1.439104	0.126114	-1.744795	-2.426757	-2.746935	-1.688006	-1.111768
-1.782800	-2.112747	0.648007	2.107187	0.211263	-1.105701	-1.650642	1.002635	-2.239433
-0.853979	-0.423090	-0.214646	4.027644	0.139134	0.887580	-0.655610	3.777890	0.353425
-0.578702	-0.909607	-0.049653	2.203086	1.433721	0.920886	-1.041640	3.469158	0.345309
-0.668069	-0.161497	-0.113015	0.749611	1.294823	0.604318	-0.966832	3.610939	-0.521082
-1.449581	-2.891959	-1.062731	-3.876380	3.039842	-2.990825	-0.167886	0.789332	-0.581647
-1.223938	-3.120294	-3.856903	-8.456788	1.237078	-3.420241	-2.434102	-4.665364	-2.642885
-1.021339	-4.563701	-3.786429	-8.209914	-0.894968	-3.113631	-4.238982	-3.946549	-2.273696
-0.483986	-3.526479	-3.179310	-3.202560	-4.325295	-2.808493	-0.770025	-6.548924	-3.070479
-0.096877	-0.694629	-2.316447	-0.199024	-2.445901	-1.778028	0.960669	-2.935888	-0.280234
1.486587	-1.227149	-2.410039	2.921791	-1.647187	-0.580435	1.761498	0.921256	-2.249359
3.206905	2.722260	-0.622086	5.261786	-2.122551	1.793686	1.205263	2.389108	-0.135455
2.809878	2.601099	1.179412	6.750559	0.009408	2.651836	1.359563	2.757369	1.820080
2.980105	0.607569	0.723755	1.931809	1.682291	1.605515	0.742697	1.234836	-0.334155
-0.976813	-0.806930	0.740741	-2.174163	1.613099	-0.613477	-0.217735	-0.157490	-1.377458
-3.672777	2.286003	2.941973	-1.884459	-0.253268	-2.570539	1.408866	0.409689	-0.390028
-3.045386	1.515168	1.594148	2.073320	-0.191108	-0.172671	2.027000	2.377473	-0.330066
-0.580542	4.561065	3.528668	1.901773	-0.872520	2.177727	1.928567	3.796462	-0.408071
-1.626843	3.890895	1.905633	-0.321400	-0.387704	0.407556	0.841565	3.420753	-0.064942
-1.267690	2.649858	1.190841	-0.153400	1.709042	-1.162784	0.037594	0.707748	1.080522
-2.495984	2.768756	0.494893	0.243872	-1.122780	2.320507	-0.862146	-0.171957	0.814521
0.599577	1.716788	1.036990	-3.712685	1.644429	2.684429	0.272043	-0.844260	2.135356
-1.444609	-0.431145	-2.204570	-1.393972	-0.096630	2.444883	1.464062	1.543537	-0.693974
1.096759	-2.092942	-2.019386	-3.002790	0.030546	3.034170	2.394409	0.641332	0.894634
0.470381	-3.551803	-3.003858	-0.751740	-1.254443	2.666688	2.178783	-0.268974	1.777580
2.208657	-1.641127	-3.563487	0.164978	-1.375996	4.117139	4.148685	0.829817	-0.403137
2.566986	0.362885	-2.951072	-1.152038	-2.786111	-1.679777	1.986113	-0.056995	-1.549015
3.028568	-0.536864	-2.101714	-3.381889	-0.678289	-0.621861	1.995866	-0.119712	-2.584154
1.671504	-0.009075	-2.593013	-0.965476	-2.286526	-3.818411	-0.053756	-1.837235	-4.723553
-0.126007	-1.213448	2.484231	2.134900	0.905376	-0.463028	-0.605055	-2.633464	-2.783011
-2.493964	1.274019	3.421818	3.169739	0.404120	0.914288	-0.922930	0.134499	0.385771
0.221832	3.035026	3.019748	5.026838	3.601107	2.099837	0.027616	-0.769547	-0.386705
0.151181	3.601874	4.070920	3.605898	4.012738	1.825620	-0.107516	0.448498	0.118261
3.087983	3.144462	1.147335	4.014516	1.815414	2.302237	2.003372	-1.010668	0.278970
2.101039	4.309792	2.010592	1.865092	3.837436	1.271088	3.146279	0.958654	2.149521
4.017947	2.032165	2.728591	0.537925	3.111205	2.484872	0.461805	-0.092237	0.018317
4.007809	3.206980	5.227632	2.048713	2.391922	0.986290	-0.005552	-1.115643	1.317857
1.667324	1.777538	2.495214	2.254255	2.339789	-0.096757	1.683508	-4.679863	0.878442
-0.309308	2.217141	5.313138	2.150049	2.788707	0.909129	-1.111717	-1.241700	-1.330528
-0.039287	0.548387	2.661703	1.762696	3.199976	0.573749	0.992672	-1.011854	0.519048
-0.412413	-0.181021	0.909210	-2.777007	1.221298	0.008603	-0.502525	-2.576327	-0.593230
0.421214	-1.187384	-1.181644	-6.962561	-0.517727	-2.851109	-3.265010	-3.830920	-4.391661
-1.665407	-1.139901	-3.045656	-5.957067	-0.955196	-2.909287	-3.700884	-2.302234	-2.997044
-0.948374	-1.946771	-2.328929	-0.561326	-1.437509	-2.930232	-2.738848	-1.967571	-3.282279
-1.148788	0.524206	-2.591861	1.061660	0.940236	-1.738642	-3.928903	-3.351431	-1.275265
-2.569050	0.975830	-0.667754	3.620889	2.844738	-0.033120	-0.283950	-0.935617	1.526098
-1.086359	1.554103	0.891093	3.091861	3.473600	1.411837	-0.357891	-0.568328	3.241610
-0.042115	2.613024	-1.267122	2.862775	5.422623	2.270726	0.985274	-0.344268	4.135672
-1.015918	0.973095	-0.051498	0.957328	4.369707	0.998949	0.894542	2.232764	4.117085
-1.151668	-0.748485	-1.553735	-5.370681	3.652454	0.366604	-0.174586	-1.782734	1.567349
-1.664665	-3.011414	-3.258035	-11.443253	0.766965	-3.175007	-0.139013	-1.169365	-1.357436
-1.753910	-4.032793	-3.473697	-6.011089	-2.600459	-2.938687	-2.571340	-0.840928	-2.796968
-2.503302	-2.554721	-3.814121	-0.653992	-4.484918	-2.103934	-2.033568	2.637775	-3.065648
0.896758	-1.961197	-3.101009	3.766738	-2.169609	-2.262449	-2.088698	4.510441	-0.050575
0.754472	-0.509121	-1.318761	1.501099	-0.588832	3.547368	-0.162032	2.494071	4.497852
0.551338	0.409507	-2.628776	1.047589	-3.273686	1.810816	0.322229	4.627262	5.144933
-0.642544	-0.796211	-0.702556	2.045007	1.399830	4.448295	2.300584	1.549612	6.165668
-1.657672	0.204424	-0.972201	-3.998749	-1.162283	2.307205	-1.468170	-1.500378	5.378657
3.362152	-1.038287	-0.508111	-5.612580	-2.524323	-1.673155	-2.155133	-3.716312	3.738503
3.840228	-0.435944	-0.480487	-3.051288	-1.408691	-3.368084	-4.793406	-6.511391	1.570004
3.012058	1.546254	1.097571	1.823125	-2.691584	-2.878385	-2.208692	-5.065415	2.760761
3.352439	2.347707	3.268561	0.528658	-2.511802	-3.021056	-2.104692	-1.501687	5.284875
-0.902226	1.184215	2.529385	0.510109	-0.901144	0.141201	1.057493	-0.729808	3.792546
-0.597239	0.872579	1.973940	1.761677	1.399592	1.854287	0.128462	1.760621	4.400474
-3.569100	0.483799	0.615227	-2.090140	0.970405	-0.176600	-2.024388	-0.814403	0.124761
-3.047708	0.903276	0.954845	-6.034045	1.832298	-0.749959	-1.650558	-2.339781	-1.940094
-2.921464	0.124209	-1.242007	-4.754738	1.274570	-1.155892	-3.044050	-3.689613	-2.365091
-0.800467	1.699300	-1.844430	-2.706622	1.534724	-5.467099	-2.542865	-2.893503	-4.973328
-1.852518	-2.818252	-2.096023	-1.533697	1.091859	-1.759780	-0.716605	-0.860851	-2.753605
0.105384	-2.810847	-2.356888	-0.531067	-0.744824	-3.483737	1.567829	-1.351859	-3.973523
-0.777962	-2.842983	-3.377325	0.429867	0.867578	-0.790969	2.071135	3.531371	-2.367880
-0.077856	-1.199862	-3.686435	-0.403296	-1.448537	-0.644478	-0.214989	0.203038	-2.761276
-1.757098	-3.029682	-1.092919	-3.437058	-2.475866	-3.005563	-1.579444	-1.225861	-2.646112
-0.865987	-3.838243	-3.445377	-1.625321	-2.618009	-2.306226	-5.852133	-1.778925	-1.673685
-0.628824	-4.897545	-3.422710	-5.204188	-2.675465	-2.890268	-4.192157	-3.971258	-0.996997
-2.638209	-4.456089	-2.218019	-1.625459	-3.803133	-0.617189	-1.614517	-0.706762	-0.665347
-0.137541	-3.490373	-1.745205	0.083262	-5.783014	-0.695190	-3.538916	2.578164	-0.162033
-0.261722	-1.621198	-2.188468	0.978975	-1.985704	0.598728	-1.411256	3.969816	-0.830957
-0.147550	0.967236	-1.548609	1.892078	0.009695	-0.289834	0.871763	4.194792	-0.006717
2.866473	2.861830	1.762571	0.870268	2.505684	-0.873380	-2.840563	1.386493	-2.120314
3.896449	3.517283	1.361071	2.410943	0.692066	-0.258308	-0.080034	1.077114	-2.259347
2.504276	3.356197	2.664890	2.979002	1.528239	-1.082420	3.246047	2.422856	0.252185
4.879255	1.392570	0.227128	1.671943	2.708505	1.674782	1.708278	1.168415	-0.251718
3.502186	1.980502	0.598983	-1.240637	-0.142236	0.804199	2.795658	0.415291	0.194044
4.611969	-1.151305	0.127755	-2.762739	-1.485582	-0.846870	1.665285	1.090982	-1.747529
1.073503	-1.256353	-1.310758	-5.849665	-2.122934	-2.979527	-0.237044	-1.094915	-3.607936
-0.045911	-2.566941	-1.785855	-1.993618	-3.545790	0.357727	-1.858730	-3.468900	-0.253877
-2.611374	-1.338169	-0.531139	4.472001	-2.967151	-0.235208	-0.581175	-1.785476	0.761648
-3.359785	-2.655438	3.271790	6.315790	0.492585	0.929166	2.570118	-0.950045	2.652240
-2.279445	-0.471247	4.224931	4.654246	0.646718	4.497049	3.187749	0.023592	2.514699
-1.056153	1.741403	6.122383	5.394067	2.252548	3.104439	3.901814	3.797834	4.241525
-1.700810	1.232612	2.994245	5.493552	2.233577	4.959636	1.566212	3.073977	1.546819
-3.124417	0.694981	3.221615	4.045599	1.557403	2.587838	2.681041	3.367021	1.611081
-2.784072	1.045608	0.941693	2.955804	1.506029	2.003444	1.871998	0.483864	-1.241089
1.588224	0.213595	-0.555522	-2.943333	0.919854	0.672553	-0.941218	-0.695596	-2.036190
2.154771	0.603840	-0.419631	-5.396416	0.192780	-1.446535	-0.626009	-3.927562	-1.902223
3.452968	1.861543	0.371964	-0.243545	-1.199695	-1.481723	-1.120078	-3.710334	-2.934987
1.802916	1.303404	0.641762	3.363776	1.365631	-0.405711	1.360673	2.413685	-2.410181
2.447514	4.898023	3.001862	3.319146	0.464158	-0.492301	2.942643	3.604095	0.715994
0.211963	2.975499	1.188664	3.657763	3.346786	0.950007	3.521429	6.830991	0.179539
