X1	X2	X3	X4	X5	X6	X7	X8	X9
-1.353815	-3.768905	-2.241707	-0.320330	-2.925465	-2.071994	-1.671129	-2.657991	-1.602586
-0.631116	-1.193049	-2.572429	-2.470002	-3.612984	-1.862352	-1.553874	-0.736742	-1.531936
-0.051397	-1.742046	2.646794	0.595581	-1.394003	-0.318244	-2.032902	-1.704281	-1.840637
1.084741	1.274702	2.476763	0.863918	-2.855724	0.665029	-1.107713	-1.281109	-1.992390
-1.680604	-1.453504	3.962379	3.814010	-0.172047	1.044767	-1.948806	-1.766326	-1.057696
-0.509032	-0.364663	5.003042	2.153559	-0.300473	2.717170	2.137721	-1.968833	-0.102953
1.382955	2.644423	3.990555	2.165866	0.396097	4.493937	1.766367	-1.494330	0.642636
-0.323742	4.301055	1.714017	4.431432	2.443561	5.834869	2.893233	-0.803418	2.295272
0.050575	5.465232	2.184429	5.060657	1.967719	5.899364	3.245221	0.731703	3.215454
1.184204	4.093355	0.016092	3.440143	3.881569	3.890423	4.001030	0.502432	3.288482
-0.784953	3.821322	2.143807	3.310090	3.617711	3.427845	3.485762	2.006468	2.501456
-0.950200	1.289735	0.406675	-0.316200	1.542343	2.384330	2.856018	2.283711	3.490875
-1.111535	-2.462808	-0.135405	-3.436827	-0.411735	-1.872323	1.893997	1.196361	2.128939
-0.817561	-6.402206	-3.015730	-4.800990	-1.825526	-6.448614	-0.420600	-0.440584	-0.197854
-1.396277	-5.058860	-3.073901	-4.946788	-2.745729	-6.687942	-1.262171	-0.455625	-2.007502
-0.578386	-7.146170	-3.817316	-4.351019	-3.882546	-5.002310	-0.917017	-0.672161	-1.666706
-0.943286	-3.657037	-6.466576	-1.028385	-3.246279	-2.467016	-3.444036	-0.831694	-1.313568
-0.200980	-1.783361	-1.980480	-3.715683	-2.718928	-1.546061	-1.193628	-3.888124	-1.292787
1.656732	1.661457	-2.298627	-0.398412	-3.563095	-2.524845	-1.488092	-2.556653	-1.489063
-0.110951	2.582618	-1.030716	0.402927	-1.550081	-0.286270	-2.979428	-2.660981	-2.418098
0.653371	0.931821	1.495852	-1.121965	-1.103386	-1.378934	-1.838235	0.013491	-2.007391
-0.501903	-0.520835	-1.679921	-1.540686	-3.409114	-0.940039	-0.217113	-2.995237	-0.708043
-0.539475	-3.717750	-2.643136	-3.379236	-2.771263	1.350515	0.229740	-1.704067	-0.317154
-1.566943	-4.275025	-2.679891	-3.112215	-1.410237	2.638728	-1.722277	-1.259700	-0.300124
-0.947510	-3.971361	-4.450787	-0.373622	-0.890336	2.784700	1.296238	-2.932936	-1.125155
-1.336876	-3.014057	0.207977	2.154943	-2.114862	1.910230	2.748785	-0.462777	0.367053
-2.019142	-1.299515	2.062601	1.407582	-1.194215	-0.040882	0.332664	-0.531323	1.532101
0.518992	-1.196134	4.898286	0.270695	-0.028398	-1.823537	-0.178324	0.614625	-0.420012
-0.716575	-0.113217	1.739232	-1.397719	-0.926511	-3.387834	-0.388779	-2.094735	-1.383887
-0.353643	-0.415963	-1.629861	-2.217158	-0.790056	-3.036275	-1.812399	0.457897	-0.879925
4.913887	0.199627	-0.136793	-2.761222	-0.548434	-1.760158	-3.255785	0.697320	-1.385424
2.967913	3.452053	-3.369664	-2.057710	-0.968646	-2.874586	-2.377436	-0.247368	-1.226886
3.783137	1.066412	-1.868072	-2.321123	2.834905	-1.391558	-2.390251	1.681932	-2.747612
1.780057	-1.009495	-2.852519	-1.099959	2.364719	-1.017773	-1.265930	0.934720	-2.525001
-0.467328	-1.381468	-1.730104	-0.756319	-0.819106	0.075266	-1.367773	1.640294	-3.034154
-2.406017	-3.199810	-1.208527	-1.092502	-0.673271	-1.569340	-1.497478	1.096852	-0.958372
-3.222612	-2.647221	-0.586087	-0.169807	-1.472878	-0.686590	-1.451446	0.058295	-0.774454
-0.687113	-4.546901	-0.437686	-0.514036	-1.569528	-2.964587	-2.324076	-1.032080	-0.233702
-0.816121	-1.485051	-1.765622	-1.148086	-1.168123	-1.730829	-2.284768	-1.342173	-1.203615
1.402665	1.469727	-2.441695	0.278441	1.254537	0.192382	-2.575120	-1.651687	-2.225694
-0.457357	1.677332	-0.540407	-1.556954	0.664248	-1.620053	-1.897734	-1.251121	0.495461
-1.061886	3.542264	-0.644356	-2.382870	2.716811	-1.166635	0.237892	-0.437078	-0.216550
-0.548424	3.436523	-1.246343	-2.200708	1.250623	1.707636	-1.078942	-1.046958	0.931071
0.248529	-2.935395	-3.362068	-2.843567	-0.646516	3.122459	2.231665	-2.853663	0.974725
-1.505626	-4.085388	-2.174132	-0.977348	-1.778610	4.937535	3.004113	0.669305	1.125612
1.354009	-3.167559	0.514867	-0.446450	-1.499758	3.231963	1.211101	0.607346	0.984130
2.623833	2.669592	3.207827	3.016026	-0.829264	3.612642	1.596932	1.075858	2.247280
2.916448	5.315363	5.858049	5.010982	2.975173	4.556473	1.620404	0.028639	2.953361
2.361152	6.329054	6.005132	3.196916	4.940250	1.398355	3.522618	0.039588	2.419073
2.183845	4.918163	2.323076	0.507929	3.294866	1.072588	3.254575	1.582504	3.533316
0.917327	2.449490	0.221081	-0.199680	1.452618	-2.672529	2.869075	-2.460114	-0.767712
-0.131102	-4.642768	-1.360054	-3.039609	0.890407	-3.470795	0.683419	0.251031	-1.234409
-1.955044	-6.365510	-3.188529	-2.637461	-1.361271	1.498988	-0.495495	0.310839	-3.289777
0.423903	-4.976740	-6.609444	2.122666	-3.819416	2.199722	1.256736	3.347508	2.010385
1.943037	4.017844	-2.754399	0.694372	-1.721031	3.607704	1.548510	3.425135	1.468075
5.044858	6.098238	0.204805	0.148955	3.029383	7.570536	-0.323771	1.604921	4.043294
4.276667	5.971643	3.351767	2.076217	2.259125	2.537217	2.411792	4.366363	3.876341
4.545162	4.293956	3.972188	3.223556	4.434693	1.388047	-1.006399	3.124260	2.774717
0.721944	1.703776	1.782066	2.415573	4.308386	-3.861875	-1.142546	4.061509	1.841219
1.130713	1.672203	0.148302	-0.272334	4.705501	-3.402049	-0.599348	4.930311	0.566749
-0.091532	-0.958466	-0.978305	-1.100563	3.559237	-3.565275	-1.482204	3.810062	-0.105293
-3.460090	-5.069632	-0.861256	1.823684	2.136592	-1.646253	-1.203514	2.516561	2.408890
-3.424663	-3.721395	-0.078351	-0.204892	0.771165	-0.246984	-0.727579	2.847207	-0.133399
-1.820250	-0.941058	0.397309	-1.106492	-2.058646	4.633632	-0.035798	3.225498	2.427937
2.486950	-1.313222	0.800824	0.726283	-1.357242	5.011895	1.479830	0.981632	0.836699
0.580934	-0.191788	2.076993	3.445533	-0.482126	5.510005	1.093403	-0.547892	3.188887
0.227205	2.341842	3.722916	2.819659	2.455501	4.306962	0.234023	-0.717577	2.580700
-0.339239	1.786867	3.109392	4.608458	0.506338	1.963064	-0.547710	-1.282323	1.498438
-1.858398	-1.434714	2.538320	0.194732	0.067083	0.718513	-0.547797	-2.607334	0.062701
-1.891071	-0.375603	0.292500	-3.164922	-0.677667	-4.115593	-0.141337	-2.706209	-2.642812
-2.135058	-2.463102	-3.509070	-3.478502	-0.880511	-5.628253	-1.664730	-2.113052	-1.341701
0.480939	-2.343212	-5.070089	-5.348110	-1.495354	-5.136168	-3.290276	-3.427663	-0.984765
2.527823	-0.716435	-3.983259	-2.269546	0.035405	-1.968037	-2.834975	-2.414745	-2.150306
4.252391	2.319629	-2.810580	-1.752610	2.278463	-1.088862	-2.942427	-3.488500	-1.109424
3.756345	3.384177	0.892547	0.200296	1.765019	-0.783742	-0.393232	-2.837629	-2.411818
1.057584	4.237707	2.063721	-2.383828	2.231871	-1.037178	-1.746690	-1.408835	-0.555290
-0.584591	4.985719	1.648942	0.822818	4.497017	2.922431	-0.896301	0.346282	-0.433539
-1.194181	4.137910	2.792208	2.378033	3.681855	0.478383	-0.880364	0.239619	-0.564266
-2.306885	3.516780	2.684320	1.901816	2.698985	2.014080	0.056819	1.065874	0.276130
-3.995403	4.234826	1.267175	5.174366	2.565704	1.772220	-0.871750	3.630245	-1.208853
-3.496936	4.879246	1.157973	4.779783	4.021810	0.203104	-1.237972	2.812431	0.121286
-1.731883	5.152040	1.643613	1.589567	2.675602	1.565731	-0.838647	2.530230	-0.583353
-1.075844	3.116106	2.476895	0.323116	3.373978	0.282801	-2.143275	1.088939	0.062429
-1.346119	2.282841	0.711217	-2.347371	0.605036	-2.338387	1.041044	-0.311843	-3.647168
-2.093308	-0.347255	3.185878	-0.818893	1.251475	0.820569	-0.837090	-1.349718	-2.575245
-0.540410	-1.355985	3.495178	-0.869453	-0.043007	0.132667	-1.462577	-3.434289	-1.360401
-1.189626	-3.805749	3.426816	3.025950	-0.897411	-0.355993	-0.006817	0.754844	-2.121536
-1.933655	-4.567351	-0.277110	1.802115	-0.022340	-0.635511	3.439189	3.232478	-0.381852
-1.977797	-2.522991	-0.740400	1.016740	-0.722095	-1.498386	1.667642	4.555511	-0.919347
0.235348	-0.411970	-1.660555	0.866125	-0.076478	-0.687520	0.700841	3.734840	-0.691023
2.772880	0.634808	-1.997577	2.655769	-1.173690	-2.120313	-0.614013	3.211065	2.398920
4.683899	6.138343	0.152434	3.727171	0.314367	-1.784064	2.417579	1.591983	-1.873017
3.200506	4.063932	1.952576	3.636130	1.448591	1.232527	1.106617	1.003092	1.866965
0.087701	6.680475	2.251349	2.573645	1.309580	0.869458	1.314501	2.072291	3.881165
-0.075916	4.796569	0.502652	2.302316	2.434333	1.323130	1.820031	3.422876	3.863185
-1.452945	0.000413	1.441383	1.233041	2.153849	0.629343	5.538807	3.063446	2.559122
-2.425285	-1.552895	1.278541	-0.043980	0.602325	-1.079103	3.056828	3.738000	4.525178
-2.550737	-4.369957	0.801226	0.643151	-0.068441	-0.671509	3.842594	3.503735	3.063452
-1.246699	-2.796575	4.538836	0.170334	-0.300249	0.575825	5.488205	0.660848	4.056044
-0.805972	-2.561950	2.716369	1.336967	-1.243001	-1.174001	4.001361	1.038239	1.876054
-0.486955	-1.635383	4.121526	-1.229950	0.495900	0.304513	4.351661	1.656205	0.816180
-0.782449	-2.333778	0.401005	-0.650118	-1.447347	-2.435533	0.803006	0.340244	-0.911776
0.079348	-3.769535	-3.895396	-2.471640	-3.645242	-2.232439	1.164295	-2.000847	-0.321514
-0.539165	-1.449955	-4.971477	-4.335914	-4.272489	-3.056906	-1.681472	-0.544668	-1.507336
-2.617687	-3.574142	-4.778240	-2.430344	-3.258289	-2.146134	-3.380495	-1.870822	-1.849242
-0.357618	-4.861496	-1.665585	0.768971	-3.556043	-2.892423	-4.931975	-1.682112	-1.508831
-0.343358	-2.376020	2.355285	-1.869870	-3.750453	-1.866473	-1.924511	-1.914339	-0.022103
0.133994	-1.905615	2.742871	-3.391170	0.024480	-3.094183	-4.980505	-1.201905	-2.534060
-2.676362	-2.071782	0.399270	-2.430329	-1.822847	-0.248856	-2.081656	-2.607913	-1.715601
-0.771526	-2.757424	-2.480518	-0.969247	-3.006534	-1.727489	-3.069665	-2.632564	0.492174
-1.115397	-2.354142	-3.051695	-3.970427	-4.642883	-1.284884	-3.821732	-1.061860	-1.098035
-0.689376	-2.065038	-4.359962	-3.043869	-2.754596	-1.576841	-2.393957	-0.380903	-0.149330
-1.317761	-1.066713	-2.216720	-0.999174	-0.614875	-0.657860	-0.499741	-1.005497	-1.856509
-0.255852	1.796131	0.313630	1.204356	-0.124221	-0.977541	3.895216	-1.663941	-2.484273
-3.043450	3.560691	3.041787	4.365520	0.550565	1.099616	1.369415	1.683960	-1.686522
-0.216753	6.619367	5.004749	5.627018	2.043180	2.460211	4.936253	2.157707	-0.321757
-0.744062	4.794057	4.672715	2.471148	2.656524	1.586343	3.895132	1.105395	-0.370178
0.611625	1.700358	3.240284	2.935108	3.221495	1.925213	0.065351	3.548824	0.676615
-1.545194	-1.907830	0.426654	1.571498	2.073491	-1.319780	0.173609	2.706491	0.719423
-2.129517	-4.373909	-1.614574	-1.726983	-0.168989	-2.844236	-0.058694	3.923094	0.905544
0.205556	-1.525881	-3.492704	-0.510037	-2.602346	-0.784055	-1.676458	1.596132	-0.279522
2.715425	3.173853	-1.678636	1.494235	0.210117	-2.040237	-2.758583	-0.009098	-0.015974
1.964491	4.946290	0.852229	1.916032	2.057200	0.273619	-1.504771	-0.896598	0.012588
0.552854	3.855930	1.099390	3.278753	2.177600	1.829210	-1.734620	-0.737069	1.207162
-1.189086	4.022970	0.298645	3.910396	2.709118	3.467039	-0.465333	-3.581815	-0.326052
1.020372	2.569409	-1.018907	1.227161	0.937150	2.081903	-0.623008	-1.719636	1.827948
1.730828	-0.286054	-0.164267	0.822345	0.958696	0.740904	1.322153	-2.703535	-0.316141
5.920881	-1.324221	-0.153236	-0.372951	-2.189046	-1.971458	1.996650	-0.402713	-1.139817
3.707534	0.071206	-2.103716	0.672570	-1.951877	-1.788685	6.192383	4.631926	-1.025481
2.686286	1.568526	0.042993	0.641408	-1.324398	-0.884375	2.094051	2.942683	-2.427734
1.129536	0.927138	0.339288	1.650461	-0.318712	1.664970	3.191055	2.981153	-2.472075
-2.014813	1.253039	-2.144430	1.771329	-0.648418	-0.045048	2.844993	4.862936	-1.983905
-3.214463	-0.588371	-2.337964	-0.466191	0.718481	-0.242431	3.169065	5.055930	-1.853824
-2.389413	-1.343194	-1.925615	-2.528599	-2.554616	-2.031579	2.565271	2.495532	-1.974832
-2.533062	-0.677632	-2.126683	-3.042797	-1.695510	-0.384390	1.704111	3.391141	-0.768130
-0.061710	-0.939886	1.110529	-1.212186	-0.909303	-1.639067	-0.106116	0.810454	0.081383
-0.975857	-1.684357	1.028222	-0.638366	-2.571495	-0.746408	-2.976811	-3.098829	-1.037194
-1.226502	-0.680647	2.687092	-1.383240	-0.121688	-1.856113	-1.268373	-3.146512	1.154139
-1.697346	-1.455057	0.769641	-2.918808	-2.407584	-3.167884	-4.361604	0.293005	0.766682
-1.746488	-1.686389	-1.377734	-1.194872	-2.163783	-4.093919	-1.341103	-2.151081	1.643834
-1.980027	-2.940644	-1.850835	-3.525933	-4.514586	-3.179819	-2.754872	-2.234571	-0.162504
-1.836264	-0.933023	-0.809261	-0.653591	-1.572596	-0.744484	-2.534709	-0.704168	0.754966
-1.592799	3.485173	-0.020714	2.885251	3.154188	0.716585	-3.646617	0.344427	-1.870255
-2.801330	4.353742	2.533404	4.668893	4.199863	1.604690	0.392805	1.250412	-0.990567
-1.196757	4.958583	3.036593	3.599233	4.029329	6.467730	0.779357	3.149485	0.103229
3.183419	2.850494	2.647551	4.382571	4.961884	3.956004	0.114338	0.529345	1.798734
2.635599	1.876375	2.050777	0.358504	1.280228	3.121313	2.489947	1.132290	1.287446
0.786382	-0.462975	-1.271129	-1.599667	-0.880040	2.333857	2.736484	0.562617	0.628565
0.218271	-4.646359	-1.877169	-4.436745	-3.359823	-0.660064	3.404149	0.409126	1.039892
-1.634837	-3.921877	-3.167845	-5.618430	-1.338519	-2.804851	1.349141	-2.614986	1.619826
-0.012039	-1.681630	-3.672356	-3.309724	-0.229332	-3.315003	1.819660	-2.923820	-0.479633
-0.430937	0.041581	-2.142605	-2.323528	0.517538	-3.758521	0.526406	-1.074177	-0.562285
1.260071	1.320755	-2.435891	2.024358	0.558491	0.103597	-0.511322	-2.492560	-0.919931
4.474584	2.010190	-0.631118	1.902132	1.384126	1.064548	-1.675025	-0.896270	-2.420771
2.699602	2.447185	2.807916	2.461092	1.819240	-0.396565	-0.948402	-1.229409	-2.140506
6.364526	3.464441	1.591509	-0.848061	2.800534	0.641056	-2.563655	-1.520678	-2.484034
4.554056	5.071954	1.485959	-1.558730	3.137107	-0.475388	-0.776082	-3.653679	-1.919557
2.432292	2.099426	2.057065	1.924685	3.149657	-1.792897	-0.212386	-2.854913	-2.430875
-0.637666	1.754054	-0.932372	4.537783	2.767285	-0.129772	-0.598666	-2.064883	-2.369289
-2.311018	-1.056062	0.793845	1.943062	1.373588	0.233288	0.182177	-1.388188	-1.761797
-4.112963	-2.205124	-0.353184	-1.360079	0.523367	-0.910917	0.353043	-0.807332	-3.476602
-2.379002	-3.428831	0.236240	-2.561140	0.142220	-1.142187	-1.303568	-0.540215	-0.859402
-3.155735	-0.849285	0.734916	-4.620222	1.516947	-1.634222	-1.983057	-2.728739	-2.790998
-0.727761	0.062114	-1.267057	-2.422828	3.049046	-1.013121	-2.608424	-2.839305	-1.192491
1.420721	0.560064	0.157020	-0.130457	0.997018	-2.210886	-2.784470	-0.880715	-2.784281
4.955408	1.894465	3.293547	1.016490	1.955862	-1.263616	1.644205	0.430030	-1.239668
5.342503	0.989917	4.532322	1.586611	1.508276	1.002190	1.746101	0.938729	-1.309351
3.266805	0.548618	3.472145	2.285606	0.886161	-0.626969	2.246318	0.198980	-2.043133
0.912613	-0.714932	2.659214	-0.724027	-0.703884	0.172408	0.085854	-2.858518	-0.805012
-1.650471	-3.034034	-0.005571	-2.988189	-0.850861	-1.233679	0.684710	-0.454166	4.597911
-3.067849	-4.767788	-5.413610	-3.526179	-2.412569	-2.165631	-0.000914	-0.330766	3.617436
-4.156119	-2.758695	-6.428605	-2.945500	-3.144909	-1.987946	1.334680	-1.004619	2.708762
-0.575883	-3.658055	-6.842356	-0.844052	-3.166282	-2.201625	-1.085507	1.760474	4.161389
-2.906939	-3.321969	-3.893764	0.087464	-1.431987	-0.175768	-1.857275	2.857713	2.657518
0.035111	-2.033037	-4.289529	0.607748	-1.654826	2.789925	0.316174	1.534294	4.710247
1.432269	0.700040	-2.490654	0.870997	0.704601	4.112656	1.657441	0.636819	4.464077
-0.637567	-2.321638	2.203863	0.118013	-2.121407	3.345423	-0.204374	1.505685	4.668306
-0.409496	-2.555471	3.784620	0.878293	-1.262349	6.253728	2.352928	-0.046109	5.001536
-0.337219	-1.912861	1.848717	0.041737	-0.559526	4.917670	0.215946	0.519937	3.753866
0.333766	-3.348307	0.306553	-1.857455	-0.931639	3.334450	1.949282	-1.103779	5.763595
-2.249644	-3.681709	-1.486772	-1.840385	-0.331887	2.895968	0.482933	-0.629257	4.730323
-0.925247	-1.165867	-1.585260	-2.086753	-2.258672	2.800524	-0.552500	-0.154999	2.428750
-1.258843	-1.223683	-4.670410	-2.444560	-1.967892	4.387118	2.020183	-2.002106	3.898477
-1.792334	-1.444756	-4.764423	0.423294	-1.044549	2.440151	2.775782	-1.697577	4.231301
-1.336718	-2.692986	-4.607400	-0.402093	-1.243443	3.844324	1.104996	0.463685	2.332824
-0.342696	-5.079173	-1.782041	-3.591721	-2.813474	2.572936	-0.679975	-0.516920	1.884445
-0.993469	-2.944117	-2.203946	-0.386790	-1.880042	-2.874713	-0.748632	-1.052793	0.804564
0.842563	-2.187320	1.488083	2.503400	-0.344146	-2.558821	-3.641274	-1.821335	-0.405719
-1.346599	0.017821	1.825648	4.032146	2.512212	-1.907988	-2.225101	-1.441546	-1.192105
3.860044	2.771804	3.086446	3.318649	2.394932	0.598485	-2.324015	-1.776526	-1.858594
1.690492	2.124429	1.640779	1.935309	3.279016	1.359200	-1.744215	-2.092578	-2.896286
4.593745	3.228197	3.375345	3.025425	3.138262	0.217256	-0.701501	-1.565001	-0.423281
2.472002	2.724708	4.661945	0.596396	2.096171	0.136255	-1.766873	-3.292395	-1.450079
0.922364	-0.506139	3.334578	3.155621	1.518242	0.068296	-2.553333	0.292237	-1.088181
0.204929	-1.827742	2.427343	4.298502	0.587876	-0.845920	0.175821	2.103097	-0.389487
0.253398	-0.384302	3.761742	3.393636	2.088574	2.949908	1.225988	2.375683	-1.214696
-1.523629	-0.316519	3.793672	3.275324	1.431234	-0.133520	2.448868	3.456195	-3.754210
0.852147	1.819608	4.353035	2.674866	2.271457	1.062496	4.432460	2.706733	0.443372
3.561625	1.047879	3.527030	0.669760	1.416344	-0.261843	3.298765	1.897396	-0.303750
2.340207	0.900095	1.988957	-1.913992	0.628495	0.212365	2.605883	3.796983	0.997023
4.676490	0.110255	-1.520285	-2.794993	-0.225891	-0.960682	1.010012	1.800495	1.603191
1.569176	1.541161	-0.714994	-1.267641	0.409887	-2.310682	-1.444246	0.696232	3.564754
-0.675737	3.682412	-3.432272	-0.811037	0.672430	-2.591535	3.096608	0.083792	0.903612
-3.193349	-0.853391	-2.985018	-0.027781	-1.955563	-2.000840	1.736374	-0.234825	2.501565
-2.066959	-2.185448	-2.841132	-0.809274	-1.982990	-1.025696	2.379152	1.349382	0.445513
-0.275969	-4.235558	-1.809415	-0.379816	-1.266453	-1.922603	-0.485558	-1.313088	1.079855
1.509521	-2.148120	-1.911466	-2.698806	-2.055649	-2.007060	-0.501057	-0.757734	-0.038308
3.856712	1.095867	-1.442584	0.264255	-3.142480	-0.572967	-0.792443	-0.779758	0.979423
5.028101	-0.903898	-1.485571	-1.428933	-3.189243	-0.836422	-2.261518	-0.547859	-2.119452
1.937390	-0.295814	-1.063825	0.293530	-2.370740	-0.892925	-0.452182	-0.275336	-2.576832
-0.426722	0.980220	1.600052	1.461945	-1.506869	-0.561676	0.567466	-1.907191	-2.141018
-1.228136	2.297405	0.361963	0.667810	1.338070	0.245226	0.970526	0.163077	-2.514911
-3.060352	1.784442	-0.688994	0.037926	1.344678	-0.155717	-0.868802	-1.787231	-1.453909
-2.979270	1.447931	-0.000918	0.207894	0.518955	-0.280805	0.125781	-0.625017	-2.549814
-0.625491	0.019972	-0.516008	-3.352787	-2.743799	-1.889038	-2.656724	-1.244279	-2.068724
-1.737716	-4.149332	-2.598765	-3.212017	-2.937082	-3.022614	-1.707018	-2.493118	0.533459
0.925856	-4.230982	-2.308587	-2.547696	-3.454094	-0.334633	-1.430800	-0.147832	1.057536
-2.010176	-3.486176	-3.856775	-0.471023	-4.693534	2.128507	-1.329570	-0.154923	2.056806
-1.933612	-4.413814	-2.845429	-1.209897	-1.996702	0.229305	-2.105829	1.383210	3.630571
-1.427554	-2.482795	-2.916647	-1.813120	0.241404	-1.613637	-2.425975	1.076968	1.280229
-2.649301	0.196983	-2.221130	-3.024491	-0.570617	-2.813117	-2.593510	-0.377949	0.272981
-0.846453	-0.853880	-1.256477	-2.535109	2.912337	-3.545737	-0.673833	-0.974440	1.422926
-0.558512	-1.247383	-1.818287	-2.276274	0.014666	-2.854193	-2.066443	-3.155706	-1.799234
0.351422	-2.352225	-1.415160	-2.063886	-1.812529	-3.314086	-2.876142	-1.753546	-1.609001
-0.296850	-3.380904	-4.771295	-3.281044	-3.301247	-2.712614	-4.434528	-1.398358	-2.321974
-1.270830	-5.595220	-2.906292	-3.361448	-4.560987	-2.802677	-1.310202	-1.960844	-2.641253
-1.111019	-4.655971	-4.515750	-3.655298	-6.745249	-1.041074	-3.207863	-3.821002	-2.182538
0.588985	-0.763657	-2.525869	-2.513593	-4.049631	-1.002402	-2.629812	-0.998431	-0.887229
0.628579	0.040723	0.593253	-1.416033	-3.089433	1.243537	-2.173048	-0.705431	-2.576126
0.097464	2.409172	0.281715	-1.608316	-2.665753	-0.074854	-1.363071	-1.101802	0.231872
-1.447360	0.412789	-0.823680	-0.605244	-1.462291	1.754626	-0.748581	-1.482242	0.245964
-0.541695	-2.889423	-2.855034	-3.139815	-3.084746	0.720278	-0.916178	-0.508651	-0.633850
-2.583140	-5.985164	-4.153244	-3.914328	-3.216817	-0.042698	-0.566561	1.009172	-0.420070
-0.776497	-5.844732	-3.665811	-1.032583	-1.966203	-1.711900	-0.530131	-1.144072	-2.035594
-0.711365	-4.146126	-3.484433	1.121620	-3.931703	-3.991827	2.071313	-2.003783	-0.026124
0.889855	1.282255	0.070891	1.503283	-0.561816	-1.673978	4.603272	0.824641	-0.474959
2.321162	4.403013	3.585361	1.905705	-3.495640	-2.518552	3.329044	-0.151600	-1.142998
1.305657	5.658948	4.412579	1.909389	-0.005776	0.161353	2.859531	-0.081205	-2.872342
6.020239	4.563463	4.467045	1.103734	1.714079	0.690937	0.726132	-0.019973	-2.491291
3.017806	2.879258	5.277860	2.433940	-0.502475	-0.335698	1.327249	-1.051103	-0.937344
5.112160	6.236535	5.774425	3.516610	1.938263	0.603048	0.317880	-1.855694	-0.820701
5.436399	4.963695	4.068642	1.743444	2.499394	-1.591622	1.256827	-1.051144	0.817637
5.609724	5.301640	1.882510	0.512242	2.040820	-1.530308	1.793189	-0.272454	-1.589627
3.105033	2.417471	-1.378668	0.079206	3.541242	-1.837409	1.489267	0.490179	-1.853496
2.971726	0.342890	-2.188291	-2.434465	4.662060	-3.123023	2.007962	-0.293645	-1.400367
-2.094297	-2.795903	-4.989460	-4.347668	1.797776	-2.958049	-0.565327	-0.395924	-1.151542
-3.381736	-4.244606	-6.606371	-3.499403	-0.724909	-3.356085	-1.267500	-1.323358	0.961181
-1.741692	-4.759816	-4.233826	-3.966369	-1.874794	-1.440732	-3.910455	0.202455	1.133702
-1.362766	-4.568233	-3.392621	-3.137864	-2.560478	-1.469786	-2.715693	-3.914884	2.171820
-2.861256	-1.747056	-2.699356	-2.884789	-3.739160	-2.368248	-2.225214	-2.242473	-0.790564
-0.790365	-2.108282	-0.930130	-3.258742	-1.923338	-2.466815	-2.575616	-4.890912	0.451051
-0.337692	-1.965111	-1.219642	-2.036723	-2.713811	-3.155586	-4.327601	-1.719699	-0.523236
2.721862	0.474260	-2.225290	-1.834128	-1.292878	-2.995761	-2.932767	-1.783433	-5.097223
2.320198	0.309831	1.292627	-1.619859	-1.919639	-1.619038	-0.549714	-1.551313	-5.336312
0.725815	-2.235696	1.264410	-0.844714	1.019109	0.421485	0.666258	-1.318637	-3.062300
-0.714388	-0.815218	1.468060	-0.347291	-0.121534	-0.824891	2.976750	-0.350703	-1.673789
-4.193111	-0.287836	0.470479	-1.340890	-0.841667	1.258835	3.057361	-0.456311	-2.875777
-0.608154	-4.426346	-2.440531	-2.873210	-0.866487	-0.493435	1.779493	-0.351559	-3.177365
-2.164117	-4.170149	-2.880571	-2.173948	-2.888695	-2.035901	1.532645	-1.354045	-2.791552
-3.507601	-2.702741	-4.503337	-4.557905	-2.192489	-1.736661	-0.164282	-1.789169	-0.881037
-1.897905	-2.220922	-3.563229	-3.066379	-2.449968	-3.123413	-2.561588	-2.192128	-2.014520
-2.157631	-2.969890	-1.610946	-3.217468	-1.582530	-1.454656	-3.366072	-1.895722	-2.428102
-1.618677	-1.520543	0.237315	0.943128	1.257425	-1.285989	-1.191335	-0.911248	-2.812281
-1.428045	0.657920	1.057454	2.671111	0.616099	1.369890	1.699725	-0.883305	-0.870257
-2.497435	0.598500	2.681573	2.347782	3.456493	2.221782	3.665908	-2.426092	1.499870
-1.758746	0.978899	1.376773	5.596542	3.613008	2.550088	4.260013	1.630493	1.375201
-0.520479	2.903919	0.738757	3.719993	3.914845	3.470509	4.047942	3.651351	1.584436
-0.406835	4.891162	0.883024	3.490136	5.322106	6.454148	5.970295	2.919484	0.501375
-0.789712	1.751728	2.894378	3.349872	2.947191	4.656405	4.484672	2.231094	1.828919
-0.348912	1.664119	-0.793181	3.824302	2.955301	4.057681	5.171273	0.772782	3.069668
-3.206434	1.559837	-0.121952	2.620429	2.078538	1.422579	3.864000	1.464349	2.849624
0.286522	1.721784	0.624969	0.489452	3.846203	-0.985401	1.432051	-0.113102	2.170885
3.561555	1.462760	-0.163119	1.463874	3.615797	-1.110857	0.671328	-0.155370	1.067553
3.673166	3.809468	-0.412713	-2.188703	2.983421	-2.835589	0.946432	0.403746	2.393027
4.482254	4.182209	3.318387	1.339620	3.023676	0.400207	-2.301039	-0.287752	-0.395290
5.465319	0.922984	2.534585	1.282246	2.710563	2.654930	-1.408483	-1.961061	0.426600
2.914562	2.829794	2.288081	3.171777	2.828183	4.199982	0.856201	0.446018	0.101898
1.502083	2.843643	0.921677	2.439013	3.216638	3.349565	-1.003788	-0.871911	0.239405
-3.516419	1.471030	0.922174	2.282956	-0.205273	1.727479	2.428251	-0.244448	0.533521
-0.957244	0.150957	-1.081026	4.139307	-0.552647	2.297026	1.236518	-1.453191	0.854546
-1.897290	-1.031174	-1.581421	1.919068	2.220616	-0.723092	1.417714	-0.891837	0.805282
-1.332859	-3.514962	-1.075209	-3.287160	0.270218	2.171525	0.777939	-0.195586	0.413828
-0.732950	-1.386105	-3.830090	-2.588175	1.721958	3.752480	0.124293	0.080764	1.198385
-1.263663	1.959397	0.091439	-1.899776	1.232439	4.905872	-0.442723	-0.589285	0.432054
0.044002	3.746448	1.154280	-0.747761	1.149261	3.533704	-1.620609	-1.196532	4.002134
-0.486454	4.831246	1.478233	-0.213130	-0.492776	3.048977	0.567036	1.839626	4.321426
-2.269732	0.827595	0.219400	-0.443680	-0.196169	0.368192	1.804812	-0.900811	3.189831
-1.145331	0.679596	1.092184	-1.420110	-2.263619	0.556950	1.174418	-0.810840	3.031249
-2.828750	0.766749	0.036186	1.183781	-1.300525	-2.240548	-1.033344	0.213539	1.817680
-0.931891	0.672357	2.425607	1.609895	2.507615	-2.565500	-1.593273	-0.648571	1.504525
-2.439552	3.959820	6.535549	1.486634	4.367101	-0.428005	-2.029771	-0.044269	-1.486015
-2.563233	4.188840	5.845114	2.686698	2.166434	-0.487662	-2.933836	0.010447	-1.155340
-1.515834	4.008118	5.038104	3.087889	4.351415	-0.730970	-2.442068	-2.269122	-3.287851
-0.729354	3.881355	3.203119	-0.853591	5.322144	-1.318227	-0.266367	-0.690774	-3.190346
-0.133094	2.318153	1.604862	0.869359	0.300223	0.291367	-1.841332	-0.867307	-2.298125
-0.405752	2.182912	-0.598865	-1.596859	-0.841549	-1.512886	-2.933863	0.698279	-2.708787
0.530872	3.492034	-0.860261	-0.581144	-2.655871	-0.705086	-2.464361	0.479087	0.005967
2.104577	1.628721	1.503175	0.011105	-1.088041	-0.826230	-0.707623	-0.990682	-1.134761
1.897665	3.659573	4.357046	1.472490	0.866040	-2.300319	-0.969251	0.489473	-3.800472
2.383736	3.549291	3.485352	-0.300488	1.128874	-0.125951	-2.444744	-1.091246	-1.227365
-0.507610	3.680177	2.680496	0.274973	1.521960	0.626776	-2.585501	0.860063	0.017860
-3.567872	1.450132	2.908180	-0.666226	2.094900	2.165861	-2.230422	1.532901	0.432504
-3.150249	-0.302644	-0.581596	-0.396383	-0.718906	0.682307	-2.157308	0.041569	0.197167
-3.992042	-4.753249	-0.504230	-0.550998	-0.927758	0.098713	-3.375457	0.687569	0.249449
-0.740448	-5.119582	-5.699819	-4.735467	-1.958955	-0.374818	-2.897870	0.895902	-0.126149
-0.421269	-6.775042	-6.748863	-2.178992	-4.312698	1.205714	-2.411947	0.044370	0.164173
-2.103804	-3.612228	-5.061259	-2.887468	-4.268684	3.141409	-0.752786	-3.639027	-1.024385
-2.035450	-2.695640	-1.661407	-1.358297	-1.572715	4.303170	-1.236688	-1.150886	2.300578
-2.217709	0.190924	0.387196	-0.281775	-1.334089	2.818896	-0.728252	-1.970807	1.699562
-0.668480	-0.847335	-0.477650	-0.286802	-1.380307	4.445688	0.803621	-1.411587	3.710768
-0.574261	-1.893016	-2.256242	0.135323	-0.605468	4.832248	0.601632	0.200373	1.729094
-2.659953	-1.309420	-3.426779	1.607602	-1.318272	0.905577	0.136981	2.808876	0.243543
-3.121553	-3.048744	-3.656659	0.978837	1.889881	-0.944126	-0.360032	3.195822	1.496113
-0.215563	-1.735288	-1.983281	-1.811072	0.965991	-1.942959	-1.646407	1.897113	1.204306
-3.053780	-2.690451	-5.706944	-1.316323	-1.556041	-5.397521	-1.255443	1.047251	-3.572678
0.707695	-2.356533	-3.666945	-4.660115	-2.799315	-4.251112	-0.225640	1.042335	-1.659440
-0.043036	-2.065032	-2.728884	-4.404346	-4.000232	0.284169	0.862102	-0.476833	-2.477579
2.574127	-1.127649	-2.041059	-2.330916	-3.304192	3.907622	0.439883	-2.246051	-1.040394
2.841986	1.228119	-1.094668	-0.745622	-3.078593	3.926349	-0.818298	-0.121619	-0.203486
4.023740	2.133571	0.650090	0.345235	-2.904337	0.863550	0.807561	-0.332636	-0.160255
4.424591	-0.008693	-0.223184	1.218157	0.407577	1.011626	-2.215641	3.663300	3.733400
0.677840	-0.209471	-2.115988	1.467947	0.377648	-0.904724	0.426597	4.057489	1.240179
-1.310412	-2.722662	-2.142121	2.622904	0.750576	-1.691498	0.665874	4.459733	1.572581
-3.593565	-1.189667	-0.619881	3.069029	4.829962	-0.988095	4.177191	5.876431	3.261608
-3.306118	-0.296785	0.740033	5.432325	2.618904	0.430384	2.208747	5.107885	0.999959
-1.986769	-0.622015	3.652222	4.139092	3.660204	1.627540	3.264742	3.846097	2.368034
-2.399918	-1.108156	5.561388	1.150131	2.126960	1.388174	2.036478	2.131766	1.313034
-0.619764	0.017790	2.962031	0.528143	2.235071	3.206885	2.941753	2.300193	1.941458
-0.381806	1.648926	1.015354	-3.657370	1.713739	0.938476	2.462867	0.224479	1.579606
-2.424742	-2.343149	0.846558	-3.270308	2.113662	2.802145	1.032621	0.505125	1.177979
-0.225973	-0.670634	-2.200557	-1.990269	-0.284960	4.870993	3.280014	-1.018768	2.934676
-2.066397	-0.033329	-3.853188	0.236547	-1.379827	2.267320	1.642047	-1.778500	2.594098
-3.076812	2.643666	-1.125335	0.709341	0.537859	1.541928	2.500220	0.661129	1.758844
-2.467018	3.892052	2.022603	2.151215	2.508400	1.400615	2.864331	1.063821	1.581015
-0.160814	4.871929	2.750928	2.252070	3.687493	-0.015118	2.661782	1.545775	1.955510
-2.533099	3.835096	3.301041	1.969505	2.752538	-0.002470	2.179872	2.574592	2.913529
-1.600572	2.279155	2.960942	2.629223	1.281236	-1.696842	4.558101	4.518074	2.018472
-1.454931	1.242805	0.108534	-1.025177	0.526884	-1.919833	0.234269	3.911019	2.014739
-1.048076	1.212947	1.527517	0.030508	1.876283	-0.689144	0.825375	4.075628	-0.530970
-0.920505	2.748880	0.332393	-1.104123	-0.198468	-2.707273	-0.825180	3.255002	-0.569955
-2.141118	-0.872895	2.097161	2.282032	2.671729	-1.344022	-0.996597	1.052441	-1.477617
-1.893613	-1.291179	2.476024	2.957973	3.150275	-0.817989	-2.086476	4.424845	-1.113455
-1.186389	-0.028371	3.821783	3.248901	2.791068	-1.422376	-1.721518	1.162014	-1.430070
-2.805045	-0.094171	3.330138	1.487716	2.515807	0.714818	-1.174221	2.782649	-3.122962
0.154420	1.391520	3.115890	4.686521	1.668492	2.937393	1.625913	3.804150	-0.246131
4.171408	3.327402	3.133240	5.266614	0.612822	0.243149	3.517083	4.435216	-1.153978
3.044419	5.073576	0.383990	5.395997	2.292595	2.954885	-0.070009	1.935747	1.160597
3.214254	2.485342	1.652339	4.612571	3.442911	3.922202	1.600235	1.103745	0.259094
6.520915	2.844998	1.138190	2.154036	3.475868	4.808099	2.209415	-1.775592	3.025113
4.701503	2.849945	0.748242	2.945492	3.881367	0.618476	-0.139970	-0.028764	0.033953
5.401219	1.973883	1.418197	3.153441	4.019904	0.611333	0.741881	-0.082970	1.016014
4.461665	4.764111	4.150255	0.790183	0.010580	-0.057731	1.348267	-0.286111	1.897596
3.605440	4.033629	2.881718	1.925617	2.696293	1.712185	4.023788	2.100013	0.353098
2.309948	0.791537	2.365185	-0.369554	-0.651159	-0.978120	1.834642	3.733201	1.135819
-0.159412	-4.043965	0.079958	-0.994232	0.416225	-2.976447	2.840630	2.091254	-2.015240
-3.328338	-4.568179	-1.547863	-4.513115	-2.685058	-2.979695	1.172752	2.058170	-2.547180
-2.582628	-7.932504	-4.702177	-4.388503	-3.443409	-2.669366	0.124006	-0.899150	-3.514502
-2.834483	-6.834140	-6.543383	-3.313095	-3.469129	-2.726259	-2.240608	1.621094	-4.248905
-3.429399	-2.671889	-3.787981	0.208908	-3.995419	-1.837575	-0.546090	-1.104400	-2.895692
-2.303377	3.905250	-2.192870	2.070007	-0.028082	-0.898615	-2.238140	-1.388433	-0.768161
-1.435815	5.492775	1.517250	1.110703	-1.469917	-2.493678	-2.089561	-2.667503	-0.198014
1.603688	4.325987	4.450880	1.786295	1.195672	-0.573767	-1.006551	-2.150513	1.623649
2.876133	4.798985	3.537920	-0.679916	1.934286	2.089820	-2.364412	-0.928863	2.585227
5.685123	5.021068	2.073471	-0.668830	0.441421	3.355480	-0.403644	-1.601553	1.321220
5.916956	3.942136	2.612233	-0.669447	-0.501322	2.014415	-0.982748	-0.357484	1.434427
4.462236	3.130887	4.149808	-0.361166	-0.606647	2.089822	-2.270724	-1.916558	1.099447
6.023563	4.168422	3.415294	0.993612	0.239346	-1.536398	-1.089074	-1.792074	0.500881
4.834038	3.242540	5.025092	2.339487	1.461756	1.067453	-1.514497	-0.241835	-0.718074
4.804162	3.840139	2.642804	2.221860	-0.791621	3.111375	-0.407195	-1.358240	2.391683
3.817737	4.521120	5.653729	2.068131	0.834216	3.831467	-0.706969	-0.930390	1.345651
3.559264	2.666382	3.259267	0.107700	0.049963	1.536529	-0.602419	-1.064288	0.812029
2.541443	-2.789177	0.706118	-0.990734	-1.259380	-0.662341	-2.898345	-0.497033	1.064617
-2.058123	-6.293557	-2.723416	-3.618870	-3.090916	-1.730843	-1.403850	-1.633327	0.566113
-3.729934	-6.022459	-1.468037	-0.465708	-1.247346	1.132822	-2.460033	-2.477072	-0.402283
-1.558589	-4.731084	0.499557	0.951850	-2.853972	3.132653	0.062105	-0.575967	-0.815572
-1.749786	-2.459032	1.479465	1.501507	0.777704	5.654749	2.370362	3.353985	0.109745
-1.750324	0.004496	4.756588	1.831760	0.065981	4.407309	0.877439	3.153084	2.274568
0.977697	1.865598	1.847125	1.036811	0.721157	2.954233	1.620533	2.341127	2.566996
-0.370321	1.620974	1.122777	2.958158	1.854929	1.618819	1.619844	0.859914	1.319627
-1.527877	1.678622	-0.451157	0.417902	1.922995	-1.619934	0.555671	-1.403156	0.737762
-1.127270	0.034143	-2.679476	2.276142	-0.063545	-2.889626	1.036414	-0.045086	0.446598
0.795901	0.379234	-3.162980	0.667779	0.460306	-3.390659	0.495670	0.159324	-1.100564
0.699237	-1.170805	-2.830570	-2.933190	0.569045	-2.408533	1.346339	0.666272	-2.391825
1.226039	-1.226875	-2.066645	-1.627962	-2.391828	-2.739750	0.656521	-0.942745	-3.212587
0.675609	-2.571077	-0.900406	1.822260	-3.132116	-1.421611	-0.933887	-1.205626	-1.727051
0.441647	-3.129113	1.586447	1.293977	-1.216521	1.343383	-1.200684	0.556726	-2.517717
-3.928446	-2.706983	2.867814	0.066588	0.185055	-1.285869	-2.410573	-0.525591	-2.203586
-1.845968	0.929812	2.481095	0.462093	0.035010	0.740932	-1.917454	0.522023	-2.864559
0.534981	0.849269	4.358090	2.055492	1.043442	1.153585	-0.363428	0.611764	-1.619438
3.552702	3.108889	5.002598	3.001583	2.723949	2.506688	-0.883798	1.150531	0.312277
2.655896	0.949171	3.383819	3.868766	1.716628	3.935841	1.358738	2.328024	-0.086415
3.583365	3.803212	2.888953	3.957041	3.151779	3.984242	1.675376	0.952738	0.639785
3.905008	3.262812	1.022200	4.032007	3.575098	2.357590	1.887516	1.403874	1.648576
5.928228	3.407369	-0.558842	3.494464	1.208684	3.130384	1.655056	-0.432672	2.479556
3.912525	2.313583	-0.968671	1.009510	1.243434	2.114222	0.871796	-0.233400	1.473126
-0.301501	-1.151948	-2.962890	-2.470554	-0.652354	-0.616296	-0.138666	-2.552314	2.684183
-3.091248	-3.004026	-4.505497	-2.683529	-1.928181	-1.667072	-0.808332	-0.456714	1.635727
-3.873115	-4.389050	-0.239594	-1.564617	-3.112350	0.024692	1.305598	-2.194004	0.319556
-2.601502	-4.146024	0.994518	-0.072917	-2.621064	2.158096	3.014522	-1.874385	-0.852030
-3.505108	-3.968547	0.243241	1.109069	-1.400924	3.295338	5.564539	2.034741	0.753167
-2.955932	-3.015521	-0.913128	1.595541	-1.276132	1.505316	4.303847	2.969672	-2.284853
0.265927	0.637352	-1.708689	0.943798	-0.658791	-0.087969	3.169645	3.403905	-1.997191
5.206470	0.531371	-2.286142	-0.509061	0.267598	-3.262321	2.830731	2.909239	-2.418749
3.742996	-0.635565	-1.048188	-1.959737	-1.655769	-4.980539	0.673604	0.170171	-1.273929
3.647608	1.319042	-0.553028	-1.111130	-3.409093	-3.818926	-2.262637	-0.202802	-2.852630
0.220406	0.134192	-1.184061	-4.272642	-4.736876	-3.151883	-4.167194	-1.887480	-3.004154
0.772190	-1.570118	-3.083790	-1.186373	-2.784121	-2.609712	-1.709268	-1.640868	-0.114002
0.012661	-2.351688	-2.247614	-1.415024	-3.146329	0.133988	-0.667161	-2.126466	-1.869375
1.319719	-0.279320	-1.191635	-1.161997	-0.699904	-1.319487	0.212625	1.352022	-0.164375
2.382366	0.465185	-1.758653	-1.655191	-1.413946	0.727063	-1.556211	-2.297405	0.002498
4.853602	0.520824	-0.267168	-1.958809	-2.019059	-1.517964	0.268030	-0.621550	2.126243
1.749128	0.497398	0.076317	-2.461551	-2.280044	0.200431	1.293045	0.199684	1.939958
0.041743	-0.971196	-0.183097	-1.594117	-3.151005	-1.114853	-0.381267	-1.421205	1.147142
-0.192051	-2.408459	-2.835511	-3.069110	-3.117442	-1.174218	-1.019607	-1.838819	2.650694
-3.911353	-3.137892	-2.463727	-2.639830	-1.992358	-0.667266	-2.211677	-2.587261	4.387913
-3.640364	-3.562997	-0.157944	-3.508678	-1.717755	-2.975897	-1.907878	-1.688033	-1.502602
-4.811983	-0.915775	2.226635	0.349145	-0.767935	-1.658713	-1.057714	-1.252038	-0.707252
-2.900109	1.381772	2.001810	1.213337	1.246099	-2.396816	-3.489684	-1.680078	-0.677338
-1.320842	1.431044	4.182380	0.777698	-0.546255	0.483693	-1.420591	-2.320656	-3.552362
0.000018	0.137237	4.692445	0.311326	0.851801	0.467613	1.318263	0.051025	-1.218925
-1.079628	0.016052	4.429102	-0.321679	-2.056635	-0.174958	0.130377	0.796464	-2.449527
1.539620	1.820786	1.077352	-0.420019	-1.968865	0.465580	1.067848	-0.939443	-2.633970
2.254063	2.554139	0.046292	-0.475295	-2.854891	-1.788577	-0.556824	-0.179999	-2.059655
2.888301	2.800308	-1.902377	-1.663409	-1.854815	-0.262128	-0.661142	0.681095	-3.279582
1.719434	-0.111607	-3.089957	-3.408761	-1.391340	-3.333075	-3.350508	-2.358664	-1.960854
0.779762	-1.938009	-2.488250	-0.627252	-2.338167	-4.063120	-2.907623	-1.491880	-3.519171
3.284387	-0.596798	0.665044	3.053916	-0.623099	-1.552164	-3.127789	-2.517654	-3.752934
2.394507	3.449724	3.333324	3.854841	2.177763	1.529291	-2.004208	-1.587590	1.920756
1.125923	1.625455	4.343288	4.387324	1.743815	-0.036355	-3.277582	-1.005289	0.625897
1.362936	1.625894	3.706136	1.322162	0.218257	0.127895	-1.933914	-4.242456	0.930589
-2.396055	-1.895860	3.879766	0.861854	-0.350813	-1.455559	1.237097	-4.059092	2.343131
-1.881049	-3.305208	2.663377	0.283999	-0.027798	-1.724018	0.810046	-0.449899	-2.380779
-2.802746	-3.432153	0.767368	-3.469105	-2.422300	-0.962185	1.397233	-0.463582	-0.807841
-1.921446	-1.083696	-2.975363	-1.402958	-1.826021	-3.320260	0.283255	-0.361142	-2.129157
-1.984949	-1.030638	-4.782016	-3.266262	-3.015062	-3.850346	-0.395590	-0.140382	-3.394927
-1.067055	1.624420	-3.635493	-0.004218	0.301674	-3.212842	-3.206503	-4.539105	-2.752653
-1.284464	0.574176	-4.579595	0.335672	-1.760814	-3.375350	-1.316486	-1.954813	-1.627035
-0.343076	-1.818272	-3.507823	-2.124692	-3.750929	-3.416673	-0.752243	-3.488410	0.269325
-1.939391	-2.565824	-3.373979	0.264587	-1.020571	-1.008110	-2.264073	-0.975698	0.648827
-3.640108	-5.661882	-4.420663	-1.745991	-3.850143	1.934537	-0.111680	0.001921	1.374669
-1.275329	-4.725048	-2.577678	-1.862429	-3.273548	3.763266	-1.137566	-1.990957	-0.772148
-0.879552	-4.510822	-1.406424	-1.082326	-1.224686	2.892776	0.012367	0.234666	0.193773
-2.889278	-2.109507	1.744897	3.389215	0.476541	2.198567	-1.401582	-0.045013	1.004232
-2.215708	1.670896	2.891684	3.611593	0.625031	2.025136	2.780983	-0.796196	1.096928
-1.160641	-0.186813	1.718135	3.580407	2.282282	-0.009217	0.909062	-0.952386	-0.024140
-1.978277	0.519863	0.214150	0.195055	0.156092	-0.953993	1.619352	-0.826786	1.646027
-0.625017	-0.945677	-0.190173	-4.040664	-3.072239	-2.800394	0.265451	-2.035999	1.904729
1.200139	-1.541733	-3.195135	-2.113751	0.755885	-4.160220	-0.074144	-2.573427	2.024664
2.909691	1.488192	-2.885538	-2.333207	-2.188236	-3.252473	-1.812434	-2.154272	1.222632
1.866139	0.231798	-0.988284	-3.679535	1.361997	-3.104255	-3.088921	-3.501739	0.083932
2.436982	2.293083	-1.205072	-1.971035	1.991280	-2.931765	-1.399308	0.001472	-1.857236
3.161321	0.808846	1.020894	-1.222709	1.821614	-1.071805	-3.046597	-2.650343	-1.710074
2.936855	0.428885	2.294414	-1.006058	0.947996	-2.272677	-2.664590	-0.447487	-3.550683
4.748483	2.232099	0.257487	1.796216	-0.699075	-0.779080	-3.952989	-0.122662	-2.456862
3.854406	1.150288	1.457011	1.458912	-1.097500	1.331183	-1.434296	1.923829	-2.871314
0.355922	1.212049	1.032984	2.439930	-1.383682	1.414512	-3.205214	4.325984	-2.630137
-2.516867	-0.553118	0.012406	2.370866	3.539580	1.689606	-2.273245	2.909001	-4.394834
-1.966164	2.119986	-1.043726	1.429221	4.107283	-1.311936	-0.592790	0.886275	-2.621204
-2.214567	0.419359	-1.106912	-1.887907	3.340626	3.137486	0.447047	1.917606	0.128252
-3.254778	0.131600	-2.849453	-2.120420	0.651908	2.398769	1.827665	-1.025510	-1.550968
-3.619697	-3.090493	-3.391452	-1.819119	-0.436472	5.557214	4.274462	1.521626	1.140037
-1.218225	-2.449419	-2.372210	-1.721306	-1.872216	3.864920	3.035235	-1.938391	-0.355934
-1.893661	-2.418081	-2.746028	-1.798481	-3.570025	2.788685	2.889682	0.033039	2.716019
-0.335206	-4.464679	-3.568107	-2.948346	-4.868599	3.295409	1.125700	-0.363888	3.562594
-1.057062	-3.271215	-3.527649	-0.973502	-5.372141	2.195491	0.979188	-0.342374	1.911792
0.168973	-2.747889	-2.817855	-0.247650	-1.903151	3.838531	1.036244	-0.120822	1.966712
-1.089303	-1.193203	-1.716127	-1.416693	-0.283329	4.908327	2.073264	1.903367	3.027154
-0.257891	-2.309158	-2.240366	-3.231831	-4.436178	3.814480	-1.025553	-0.671810	2.865017
-0.778091	-1.786455	-0.134573	1.413535	0.545503	1.524387	0.440891	-2.358856	2.624100
-1.676702	-1.620394	-3.529350	-0.640097	2.842611	-1.043750	-1.180607	0.854827	1.899604
-1.683627	1.551123	-0.567997	-0.955727	1.924647	-4.213933	-2.284949	0.549236	0.123128
-2.271966	1.077296	-0.818718	-0.331758	3.372308	-4.146363	-2.361137	1.892370	-0.098028
-1.371518	3.396023	1.540788	0.249009	3.838896	-3.464140	-2.355174	-0.786473	-2.281265
-0.019486	3.203804	2.394219	1.377774	4.004208	-3.925764	-2.830062	-0.451197	-1.327883
0.813532	5.629637	5.738774	3.284235	6.005745	1.522864	-1.649302	-1.440403	-0.842581
1.664933	4.170421	6.628650	3.037790	3.893904	1.029443	-2.073898	-1.421994	0.828739
3.339318	5.690657	5.812548	2.686739	1.940187	0.129874	-1.325252	-1.454771	0.669578
4.680485	4.756343	7.279865	3.441181	1.388191	0.264155	-1.621265	0.990762	0.352235
5.781735	4.512178	6.795000	2.010014	2.194917	0.178587	-2.560141	3.889705	4.409011
3.241366	4.963961	3.169353	4.165737	2.209764	1.625569	-3.573081	4.165754	3.876704
4.596078	3.333892	3.381521	3.114749	3.604532	2.121700	-0.379288	1.622008	3.202816
2.069770	2.454370	2.525903	2.008749	1.058920	5.592981	-0.258663	2.599165	2.375546
1.640141	-0.462206	1.063099	-0.760165	0.950027	5.453211	0.983490	4.004323	2.909994
1.309591	-1.816236	-0.087394	0.259307	-0.835346	3.377890	-0.548231	-1.474221	1.781560
-1.979981	-3.284422	-1.121876	-1.767036	0.232199	2.645018	3.386173	-0.897067	1.730345
-2.024875	-1.893063	-1.466148	-1.160497	0.736064	1.143595	-0.557201	-1.238919	-0.340553
-2.964393	-0.465461	-1.176012	-1.315074	2.831547	-3.609480	-1.570355	-1.292078	-1.663732
-3.542135	0.309484	0.162530	-2.013271	3.794148	-2.209707	1.552007	-1.749546	-0.020293
-0.234902	-2.338829	-1.061321	-0.900987	1.526967	1.578515	0.217586	0.906275	3.332665
-0.274695	0.795600	-1.558268	-1.124625	2.798504	1.640885	2.096577	1.025783	1.468241
-1.074213	-2.346030	-4.041212	2.811716	-0.146841	3.192904	2.318378	2.080278	1.876437
0.026641	-0.385619	-3.261153	1.021135	-1.789168	1.470071	1.688488	2.705956	0.828851
-3.195132	-1.136268	-1.145093	-0.682971	-0.889477	-1.570313	1.293605	3.602916	-0.838215
0.130066	-0.291078	-0.427534	0.010799	-1.327669	-2.145549	2.680925	3.480156	-0.838961
-2.405765	-1.216448	0.462625	-1.405657	-3.252842	-3.648536	3.765747	2.517676	-1.499287
-1.951727	-0.974679	-1.314618	-0.234340	-0.256898	-5.097974	3.792268	2.173673	-2.176292
-0.222518	0.266128	-0.318265	1.504550	0.496866	-1.336263	5.340886	-0.534055	-1.236277
1.607658	-0.431426	-0.674916	-0.651888	-1.293553	-2.501003	1.823500	1.519691	-2.406941
0.269703	-0.846643	0.293527	-0.714555	-1.835252	-1.855992	0.716006	-1.368690	-4.394182
-1.914886	0.360477	-1.001436	-2.383853	0.375967	1.101368	1.977803	0.080500	-0.476502
