C1	C2
15.0000	0.2245
7.0000	0.0995
9.0000	0.2565
10.0000	0.2155
7.0000	0.0895
8.0000	0.1410
20.0000	0.2370
16.0000	0.2940
9.0000	0.2165
19.0000	0.3145
14.0000	0.1940
10.0000	0.1675
11.0000	0.2175
10.0000	0.2725
10.0000	0.1675
12.0000	0.2580
7.0000	0.0950
10.0000	0.1880
7.0000	0.0970
9.0000	0.1705
11.0000	0.0955
10.0000	0.0800
12.0000	0.4275
9.0000	0.3180
10.0000	0.5130
11.0000	0.3825
11.0000	0.3945
12.0000	0.3560
15.0000	0.3940
11.0000	0.3930
10.0000	0.3935
15.0000	0.6055
18.0000	0.5515
19.0000	0.8150
13.0000	0.6330
8.0000	0.2270
16.0000	0.5305
8.0000	0.2370
11.0000	0.3810
9.0000	0.1340
9.0000	0.1865
14.0000	0.3620
5.0000	0.0315
5.0000	0.0255
4.0000	0.0175
7.0000	0.0875
9.0000	0.2930
7.0000	0.1775
6.0000	0.0755
9.0000	0.3545
8.0000	0.2385
7.0000	0.1335
10.0000	0.2595
10.0000	0.2105
7.0000	0.1730
8.0000	0.2565
8.0000	0.1920
8.0000	0.2765
4.0000	0.0420
7.0000	0.2460
7.0000	0.1800
9.0000	0.3050
10.0000	0.3020
7.0000	0.1705
8.0000	0.2340
8.0000	0.2340
12.0000	0.3540
13.0000	0.4160
10.0000	0.2135
6.0000	0.0630
13.0000	0.2640
8.0000	0.1405
20.0000	0.4800
11.0000	0.4740
13.0000	0.4810
15.0000	0.4425
9.0000	0.3625
10.0000	0.3630
11.0000	0.2820
14.0000	0.4695
9.0000	0.3845
12.0000	0.5105
16.0000	0.3960
21.0000	0.4080
14.0000	0.3800
12.0000	0.3390
13.0000	0.4825
10.0000	0.3305
9.0000	0.2205
12.0000	0.3135
15.0000	0.3410
12.0000	0.3070
13.0000	0.4015
10.0000	0.5070
15.0000	0.5880
14.0000	0.5755
9.0000	0.2690
8.0000	0.2140
7.0000	0.2010
10.0000	0.2775
7.0000	0.1050
15.0000	0.3280
15.0000	0.3160
10.0000	0.3105
12.0000	0.4975
12.0000	0.2910
11.0000	0.2935
10.0000	0.2610
9.0000	0.2310
9.0000	0.1360
9.0000	0.2375
9.0000	0.1720
9.0000	0.1485
9.0000	0.1300
11.0000	0.2975
11.0000	0.2330
11.0000	0.2555
10.0000	0.1305
9.0000	0.3465
8.0000	0.1145
9.0000	0.1630
7.0000	0.1030
14.0000	0.3040
6.0000	0.0900
6.0000	0.0810
5.0000	0.0285
6.0000	0.1075
8.0000	0.1120
19.0000	0.6300
18.0000	0.7665
17.0000	0.4835
9.0000	0.1750
7.0000	0.0850
7.0000	0.0860
7.0000	0.0400
8.0000	0.1635
7.0000	0.0675
9.0000	0.0940
9.0000	0.1510
9.0000	0.0960
10.0000	0.3410
10.0000	0.2950
16.0000	0.5190
11.0000	0.3400
10.0000	0.2075
10.0000	0.2450
10.0000	0.2240
9.0000	0.0520
5.0000	0.0105
4.0000	0.0130
15.0000	0.4415
9.0000	0.4690
10.0000	0.5065
10.0000	0.3700
12.0000	0.3870
10.0000	0.3200
13.0000	0.3920
16.0000	0.5460
13.0000	0.3740
13.0000	0.2985
13.0000	0.4215
13.0000	0.5300
12.0000	0.5440
18.0000	0.6500
16.0000	0.5605
14.0000	1.0705
20.0000	0.7650
20.0000	0.6250
14.0000	0.8175
12.0000	0.5125
14.0000	0.7125
7.0000	0.3080
8.0000	0.4860
8.0000	0.3200
5.0000	0.0185
7.0000	0.0645
5.0000	0.0600
8.0000	0.0530
4.0000	0.0250
11.0000	0.3850
14.0000	0.3990
21.0000	0.5150
10.0000	0.4290
10.0000	0.4355
12.0000	0.6210
13.0000	0.5455
12.0000	0.3920
10.0000	0.5400
11.0000	0.5265
9.0000	0.3650
13.0000	0.4845
12.0000	0.4190
14.0000	0.2760
8.0000	0.0920
10.0000	0.4590
12.0000	0.3460
11.0000	0.2850
16.0000	0.4445
15.0000	0.4320
10.0000	0.3635
9.0000	0.1655
13.0000	0.2540
12.0000	0.2340
13.0000	0.2985
8.0000	0.1710
9.0000	0.1860
9.0000	0.1090
8.0000	0.1495
13.0000	0.2755
7.0000	0.1220
10.0000	0.1995
7.0000	0.0755
12.0000	0.1595
9.0000	0.2410
14.0000	0.2475
10.0000	0.2440
8.0000	0.1740
7.0000	0.1265
10.0000	0.1665
8.0000	0.1305
9.0000	0.1785
11.0000	0.1870
9.0000	0.2200
11.0000	0.1810
10.0000	0.1285
9.0000	0.1715
7.0000	0.1210
7.0000	0.0780
11.0000	0.4040
15.0000	0.2935
13.0000	0.3360
14.0000	0.3100
22.0000	0.4960
7.0000	0.0485
12.0000	0.1815
9.0000	0.0485
1.0000	0.0010
3.0000	0.0045
3.0000	0.0025
5.0000	0.0075
17.0000	0.3495
5.0000	0.0340
5.0000	0.0260
8.0000	0.0435
8.0000	0.0630
10.0000	0.0705
13.0000	0.0635
9.0000	0.0745
7.0000	0.0675
7.0000	0.0820
7.0000	0.0655
13.0000	0.4205
12.0000	0.5135
15.0000	0.4485
15.0000	0.4850
15.0000	0.3835
19.0000	0.3805
10.0000	0.3410
15.0000	0.6050
13.0000	0.4775
11.0000	0.3940
12.0000	0.3675
11.0000	0.3190
4.0000	0.0445
6.0000	0.0465
11.0000	0.3000
14.0000	0.3615
8.0000	0.1225
9.0000	0.2185
13.0000	0.2035
22.0000	0.4535
16.0000	0.4120
14.0000	0.3875
15.0000	0.5600
13.0000	0.4105
22.0000	0.7425
12.0000	0.4930
18.0000	0.5320
20.0000	0.5500
11.0000	0.2665
15.0000	0.3140
7.0000	0.0915
9.0000	0.1770
14.0000	0.2285
14.0000	0.3250
10.0000	0.2950
10.0000	0.2880
17.0000	0.2420
9.0000	0.1320
10.0000	0.3155
17.0000	0.3835
12.0000	0.5010
15.0000	0.4280
19.0000	0.3420
26.0000	0.3840
6.0000	0.0490
6.0000	0.0450
4.0000	0.0390
11.0000	0.2215
9.0000	0.0905
9.0000	0.1455
13.0000	0.3220
8.0000	0.1065
6.0000	0.0885
10.0000	0.1820
4.0000	0.0125
3.0000	0.0070
13.0000	0.4710
14.0000	0.2505
10.0000	0.3925
21.0000	0.4635
14.0000	0.4430
19.0000	0.4595
23.0000	0.3810
23.0000	0.4335
8.0000	0.1940
14.0000	0.5760
10.0000	0.1465
18.0000	0.3150
6.0000	0.0660
5.0000	0.0425
4.0000	0.0165
11.0000	0.1065
5.0000	0.0390
7.0000	0.0935
7.0000	0.0970
7.0000	0.0730
12.0000	0.2700
8.0000	0.0865
8.0000	0.0885
12.0000	0.2135
8.0000	0.1340
5.0000	0.0475
5.0000	0.0335
16.0000	0.5980
11.0000	0.5705
14.0000	0.4030
16.0000	0.4730
13.0000	0.6045
15.0000	0.4060
14.0000	0.5810
14.0000	0.4775
12.0000	0.5790
12.0000	0.2325
8.0000	0.3005
13.0000	0.2795
9.0000	0.2745
6.0000	0.0800
8.0000	0.0920
14.0000	0.5600
8.0000	0.5360
22.0000	0.3325
12.0000	0.4465
9.0000	0.4080
16.0000	0.5090
20.0000	0.7415
13.0000	0.6935
18.0000	0.7035
17.0000	0.9265
16.0000	0.7495
18.0000	0.4800
12.0000	0.3920
20.0000	0.6100
16.0000	0.4085
12.0000	0.4985
19.0000	0.4215
11.0000	0.4405
10.0000	0.4790
12.0000	0.4580
17.0000	0.6800
16.0000	0.6645
16.0000	0.6920
19.0000	0.5850
14.0000	0.5095
13.0000	0.4635
20.0000	0.6845
11.0000	0.4935
10.0000	0.4995
15.0000	0.3895
12.0000	0.3705
15.0000	0.3755
10.0000	0.3300
10.0000	0.3130
12.0000	0.2260
10.0000	0.3730
9.0000	0.2160
12.0000	0.3515
10.0000	0.2070
14.0000	0.2390
9.0000	0.2220
10.0000	0.1535
10.0000	0.2770
10.0000	0.2520
9.0000	0.1075
6.0000	0.0755
11.0000	0.1160
10.0000	0.3165
8.0000	0.2385
12.0000	0.2560
11.0000	0.4355
9.0000	0.2700
9.0000	0.2950
7.0000	0.1780
10.0000	0.3115
7.0000	0.1655
12.0000	0.3685
8.0000	0.2125
16.0000	0.3900
11.0000	0.4000
8.0000	0.3395
15.0000	0.4565
14.0000	0.4100
11.0000	0.4625
12.0000	0.3475
14.0000	0.5280
15.0000	0.3605
20.0000	0.5595
20.0000	0.4880
16.0000	0.3670
13.0000	0.2230
14.0000	0.5180
11.0000	0.2165
13.0000	0.2465
8.0000	0.0360
6.0000	0.0370
13.0000	0.4250
18.0000	0.3935
19.0000	0.3995
21.0000	0.3440
18.0000	0.3775
18.0000	0.3800
20.0000	0.4375
18.0000	0.3420
22.0000	0.2475
13.0000	0.1220
11.0000	0.2815
7.0000	0.0840
14.0000	0.0915
9.0000	0.1430
13.0000	0.2490
10.0000	0.0950
8.0000	0.0785
19.0000	0.2750
10.0000	0.1340
10.0000	0.1590
9.0000	0.2830
13.0000	0.3290
16.0000	0.3540
12.0000	0.4765
18.0000	0.3650
16.0000	0.6975
16.0000	0.5920
17.0000	0.5810
11.0000	0.4050
14.0000	0.5700
11.0000	0.3485
15.0000	0.5100
9.0000	0.0695
10.0000	0.1230
11.0000	0.2930
11.0000	0.1150
12.0000	0.3865
6.0000	0.0260
5.0000	0.0215
6.0000	0.0255
5.0000	0.0080
12.0000	0.5425
13.0000	0.5670
17.0000	0.5975
21.0000	0.5450
9.0000	0.3130
10.0000	0.2895
9.0000	0.1510
11.0000	0.2645
10.0000	0.2720
17.0000	0.2610
9.0000	0.1565
17.0000	0.4955
21.0000	0.6370
16.0000	0.5305
29.0000	0.7055
17.0000	0.3605
15.0000	0.3785
19.0000	0.4290
12.0000	0.4235
13.0000	0.3810
11.0000	0.3780
15.0000	0.5235
11.0000	0.3485
14.0000	0.4400
14.0000	0.4750
13.0000	0.3570
11.0000	0.5345
15.0000	0.4860
17.0000	0.5875
15.0000	0.3445
12.0000	0.4245
19.0000	0.4350
11.0000	0.4270
10.0000	0.3275
12.0000	0.3665
23.0000	0.3780
15.0000	0.3780
13.0000	0.4385
17.0000	0.4385
15.0000	0.4865
12.0000	0.3325
15.0000	0.3815
11.0000	0.3600
16.0000	0.3005
10.0000	0.4390
10.0000	0.2210
10.0000	0.2490
6.0000	0.0610
5.0000	0.0310
6.0000	0.0385
9.0000	0.1115
5.0000	0.0330
4.0000	0.0600
6.0000	0.0780
3.0000	0.0155
5.0000	0.0845
9.0000	0.0935
5.0000	0.0145
4.0000	0.0265
4.0000	0.0095
3.0000	0.0065
14.0000	0.2820
12.0000	0.3965
9.0000	0.0885
20.0000	0.2990
13.0000	0.1920
12.0000	0.1845
9.0000	0.1695
10.0000	0.2095
11.0000	0.1895
11.0000	0.2000
7.0000	0.0430
5.0000	0.0335
10.0000	0.0930
15.0000	0.2420
11.0000	0.1585
15.0000	0.1000
8.0000	0.1565
10.0000	0.0990
11.0000	0.0585
8.0000	0.0315
7.0000	0.0170
12.0000	0.3605
11.0000	0.3695
17.0000	0.4950
13.0000	0.4145
12.0000	0.3350
13.0000	0.2075
9.0000	0.2870
10.0000	0.2605
14.0000	0.3075
12.0000	0.4585
13.0000	0.5190
13.0000	0.2670
8.0000	0.1480
13.0000	0.2705
11.0000	0.1715
11.0000	0.2795
14.0000	0.2005
10.0000	0.0705
12.0000	0.2450
12.0000	0.1685
7.0000	0.0410
11.0000	0.1650
16.0000	0.2100
14.0000	0.1975
20.0000	0.3820
17.0000	0.3785
10.0000	0.4145
11.0000	0.5275
10.0000	0.4005
10.0000	0.4055
11.0000	0.3830
17.0000	0.5015
11.0000	0.5565
14.0000	0.3760
19.0000	0.6615
13.0000	0.2160
11.0000	0.1735
11.0000	0.2840
10.0000	0.2800
13.0000	0.3095
14.0000	0.1640
13.0000	0.1380
13.0000	0.2865
9.0000	0.1110
18.0000	0.3585
19.0000	0.5260
12.0000	0.2575
13.0000	0.3015
9.0000	0.2565
13.0000	0.3385
12.0000	0.3690
16.0000	0.3050
17.0000	0.3980
10.0000	0.1225
13.0000	0.1075
11.0000	0.2005
12.0000	0.2000
13.0000	0.1600
9.0000	0.0780
10.0000	0.1810
10.0000	0.0675
12.0000	0.0575
12.0000	0.1500
4.0000	0.0100
9.0000	0.0475
18.0000	0.1850
15.0000	0.2085
13.0000	0.1280
12.0000	0.1525
7.0000	0.0655
9.0000	0.0455
7.0000	0.0180
10.0000	0.0600
18.0000	0.2175
12.0000	0.2945
17.0000	0.1795
15.0000	0.2140
12.0000	0.2655
10.0000	0.1205
8.0000	0.1255
21.0000	0.3845
10.0000	0.0770
9.0000	0.2230
7.0000	0.1555
10.0000	0.1895
9.0000	0.1980
9.0000	0.0660
8.0000	0.0500
7.0000	0.1055
6.0000	0.0810
14.0000	0.1965
13.0000	0.2190
7.0000	0.0795
13.0000	0.4675
19.0000	0.3580
7.0000	0.0735
9.0000	0.1605
11.0000	0.1200
6.0000	0.0450
9.0000	0.2160
11.0000	0.1930
9.0000	0.1695
5.0000	0.0340
6.0000	0.0595
11.0000	0.1845
7.0000	0.0540
10.0000	0.0945
7.0000	0.0500
17.0000	0.3360
16.0000	0.4305
18.0000	0.5305
11.0000	0.4145
18.0000	0.5970
11.0000	0.3055
10.0000	0.1460
12.0000	0.1045
19.0000	0.1145
10.0000	0.0780
11.0000	0.1815
15.0000	0.2155
13.0000	0.2775
13.0000	0.1765
14.0000	0.2350
17.0000	0.2405
19.0000	0.2400
21.0000	0.2250
23.0000	0.2410
22.0000	0.1580
12.0000	0.2635
11.0000	0.1850
23.0000	0.2500
8.0000	0.0930
7.0000	0.0885
10.0000	0.2040
7.0000	0.1540
16.0000	0.3175
10.0000	0.2455
15.0000	0.3440
13.0000	0.3345
16.0000	0.2600
11.0000	0.2790
11.0000	0.3660
10.0000	0.2535
5.0000	0.0345
11.0000	0.1475
9.0000	0.1175
4.0000	0.0065
7.0000	0.0430
4.0000	0.0050
5.0000	0.0545
13.0000	0.1550
16.0000	0.1185
12.0000	0.1215
14.0000	0.1895
9.0000	0.1800
12.0000	0.1205
9.0000	0.1910
10.0000	0.1535
11.0000	0.0615
10.0000	0.0775
10.0000	0.0895
7.0000	0.0405
7.0000	0.0595
11.0000	0.1040
7.0000	0.0450
8.0000	0.0690
9.0000	0.0800
7.0000	0.0475
8.0000	0.0360
6.0000	0.0360
4.0000	0.0095
2.0000	0.0045
3.0000	0.0065
13.0000	0.3925
15.0000	0.4160
15.0000	0.3865
11.0000	0.1910
17.0000	0.1610
10.0000	0.1080
12.0000	0.2185
13.0000	0.2735
15.0000	0.2610
11.0000	0.2405
13.0000	0.3740
15.0000	0.2980
13.0000	0.2270
18.0000	0.2825
10.0000	0.2620
12.0000	0.2385
12.0000	0.2415
14.0000	0.2855
10.0000	0.1430
14.0000	0.3200
8.0000	0.0780
14.0000	0.2785
17.0000	0.2795
20.0000	0.2750
17.0000	0.3400
17.0000	0.6730
9.0000	0.2485
14.0000	0.3010
15.0000	0.5780
13.0000	0.1870
10.0000	0.2150
13.0000	0.3470
13.0000	0.3690
20.0000	0.5295
13.0000	0.6900
20.0000	0.3670
15.0000	0.4690
13.0000	0.4775
15.0000	0.3480
15.0000	0.4350
16.0000	0.3130
17.0000	0.2385
14.0000	0.6215
14.0000	0.4030
11.0000	0.3365
13.0000	0.3825
9.0000	0.0665
11.0000	0.2890
17.0000	0.3485
11.0000	0.3155
8.0000	0.2000
8.0000	0.0975
9.0000	0.1675
10.0000	0.2450
11.0000	0.1890
15.0000	0.2360
13.0000	0.2305
15.0000	0.2015
15.0000	0.1725
13.0000	0.3505
12.0000	0.2460
10.0000	0.2920
6.0000	0.1020
5.0000	0.0210
15.0000	0.3295
9.0000	0.1975
12.0000	0.2110
9.0000	0.2475
12.0000	0.3090
10.0000	0.3145
10.0000	0.1925
9.0000	0.1915
12.0000	0.3275
12.0000	0.3150
15.0000	0.2150
11.0000	0.2805
9.0000	0.1570
11.0000	0.2550
11.0000	0.1250
10.0000	0.1655
10.0000	0.1190
9.0000	0.1520
7.0000	0.0940
10.0000	0.2875
7.0000	0.1235
6.0000	0.0410
15.0000	0.2125
10.0000	0.1530
12.0000	0.2855
12.0000	0.2665
21.0000	0.1650
6.0000	0.0270
5.0000	0.0365
7.0000	0.0710
7.0000	0.0765
6.0000	0.0735
6.0000	0.0750
6.0000	0.0655
7.0000	0.1185
7.0000	0.1080
6.0000	0.0970
7.0000	0.0860
6.0000	0.1430
7.0000	0.1215
7.0000	0.1380
6.0000	0.1270
6.0000	0.1300
6.0000	0.2080
7.0000	0.1750
6.0000	0.1560
6.0000	0.1185
9.0000	0.2435
7.0000	0.2745
7.0000	0.1795
8.0000	0.2450
8.0000	0.2660
9.0000	0.2290
8.0000	0.2945
9.0000	0.2175
8.0000	0.3065
9.0000	0.3355
9.0000	0.2700
8.0000	0.3415
8.0000	0.3375
9.0000	0.4815
11.0000	0.3690
10.0000	0.4290
8.0000	0.4035
10.0000	0.4070
10.0000	0.3620
9.0000	0.4985
10.0000	0.4735
9.0000	0.3895
10.0000	0.3490
9.0000	0.4420
9.0000	0.4545
12.0000	0.4550
10.0000	0.4980
8.0000	0.5225
6.0000	0.5470
12.0000	0.5175
11.0000	0.5490
10.0000	0.6530
11.0000	0.6060
10.0000	0.6090
9.0000	0.4210
12.0000	0.5585
10.0000	0.6290
9.0000	0.5450
12.0000	0.5315
11.0000	0.6285
9.0000	0.6355
11.0000	0.4650
11.0000	0.5895
14.0000	0.4525
9.0000	0.6190
10.0000	0.6495
9.0000	0.6680
8.0000	0.7595
11.0000	0.6750
9.0000	0.5860
17.0000	0.9590
15.0000	0.5905
10.0000	0.7550
10.0000	0.5445
12.0000	0.7840
9.0000	0.6280
11.0000	0.8610
11.0000	0.8330
11.0000	0.8455
17.0000	1.1465
6.0000	0.0165
5.0000	0.0250
3.0000	0.0310
6.0000	0.0295
4.0000	0.0310
6.0000	0.0345
4.0000	0.0455
5.0000	0.0650
4.0000	0.0500
6.0000	0.0560
5.0000	0.0620
6.0000	0.0585
8.0000	0.0530
5.0000	0.0700
6.0000	0.0825
6.0000	0.0775
7.0000	0.0705
7.0000	0.0945
5.0000	0.0665
7.0000	0.1040
7.0000	0.1110
6.0000	0.1045
7.0000	0.1505
6.0000	0.0840
6.0000	0.1240
7.0000	0.1550
7.0000	0.1570
6.0000	0.1635
6.0000	0.1700
5.0000	0.1690
6.0000	0.1570
6.0000	0.1640
6.0000	0.1645
7.0000	0.1575
7.0000	0.2170
8.0000	0.1815
6.0000	0.1825
6.0000	0.2090
7.0000	0.1480
6.0000	0.2025
7.0000	0.1695
7.0000	0.1910
8.0000	0.1970
7.0000	0.2355
7.0000	0.2335
7.0000	0.2250
6.0000	0.2355
7.0000	0.2325
7.0000	0.1960
7.0000	0.2315
7.0000	0.2610
7.0000	0.1755
6.0000	0.2300
8.0000	0.3270
8.0000	0.2900
9.0000	0.2220
6.0000	0.3245
6.0000	0.3205
6.0000	0.2925
8.0000	0.1940
7.0000	0.3120
7.0000	0.1995
8.0000	0.3200
8.0000	0.3035
7.0000	0.2720
6.0000	0.3145
8.0000	0.2835
7.0000	0.3195
7.0000	0.3360
9.0000	0.3165
8.0000	0.3620
9.0000	0.2890
8.0000	0.2500
8.0000	0.3935
7.0000	0.2380
7.0000	0.3655
8.0000	0.3470
8.0000	0.3865
8.0000	0.3670
7.0000	0.3695
8.0000	0.3475
11.0000	0.3340
8.0000	0.3250
8.0000	0.3280
7.0000	0.2715
8.0000	0.3935
8.0000	0.2855
8.0000	0.3735
9.0000	0.5440
9.0000	0.3680
9.0000	0.4525
8.0000	0.3075
10.0000	0.5625
10.0000	0.5130
8.0000	0.5400
8.0000	0.5265
7.0000	0.4075
9.0000	0.4955
9.0000	0.5380
7.0000	0.5575
8.0000	0.4095
10.0000	0.4985
8.0000	0.5585
9.0000	0.5860
11.0000	0.5245
8.0000	0.4790
8.0000	0.5155
11.0000	0.4515
11.0000	0.5865
9.0000	0.6210
9.0000	0.4655
9.0000	0.5180
9.0000	0.5265
9.0000	0.5720
11.0000	0.6025
11.0000	0.5650
10.0000	0.5540
8.0000	0.5850
11.0000	0.5940
10.0000	0.6235
10.0000	0.5705
10.0000	0.4755
9.0000	0.5730
9.0000	0.5845
8.0000	0.6370
11.0000	0.5990
8.0000	0.5185
11.0000	0.6230
10.0000	0.6840
10.0000	0.7050
11.0000	0.6930
10.0000	0.4935
10.0000	0.6145
11.0000	0.7790
8.0000	0.7090
8.0000	0.6840
11.0000	0.6330
10.0000	0.5475
10.0000	0.5150
9.0000	0.5700
11.0000	0.6665
10.0000	0.6645
9.0000	0.6895
10.0000	0.8515
11.0000	0.6900
9.0000	0.6425
10.0000	0.5940
6.0000	0.6410
11.0000	0.6820
10.0000	0.7390
12.0000	0.7645
12.0000	0.7245
8.0000	0.8255
10.0000	0.8930
10.0000	0.8035
12.0000	0.6930
11.0000	1.0120
10.0000	0.7645
11.0000	0.6655
11.0000	1.1335
12.0000	1.0070
4.0000	0.0120
3.0000	0.0180
4.0000	0.0135
4.0000	0.0155
4.0000	0.0270
4.0000	0.0300
5.0000	0.0245
7.0000	0.0365
6.0000	0.0540
5.0000	0.0415
5.0000	0.0405
6.0000	0.0550
6.0000	0.0650
6.0000	0.0675
5.0000	0.0900
6.0000	0.1165
6.0000	0.1125
6.0000	0.1165
7.0000	0.1220
6.0000	0.1940
7.0000	0.1720
7.0000	0.1255
6.0000	0.1320
7.0000	0.1255
7.0000	0.1740
6.0000	0.1255
7.0000	0.1620
7.0000	0.1985
6.0000	0.2055
7.0000	0.2220
7.0000	0.1545
7.0000	0.1675
7.0000	0.1945
8.0000	0.1985
8.0000	0.2135
6.0000	0.2410
7.0000	0.1865
6.0000	0.1945
6.0000	0.1600
7.0000	0.1800
7.0000	0.2700
6.0000	0.2110
6.0000	0.2060
7.0000	0.2165
8.0000	0.3395
7.0000	0.2350
7.0000	0.2480
9.0000	0.2150
8.0000	0.2485
6.0000	0.2485
7.0000	0.2460
8.0000	0.3465
6.0000	0.2610
9.0000	0.2615
8.0000	0.2150
8.0000	0.3175
9.0000	0.3525
8.0000	0.2295
8.0000	0.2880
7.0000	0.5230
8.0000	0.3250
9.0000	0.2625
9.0000	0.3755
8.0000	0.2970
8.0000	0.2790
9.0000	0.2595
10.0000	0.3125
7.0000	0.4225
9.0000	0.4340
9.0000	0.4615
8.0000	0.4270
8.0000	0.3950
10.0000	0.4110
9.0000	0.4640
8.0000	0.4200
8.0000	0.3360
8.0000	0.4300
9.0000	0.4565
8.0000	0.5795
9.0000	0.4470
9.0000	0.5415
8.0000	0.4120
8.0000	0.3425
7.0000	0.4660
10.0000	0.5560
9.0000	0.4010
9.0000	0.4350
9.0000	0.4245
10.0000	0.3155
9.0000	0.5490
9.0000	0.4150
8.0000	0.4765
9.0000	0.9450
9.0000	0.3775
9.0000	0.4860
8.0000	0.5470
9.0000	0.3850
9.0000	0.4780
7.0000	0.4595
8.0000	0.4810
9.0000	0.4850
8.0000	0.6960
8.0000	0.5455
10.0000	0.5120
9.0000	0.6110
9.0000	0.5550
10.0000	0.5820
9.0000	0.4330
8.0000	0.5315
9.0000	0.7830
9.0000	0.4980
10.0000	0.4815
9.0000	0.4615
9.0000	0.4470
8.0000	0.5315
8.0000	0.4285
8.0000	0.5635
9.0000	0.7335
8.0000	0.5870
8.0000	0.5890
10.0000	0.5635
9.0000	0.5115
10.0000	0.6320
10.0000	0.6465
10.0000	0.5280
9.0000	0.6415
11.0000	0.5650
11.0000	0.5530
10.0000	0.5885
11.0000	0.5460
8.0000	0.6290
9.0000	0.6035
9.0000	0.6075
14.0000	0.6640
10.0000	0.6990
9.0000	0.6240
12.0000	0.7355
9.0000	0.7945
10.0000	0.8850
9.0000	0.8950
12.0000	1.0950
9.0000	0.8545
9.0000	0.6395
11.0000	0.7350
12.0000	1.0465
10.0000	0.8890
10.0000	1.0265
10.0000	0.9035
8.0000	0.6910
12.0000	1.0260
12.0000	0.9310
11.0000	0.9520
11.0000	0.8960
11.0000	1.1090
11.0000	1.1965
10.0000	0.8295
11.0000	1.4880
6.0000	0.1960
4.0000	0.0340
5.0000	0.0295
5.0000	0.0390
6.0000	0.0545
5.0000	0.0440
5.0000	0.4350
5.0000	0.0545
5.0000	0.0460
6.0000	0.0565
7.0000	0.1020
5.0000	0.0770
7.0000	0.0960
6.0000	0.0775
6.0000	0.0925
5.0000	0.1050
6.0000	0.1000
8.0000	0.0855
4.0000	0.0875
6.0000	0.0810
7.0000	0.0825
7.0000	0.0945
7.0000	0.0890
6.0000	0.1095
5.0000	0.0960
7.0000	0.1180
6.0000	0.0930
6.0000	0.1100
8.0000	0.0825
7.0000	0.0945
6.0000	0.1100
8.0000	0.0865
9.0000	0.1110
8.0000	0.0970
7.0000	0.1520
5.0000	0.1025
7.0000	0.1665
8.0000	0.1135
8.0000	0.1150
5.0000	0.1445
5.0000	0.1205
6.0000	0.1265
7.0000	0.1570
6.0000	0.1680
7.0000	0.1730
7.0000	0.1260
7.0000	0.1385
8.0000	0.2065
8.0000	0.1750
7.0000	0.1615
9.0000	0.2115
9.0000	0.2080
8.0000	0.1640
8.0000	0.1840
8.0000	0.3580
7.0000	0.2225
9.0000	0.1575
8.0000	0.2060
11.0000	0.1425
8.0000	0.1750
8.0000	0.2055
8.0000	0.1670
8.0000	0.2535
8.0000	0.1785
8.0000	0.2110
9.0000	0.2440
8.0000	0.2065
8.0000	0.2205
8.0000	0.2140
7.0000	0.2185
8.0000	0.2240
9.0000	0.2945
9.0000	0.3020
9.0000	0.2390
9.0000	0.2585
7.0000	0.2590
9.0000	0.2925
8.0000	0.3015
7.0000	0.2595
8.0000	0.2480
7.0000	0.3265
13.0000	0.3370
9.0000	0.3200
10.0000	0.2330
9.0000	0.3005
9.0000	0.3690
9.0000	0.4280
9.0000	0.3905
10.0000	0.4725
9.0000	0.2525
9.0000	0.4190
9.0000	0.2895
8.0000	0.3595
9.0000	0.3350
9.0000	0.3475
10.0000	0.4315
9.0000	0.3205
8.0000	0.3720
9.0000	0.3535
10.0000	0.3020
8.0000	0.2700
11.0000	0.3745
9.0000	0.2965
9.0000	0.4130
10.0000	0.3285
9.0000	0.3325
9.0000	0.4070
10.0000	0.3135
9.0000	0.3410
9.0000	0.3485
9.0000	0.3715
9.0000	0.3095
10.0000	0.5565
9.0000	0.5470
11.0000	0.4140
8.0000	0.4215
8.0000	0.3635
11.0000	0.3520
10.0000	0.2825
8.0000	0.3815
9.0000	0.3970
10.0000	0.3820
10.0000	0.3470
9.0000	0.3830
10.0000	0.4610
9.0000	0.5110
10.0000	0.4415
10.0000	0.6715
10.0000	0.4050
8.0000	0.4000
9.0000	0.4555
10.0000	0.5220
10.0000	0.4800
10.0000	0.5825
10.0000	0.8000
10.0000	0.5315
8.0000	0.3360
9.0000	0.3280
9.0000	0.5985
10.0000	0.3880
10.0000	0.4115
12.0000	0.4645
10.0000	0.5080
11.0000	0.4510
10.0000	0.5650
11.0000	0.4755
10.0000	0.4190
11.0000	0.4455
11.0000	0.6315
10.0000	0.4190
11.0000	0.4320
9.0000	0.4630
12.0000	0.5405
10.0000	0.4070
12.0000	0.6345
10.0000	0.4350
9.0000	0.4495
10.0000	0.4565
10.0000	0.4940
10.0000	0.4475
10.0000	0.4465
10.0000	0.4845
12.0000	0.4905
10.0000	0.4795
9.0000	0.4460
10.0000	0.4840
10.0000	0.5715
12.0000	0.5765
10.0000	0.5960
10.0000	0.4630
9.0000	0.4955
11.0000	0.5475
9.0000	0.5715
12.0000	0.5865
9.0000	0.5945
11.0000	0.6025
12.0000	0.5065
10.0000	0.5165
12.0000	0.4970
10.0000	0.5340
9.0000	0.7050
9.0000	0.7070
10.0000	0.5205
10.0000	0.4050
15.0000	0.6440
10.0000	0.4865
11.0000	0.5560
10.0000	0.6165
11.0000	0.7455
11.0000	0.4785
11.0000	0.7700
11.0000	0.6865
9.0000	0.7155
10.0000	0.7245
10.0000	0.5640
13.0000	0.7305
10.0000	0.6000
10.0000	0.6395
10.0000	0.7240
10.0000	0.6150
10.0000	0.6345
11.0000	0.6300
10.0000	0.4375
13.0000	0.8760
9.0000	0.8145
11.0000	0.7465
12.0000	0.6725
10.0000	1.1075
11.0000	1.0465
12.0000	0.9600
11.0000	0.7430
13.0000	0.9130
12.0000	0.9515
11.0000	0.6970
11.0000	0.6785
12.0000	0.9490
9.0000	1.1565
14.0000	1.2320
14.0000	0.8905
3.0000	0.0055
4.0000	0.0190
7.0000	0.1050
5.0000	0.0785
6.0000	0.1325
7.0000	0.1870
5.0000	0.1225
5.0000	0.1430
6.0000	0.1880
7.0000	0.1185
8.0000	0.1785
7.0000	0.1120
6.0000	0.1455
5.0000	0.1410
9.0000	0.2015
6.0000	0.2015
6.0000	0.2385
5.0000	0.1640
8.0000	0.2435
9.0000	0.2130
6.0000	0.2165
7.0000	0.2740
8.0000	0.1975
9.0000	0.2290
6.0000	0.1900
6.0000	0.1260
8.0000	0.3470
7.0000	0.2175
7.0000	0.2810
7.0000	0.2795
6.0000	0.2075
8.0000	0.2945
6.0000	0.2485
7.0000	0.2655
9.0000	0.2390
9.0000	0.3610
8.0000	0.2695
8.0000	0.4970
7.0000	0.2500
8.0000	0.2540
8.0000	0.3685
9.0000	0.3460
8.0000	0.3980
9.0000	0.3565
8.0000	0.3750
9.0000	0.3430
8.0000	0.4530
9.0000	0.4755
8.0000	0.5040
9.0000	0.5950
8.0000	0.4005
9.0000	0.6500
9.0000	0.4750
8.0000	0.4095
8.0000	0.3870
9.0000	0.6130
8.0000	0.4530
9.0000	0.4520
8.0000	0.4365
9.0000	0.6405
11.0000	0.4535
9.0000	0.4170
9.0000	0.6000
11.0000	0.5125
8.0000	0.3530
10.0000	0.4620
8.0000	0.4770
9.0000	0.4815
10.0000	0.6910
11.0000	0.4510
9.0000	0.5200
10.0000	0.4670
9.0000	0.4810
11.0000	0.6605
10.0000	0.6805
10.0000	0.5050
8.0000	0.5440
9.0000	0.6635
10.0000	0.7035
11.0000	0.6405
11.0000	0.5500
10.0000	0.5900
10.0000	0.6770
9.0000	0.7020
8.0000	0.4750
11.0000	0.6950
11.0000	0.8885
10.0000	0.5890
10.0000	0.5945
11.0000	0.8330
10.0000	0.6510
10.0000	0.6160
12.0000	0.7665
11.0000	0.8415
12.0000	0.9165
11.0000	0.7535
11.0000	0.7300
10.0000	0.7970
12.0000	1.0170
13.0000	1.3510
10.0000	0.9115
11.0000	0.9420
5.0000	0.0190
5.0000	0.0415
6.0000	0.0470
6.0000	0.0500
6.0000	0.0630
5.0000	0.0790
5.0000	0.0900
6.0000	0.0790
7.0000	0.0715
8.0000	0.0730
7.0000	0.0985
7.0000	0.0830
7.0000	0.0935
6.0000	0.0970
7.0000	0.0935
7.0000	0.0895
6.0000	0.1080
8.0000	0.1000
7.0000	0.1190
8.0000	0.1525
7.0000	0.1065
7.0000	0.1275
7.0000	0.0950
8.0000	0.1290
8.0000	0.1410
7.0000	0.1390
8.0000	0.1350
7.0000	0.1310
7.0000	0.1290
6.0000	0.1595
8.0000	0.1385
7.0000	0.1810
10.0000	0.2085
7.0000	0.1760
7.0000	0.2015
9.0000	0.1880
8.0000	0.1825
8.0000	0.2100
8.0000	0.2825
7.0000	0.1965
8.0000	0.2050
9.0000	0.1790
8.0000	0.2510
8.0000	0.2210
7.0000	0.2935
8.0000	0.2040
8.0000	0.3035
8.0000	0.2075
8.0000	0.2505
8.0000	0.2610
8.0000	0.2455
9.0000	0.2375
7.0000	0.2810
6.0000	0.3005
9.0000	0.1815
10.0000	0.2130
8.0000	0.3200
8.0000	0.2380
9.0000	0.2965
7.0000	0.2355
8.0000	0.3525
9.0000	0.3115
8.0000	0.2610
7.0000	0.3050
9.0000	0.2820
7.0000	0.2555
10.0000	0.2450
9.0000	0.1935
11.0000	0.3745
7.0000	0.2835
9.0000	0.3725
9.0000	0.3200
9.0000	0.3935
10.0000	0.4190
9.0000	0.2505
10.0000	0.2955
8.0000	0.3475
9.0000	0.3285
8.0000	0.2375
8.0000	0.3580
10.0000	0.3270
9.0000	0.2690
12.0000	0.3995
8.0000	0.3730
8.0000	0.3390
9.0000	0.2220
8.0000	0.3945
11.0000	0.3845
10.0000	0.3685
8.0000	0.3490
10.0000	0.3265
9.0000	0.3100
9.0000	0.4350
9.0000	0.3595
10.0000	0.4245
8.0000	0.3345
9.0000	0.3385
9.0000	0.4000
10.0000	0.3540
9.0000	0.3705
12.0000	0.3060
8.0000	0.3765
10.0000	0.3640
10.0000	0.5090
9.0000	0.3275
10.0000	0.3745
8.0000	0.4170
9.0000	0.3475
10.0000	0.3615
8.0000	0.4605
9.0000	0.4005
13.0000	0.4830
8.0000	0.4280
10.0000	0.4690
10.0000	0.3650
9.0000	0.3030
10.0000	0.4305
10.0000	0.5590
10.0000	0.4280
11.0000	0.4190
8.0000	0.4175
10.0000	0.3965
10.0000	0.4630
8.0000	0.3770
8.0000	0.4270
9.0000	0.5750
9.0000	0.4135
8.0000	0.3800
10.0000	0.4495
9.0000	0.5040
10.0000	0.5625
9.0000	0.4680
8.0000	0.3835
9.0000	0.3790
8.0000	0.4735
9.0000	0.3930
11.0000	0.7285
10.0000	0.4565
10.0000	0.4835
12.0000	0.6025
9.0000	0.4490
10.0000	0.3835
9.0000	0.4360
9.0000	0.5225
7.0000	0.5735
10.0000	0.4730
9.0000	0.6035
12.0000	0.4935
12.0000	0.6685
13.0000	0.5350
11.0000	0.4995
11.0000	0.4460
12.0000	0.5820
9.0000	0.3595
10.0000	0.3580
12.0000	0.6285
9.0000	0.4640
11.0000	0.4895
10.0000	0.5005
9.0000	0.4645
12.0000	0.6430
10.0000	0.6765
9.0000	0.4380
9.0000	0.4615
8.0000	0.5140
11.0000	0.5255
10.0000	0.6565
11.0000	0.6050
13.0000	0.7150
12.0000	0.6110
10.0000	0.5805
9.0000	0.5385
10.0000	0.5215
10.0000	0.5475
11.0000	0.7630
10.0000	0.5190
12.0000	0.5645
14.0000	0.7410
9.0000	0.6050
10.0000	0.5885
9.0000	0.6665
9.0000	0.5815
10.0000	0.5540
10.0000	0.5730
9.0000	0.5695
12.0000	0.6925
9.0000	0.6150
11.0000	0.5900
11.0000	0.6650
9.0000	0.6385
10.0000	0.5860
9.0000	0.4795
12.0000	0.5935
11.0000	0.6880
9.0000	0.6670
12.0000	0.7110
10.0000	0.6505
14.0000	0.7685
11.0000	0.6635
11.0000	0.6145
11.0000	0.6310
12.0000	0.6060
9.0000	0.6075
12.0000	0.6255
11.0000	0.7110
13.0000	0.5235
10.0000	0.8580
11.0000	0.7400
13.0000	0.5720
10.0000	0.6045
10.0000	0.5920
11.0000	0.7140
11.0000	0.7185
11.0000	0.7775
12.0000	0.6870
10.0000	0.8445
15.0000	0.6805
11.0000	0.6435
11.0000	0.9895
12.0000	0.9925
10.0000	0.8020
11.0000	0.9215
10.0000	0.9190
13.0000	1.1455
7.0000	0.6310
14.0000	1.0300
11.0000	0.7990
11.0000	0.7275
12.0000	0.9655
11.0000	0.7735
12.0000	1.0830
12.0000	1.1155
12.0000	1.3485
5.0000	0.0960
6.0000	0.1660
7.0000	0.2720
7.0000	0.3035
8.0000	0.2590
7.0000	0.1990
6.0000	0.2290
8.0000	0.4005
8.0000	0.2070
10.0000	0.3620
7.0000	0.2950
8.0000	0.1950
9.0000	0.4190
9.0000	0.3085
8.0000	0.3485
9.0000	0.4940
9.0000	0.4185
8.0000	0.4720
10.0000	0.4380
7.0000	0.3030
8.0000	0.3495
8.0000	0.3765
8.0000	0.4955
8.0000	0.4235
10.0000	0.5670
9.0000	0.5425
10.0000	0.5430
10.0000	0.6325
9.0000	0.4805
10.0000	0.5075
10.0000	0.4030
10.0000	0.6535
10.0000	0.3945
8.0000	0.3975
11.0000	0.6195
9.0000	0.4975
9.0000	0.5575
10.0000	0.5750
11.0000	0.5195
10.0000	0.5045
10.0000	0.5110
9.0000	0.5815
11.0000	0.5275
11.0000	0.4450
10.0000	0.5330
8.0000	0.4895
9.0000	0.6720
11.0000	0.7770
10.0000	0.5715
9.0000	0.7130
10.0000	0.6325
11.0000	0.5595
10.0000	0.6775
9.0000	0.7175
10.0000	0.8050
11.0000	0.7625
13.0000	0.6075
9.0000	1.0715
11.0000	0.6910
11.0000	0.9285
5.0000	0.0105
4.0000	0.0235
7.0000	0.0565
6.0000	0.0815
7.0000	0.0900
6.0000	0.0815
7.0000	0.0980
6.0000	0.0950
8.0000	0.1185
6.0000	0.1030
7.0000	0.1140
7.0000	0.1405
6.0000	0.1245
6.0000	0.1140
8.0000	0.1125
11.0000	0.1675
8.0000	0.1395
7.0000	0.1350
7.0000	0.1515
8.0000	0.1560
7.0000	0.1300
8.0000	0.1525
7.0000	0.1635
8.0000	0.1960
9.0000	0.2030
7.0000	0.2505
8.0000	0.2465
9.0000	0.1885
8.0000	0.2065
8.0000	0.2050
8.0000	0.1810
9.0000	0.2800
11.0000	0.2245
8.0000	0.3340
10.0000	0.3470
10.0000	0.2850
10.0000	0.2555
8.0000	0.2530
8.0000	0.2165
9.0000	0.3080
9.0000	0.2445
7.0000	0.3285
10.0000	0.2555
9.0000	0.2805
8.0000	0.3045
9.0000	0.2480
8.0000	0.2980
9.0000	0.3210
9.0000	0.2470
9.0000	0.2715
9.0000	0.5300
9.0000	0.3675
9.0000	0.2705
8.0000	0.2525
10.0000	0.3050
9.0000	0.2615
10.0000	0.2950
6.0000	0.3375
8.0000	0.3410
8.0000	0.2345
7.0000	0.3320
9.0000	0.3040
9.0000	0.3820
9.0000	0.3455
11.0000	0.3135
7.0000	0.3020
11.0000	0.4210
9.0000	0.3975
9.0000	0.4150
10.0000	0.3755
11.0000	0.4540
11.0000	0.3585
9.0000	0.3805
13.0000	0.4275
9.0000	0.3820
9.0000	0.3180
9.0000	0.4950
10.0000	0.4320
11.0000	0.4685
10.0000	0.3795
9.0000	0.4735
10.0000	0.4500
11.0000	0.3375
9.0000	0.3485
9.0000	0.3665
9.0000	0.4035
10.0000	0.3700
10.0000	0.5180
10.0000	0.3525
9.0000	0.3365
10.0000	0.4315
11.0000	0.4655
11.0000	0.4560
10.0000	0.3860
11.0000	0.4660
10.0000	0.4820
9.0000	0.3340
10.0000	0.4790
8.0000	0.4375
10.0000	0.4780
8.0000	0.4255
11.0000	0.5660
11.0000	0.4435
9.0000	0.4975
12.0000	0.5815
10.0000	0.5640
11.0000	0.4400
9.0000	0.4605
11.0000	0.3720
15.0000	0.5790
9.0000	0.5870
12.0000	0.4250
11.0000	0.4870
9.0000	0.5725
10.0000	0.5200
11.0000	0.4600
11.0000	0.4845
11.0000	0.4750
9.0000	0.6300
11.0000	0.5635
11.0000	0.5065
11.0000	0.5940
12.0000	0.5435
12.0000	0.6535
10.0000	0.5055
11.0000	0.4765
10.0000	0.5080
10.0000	0.4945
10.0000	0.4880
9.0000	0.4770
11.0000	0.6735
12.0000	0.7815
11.0000	0.6525
16.0000	0.6160
10.0000	0.5495
13.0000	0.4830
10.0000	0.5310
11.0000	0.6195
10.0000	0.5855
9.0000	0.5300
10.0000	0.5925
11.0000	0.5055
10.0000	0.4625
12.0000	0.5115
12.0000	0.6715
12.0000	0.6430
11.0000	0.5560
11.0000	0.6295
12.0000	0.7165
10.0000	0.6710
10.0000	0.6615
11.0000	0.6655
13.0000	0.6645
13.0000	0.6050
12.0000	0.6565
13.0000	0.6750
10.0000	0.9290
12.0000	0.7320
11.0000	1.0815
11.0000	0.7440
11.0000	0.8300
13.0000	0.8010
4.0000	0.0125
4.0000	0.0075
5.0000	0.0170
6.0000	0.0530
7.0000	0.0360
6.0000	0.0310
5.0000	0.0480
6.0000	0.0560
6.0000	0.0375
6.0000	0.0585
7.0000	0.0875
6.0000	0.0695
7.0000	0.0725
6.0000	0.0715
9.0000	0.1425
6.0000	0.1065
7.0000	0.0905
6.0000	0.1050
7.0000	0.1090
7.0000	0.1580
7.0000	0.1280
8.0000	0.1385
7.0000	0.1865
8.0000	0.1675
7.0000	0.1590
8.0000	0.2575
7.0000	0.2125
10.0000	0.2395
10.0000	0.1670
8.0000	0.2680
9.0000	0.3315
12.0000	0.2880
10.0000	0.2100
9.0000	0.2875
9.0000	0.2880
9.0000	0.3435
9.0000	0.3250
9.0000	0.2635
11.0000	0.3560
10.0000	0.3810
9.0000	0.3420
9.0000	0.4345
10.0000	0.3875
9.0000	0.5130
10.0000	0.5165
10.0000	0.3700
12.0000	0.4295
10.0000	0.4650
14.0000	0.5255
9.0000	0.7345
5.0000	0.0400
5.0000	0.0475
5.0000	0.0720
6.0000	0.0510
8.0000	0.0720
8.0000	0.0565
8.0000	0.1305
7.0000	0.1400
7.0000	0.1730
8.0000	0.1380
7.0000	0.1650
6.0000	0.1895
9.0000	0.1620
8.0000	0.1520
8.0000	0.2075
8.0000	0.3320
8.0000	0.2435
7.0000	0.2350
7.0000	0.2665
9.0000	0.2005
7.0000	0.3165
8.0000	0.2735
8.0000	0.2500
8.0000	0.2710
9.0000	0.3610
8.0000	0.2770
7.0000	0.3135
8.0000	0.2460
8.0000	0.3550
8.0000	0.3125
10.0000	0.3265
9.0000	0.3680
9.0000	0.3945
9.0000	0.4455
11.0000	0.2925
9.0000	0.3930
8.0000	0.4180
7.0000	0.3485
11.0000	0.4145
9.0000	0.4335
10.0000	0.4920
8.0000	0.4380
8.0000	0.5575
9.0000	0.4930
9.0000	0.6030
8.0000	0.6165
10.0000	0.8180
11.0000	0.8130
12.0000	0.7300
10.0000	0.7470
10.0000	0.6835
11.0000	0.9155
12.0000	0.8565
10.0000	0.6555
17.0000	0.7350
8.0000	0.3045
10.0000	0.2995
11.0000	0.2430
7.0000	0.1140
7.0000	0.1545
11.0000	0.2730
7.0000	0.1340
8.0000	0.1885
10.0000	0.1475
10.0000	0.1025
19.0000	0.2655
9.0000	0.1240
9.0000	0.1175
11.0000	0.2175
10.0000	0.4340
14.0000	0.4160
15.0000	0.5620
27.0000	0.7535
13.0000	0.5185
5.0000	0.0760
9.0000	0.2165
8.0000	0.3265
7.0000	0.0855
4.0000	0.0050
3.0000	0.0125
6.0000	0.0675
7.0000	0.1405
8.0000	0.2705
9.0000	0.2010
7.0000	0.1365
9.0000	0.1770
11.0000	0.1920
6.0000	0.1130
7.0000	0.1470
8.0000	0.1685
10.0000	0.2395
7.0000	0.1060
12.0000	0.4375
12.0000	0.3590
9.0000	0.4620
6.0000	0.0800
10.0000	0.2945
9.0000	0.2000
8.0000	0.1430
12.0000	0.3055
9.0000	0.3610
10.0000	0.3910
16.0000	0.4050
14.0000	0.5825
10.0000	0.2220
7.0000	0.0760
9.0000	0.1685
10.0000	0.2025
9.0000	0.1575
9.0000	0.1405
11.0000	0.2015
12.0000	0.1860
8.0000	0.1305
7.0000	0.0465
10.0000	0.1805
18.0000	0.8435
8.0000	0.1335
5.0000	0.0545
10.0000	0.3680
16.0000	0.4730
12.0000	0.4915
17.0000	0.6430
14.0000	0.3025
12.0000	0.6100
19.0000	0.7320
17.0000	0.7245
11.0000	0.7850
9.0000	0.3770
5.0000	0.1395
9.0000	0.4140
6.0000	0.1150
5.0000	0.1040
6.0000	0.0660
4.0000	0.0055
7.0000	0.0550
6.0000	0.0155
5.0000	0.0115
10.0000	0.3245
13.0000	0.4805
12.0000	0.3420
20.0000	0.4140
14.0000	0.3000
15.0000	0.3580
14.0000	0.4620
21.0000	0.3580
16.0000	0.3355
13.0000	0.3170
6.0000	0.2345
6.0000	0.0640
9.0000	0.1930
9.0000	0.2950
14.0000	0.2000
12.0000	0.2220
10.0000	0.2430
11.0000	0.3215
15.0000	0.5265
14.0000	0.4190
6.0000	0.0205
13.0000	0.1355
5.0000	0.0370
11.0000	0.0905
10.0000	0.1565
6.0000	0.0265
21.0000	0.5250
13.0000	0.5195
25.0000	0.4265
19.0000	0.3445
18.0000	0.5305
7.0000	0.1750
6.0000	0.0565
5.0000	0.0515
8.0000	0.1750
16.0000	0.5115
27.0000	0.3245
18.0000	0.4865
17.0000	0.3870
13.0000	0.5065
17.0000	0.5635
8.0000	0.1650
10.0000	0.1965
7.0000	0.0765
13.0000	0.2760
14.0000	0.3285
13.0000	0.2385
8.0000	0.3395
17.0000	0.4010
13.0000	0.4505
14.0000	0.2960
9.0000	0.2970
13.0000	0.3560
7.0000	0.0815
7.0000	0.0305
12.0000	0.2670
7.0000	0.0805
13.0000	0.2735
9.0000	0.2675
9.0000	0.3575
17.0000	0.4190
14.0000	0.3305
13.0000	0.4125
15.0000	0.4220
17.0000	0.3905
8.0000	0.2250
8.0000	0.2105
12.0000	0.0680
11.0000	0.1520
7.0000	0.1735
10.0000	0.2105
11.0000	0.0935
9.0000	0.1920
10.0000	0.1200
9.0000	0.2295
6.0000	0.0830
12.0000	0.3450
11.0000	0.6540
13.0000	0.4995
14.0000	0.4125
11.0000	0.6390
14.0000	0.8005
12.0000	0.2160
8.0000	0.2505
13.0000	0.2640
8.0000	0.1660
13.0000	0.5060
10.0000	0.3155
11.0000	0.3625
17.0000	0.3120
13.0000	0.5810
14.0000	0.2745
13.0000	0.8955
14.0000	0.5735
15.0000	0.3910
13.0000	0.3465
12.0000	0.3725
18.0000	0.5110
14.0000	0.3735
15.0000	0.6535
13.0000	0.5190
15.0000	0.7510
20.0000	0.4870
14.0000	0.4030
19.0000	0.4345
9.0000	0.3725
10.0000	0.3305
9.0000	0.2260
8.0000	0.2500
10.0000	0.3125
7.0000	0.2210
9.0000	0.1605
9.0000	0.1635
9.0000	0.3235
7.0000	0.1365
6.0000	0.0680
10.0000	0.4305
6.0000	0.0800
10.0000	0.2525
9.0000	0.1545
6.0000	0.0760
12.0000	0.3335
10.0000	0.3325
13.0000	0.3220
8.0000	0.2825
7.0000	0.1670
8.0000	0.2755
10.0000	0.2770
10.0000	0.3850
9.0000	0.2505
11.0000	0.3990
11.0000	0.4220
23.0000	0.3020
12.0000	0.4850
16.0000	0.2225
11.0000	0.2000
13.0000	0.2145
13.0000	0.1430
7.0000	0.1365
8.0000	0.0545
16.0000	0.4035
14.0000	0.3910
17.0000	0.2930
13.0000	0.3415
13.0000	0.2505
12.0000	0.2510
15.0000	0.2695
10.0000	0.1145
14.0000	0.2130
12.0000	0.3275
8.0000	0.1110
17.0000	0.5775
10.0000	0.1200
11.0000	0.0925
13.0000	0.2465
15.0000	0.3345
15.0000	0.2315
9.0000	0.1515
15.0000	0.3270
9.0000	0.2815
13.0000	0.5660
23.0000	0.9330
23.0000	0.4250
18.0000	0.3885
11.0000	0.4015
17.0000	0.6275
17.0000	0.5660
11.0000	0.3550
7.0000	0.0605
6.0000	0.0280
6.0000	0.0090
21.0000	0.4720
17.0000	0.6380
13.0000	0.3130
11.0000	0.3035
16.0000	0.3760
9.0000	0.2035
12.0000	0.2765
19.0000	0.3815
18.0000	0.5480
17.0000	0.6370
11.0000	0.4825
13.0000	0.3805
13.0000	0.4515
17.0000	0.3910
20.0000	0.5350
13.0000	0.6010
11.0000	0.2985
12.0000	0.3430
18.0000	0.5005
18.0000	0.4635
15.0000	0.3920
12.0000	0.4595
19.0000	0.8665
15.0000	0.4870
16.0000	0.8045
12.0000	0.3545
8.0000	0.1625
3.0000	0.0085
12.0000	0.1450
12.0000	0.2530
12.0000	0.1555
10.0000	0.0725
8.0000	0.1540
12.0000	0.2745
12.0000	0.1405
10.0000	0.0960
5.0000	0.0110
5.0000	0.0090
11.0000	0.3225
16.0000	0.2265
11.0000	0.1650
12.0000	0.1905
14.0000	0.2595
11.0000	0.2315
10.0000	0.2495
11.0000	0.1650
16.0000	0.1585
10.0000	0.1100
10.0000	0.0850
7.0000	0.0570
14.0000	0.5500
14.0000	0.4435
14.0000	0.4040
17.0000	0.5805
14.0000	0.3795
17.0000	0.3500
13.0000	0.1630
12.0000	0.3000
16.0000	0.1590
10.0000	0.0535
15.0000	0.3090
15.0000	0.5265
10.0000	0.3515
12.0000	0.5720
15.0000	0.4805
8.0000	0.3710
10.0000	0.2635
9.0000	0.2165
7.0000	0.0525
12.0000	0.2935
9.0000	0.0940
10.0000	0.1135
18.0000	0.1135
11.0000	0.0415
18.0000	0.1945
10.0000	0.1920
13.0000	0.1000
15.0000	0.2105
12.0000	0.1905
10.0000	0.1255
6.0000	0.0440
13.0000	0.3580
14.0000	0.2715
6.0000	0.0445
10.0000	0.2890
9.0000	0.0810
11.0000	0.1775
18.0000	0.5290
11.0000	0.4255
16.0000	0.5400
16.0000	0.5485
14.0000	0.2080
23.0000	0.2515
9.0000	0.0620
16.0000	0.2580
9.0000	0.0710
13.0000	0.2025
10.0000	0.3390
9.0000	0.1860
11.0000	0.1785
9.0000	0.2125
12.0000	0.2295
14.0000	0.2875
6.0000	0.0360
7.0000	0.0745
9.0000	0.1125
10.0000	0.1860
10.0000	0.0725
9.0000	0.0975
8.0000	0.0395
5.0000	0.0385
6.0000	0.0230
5.0000	0.0280
5.0000	0.0270
4.0000	0.0125
20.0000	0.3975
14.0000	0.2025
13.0000	0.2625
8.0000	0.1440
17.0000	0.3120
11.0000	0.2760
11.0000	0.2750
9.0000	0.1420
16.0000	0.3025
8.0000	0.0930
13.0000	0.2720
11.0000	0.4740
20.0000	0.3930
14.0000	0.6745
14.0000	0.5135
14.0000	0.5170
12.0000	0.3800
18.0000	0.5915
13.0000	0.3770
8.0000	0.1525
14.0000	0.2025
13.0000	0.2070
8.0000	0.1100
12.0000	0.2745
14.0000	0.2750
14.0000	0.1955
8.0000	0.0770
13.0000	0.2100
11.0000	0.5115
14.0000	0.2460
15.0000	0.2420
7.0000	0.1630
10.0000	0.1905
11.0000	0.1670
8.0000	0.1150
9.0000	0.0960
12.0000	0.1740
15.0000	0.2150
12.0000	0.2715
15.0000	0.2015
19.0000	0.2815
12.0000	0.2190
9.0000	0.0625
5.0000	0.0440
6.0000	0.0520
6.0000	0.1180
6.0000	0.0745
7.0000	0.0590
7.0000	0.2285
6.0000	0.1405
6.0000	0.1750
8.0000	0.1745
6.0000	0.1590
8.0000	0.2100
8.0000	0.2590
8.0000	0.2500
8.0000	0.2765
10.0000	0.2505
7.0000	0.3445
8.0000	0.3700
7.0000	0.2670
9.0000	0.4625
9.0000	0.3920
11.0000	0.3870
9.0000	0.4475
11.0000	0.4800
9.0000	0.5000
9.0000	0.5685
10.0000	0.4820
9.0000	0.5885
8.0000	0.6235
9.0000	0.5870
10.0000	0.5395
10.0000	0.6675
10.0000	0.5785
12.0000	0.7225
11.0000	0.5930
12.0000	0.6555
11.0000	0.6725
15.0000	0.7330
13.0000	0.7130
13.0000	0.6940
9.0000	0.8715
14.0000	0.7500
10.0000	0.7070
10.0000	1.0685
4.0000	0.0200
4.0000	0.0240
5.0000	0.0215
4.0000	0.0345
5.0000	0.0415
5.0000	0.0660
6.0000	0.0515
6.0000	0.0650
7.0000	0.0580
7.0000	0.0625
6.0000	0.1080
6.0000	0.1150
7.0000	0.1155
6.0000	0.1575
7.0000	0.1445
7.0000	0.1750
6.0000	0.2690
6.0000	0.1850
7.0000	0.2310
6.0000	0.2235
8.0000	0.2005
7.0000	0.1945
6.0000	0.2025
7.0000	0.1980
6.0000	0.1895
7.0000	0.2300
9.0000	0.2310
7.0000	0.3110
8.0000	0.2010
8.0000	0.2430
7.0000	0.2740
7.0000	0.2180
7.0000	0.2390
9.0000	0.2850
7.0000	0.3940
8.0000	0.4035
6.0000	0.4100
6.0000	0.3095
8.0000	0.4055
9.0000	0.3300
8.0000	0.5475
7.0000	0.4400
9.0000	0.5040
8.0000	0.3905
7.0000	0.4290
8.0000	0.4100
8.0000	0.4050
7.0000	0.4695
9.0000	0.5420
9.0000	0.4910
11.0000	0.4120
8.0000	0.3985
8.0000	0.6025
9.0000	0.5335
8.0000	0.5640
10.0000	0.5005
10.0000	0.6000
8.0000	0.5085
9.0000	0.5415
10.0000	0.5450
9.0000	0.6865
10.0000	0.6710
9.0000	0.4770
8.0000	0.4485
11.0000	0.6590
9.0000	0.5455
8.0000	0.6040
11.0000	0.6170
11.0000	0.5560
9.0000	0.5355
12.0000	0.6735
9.0000	0.7410
9.0000	0.8115
13.0000	0.7855
8.0000	0.7725
10.0000	0.7670
12.0000	0.6960
13.0000	0.7295
10.0000	0.9915
12.0000	1.1280
10.0000	1.0515
4.0000	0.0215
5.0000	0.4950
5.0000	0.0415
6.0000	0.0745
6.0000	0.0955
6.0000	0.0925
8.0000	0.1765
6.0000	0.1315
7.0000	0.1625
7.0000	0.1635
7.0000	0.2090
7.0000	0.1730
7.0000	0.1525
6.0000	0.2645
7.0000	0.2085
7.0000	0.2025
7.0000	0.2330
8.0000	0.2660
8.0000	0.2790
8.0000	0.2935
7.0000	0.2330
8.0000	0.2940
9.0000	0.2730
7.0000	0.3770
8.0000	0.2465
8.0000	0.3095
9.0000	0.2650
9.0000	0.2985
9.0000	0.4355
7.0000	0.3745
7.0000	0.4030
9.0000	0.3680
8.0000	0.2940
8.0000	0.4340
8.0000	0.2835
9.0000	0.3495
9.0000	0.4015
9.0000	0.5460
9.0000	0.3875
8.0000	0.4235
8.0000	0.4100
7.0000	0.4670
8.0000	0.3085
8.0000	0.4130
9.0000	0.4960
8.0000	0.4450
8.0000	0.5415
9.0000	0.4915
9.0000	0.4215
10.0000	1.0050
10.0000	0.4505
9.0000	0.5430
7.0000	0.7070
9.0000	0.5885
10.0000	0.4635
9.0000	0.5050
10.0000	0.4965
11.0000	0.7105
9.0000	0.4840
10.0000	0.4645
11.0000	0.6325
10.0000	0.6575
8.0000	0.5370
9.0000	0.5060
9.0000	0.6055
9.0000	0.5775
9.0000	0.5235
9.0000	0.6150
10.0000	0.6095
9.0000	0.7215
9.0000	0.5450
10.0000	0.6940
9.0000	0.5985
11.0000	0.5760
13.0000	0.9260
13.0000	0.7105
11.0000	0.7240
11.0000	0.7635
10.0000	0.8745
13.0000	0.6930
11.0000	0.8300
9.0000	0.8735
11.0000	0.9095
12.0000	0.8915
11.0000	1.0615
3.0000	0.0125
4.0000	0.0135
4.0000	0.0275
5.0000	0.0425
6.0000	0.0675
6.0000	0.1005
6.0000	0.0750
7.0000	0.0780
5.0000	0.0740
7.0000	0.0960
8.0000	0.1400
7.0000	0.0950
7.0000	0.1705
8.0000	0.1215
8.0000	0.1490
7.0000	0.1760
7.0000	0.0965
8.0000	0.4160
7.0000	0.1145
6.0000	0.1380
8.0000	0.1240
8.0000	0.1325
7.0000	0.1690
8.0000	0.1295
8.0000	0.1855
7.0000	0.1590
9.0000	0.1820
8.0000	0.2235
7.0000	0.1615
8.0000	0.2610
8.0000	0.2520
8.0000	0.1870
7.0000	0.2790
11.0000	0.2535
8.0000	0.2215
8.0000	0.1895
10.0000	0.2520
9.0000	0.2450
9.0000	0.2645
8.0000	0.3985
9.0000	0.2015
7.0000	0.3065
8.0000	0.2415
8.0000	0.2355
10.0000	0.3290
8.0000	0.3450
9.0000	0.3045
10.0000	0.3285
8.0000	0.3660
10.0000	0.3025
10.0000	0.4325
9.0000	0.4950
10.0000	0.2570
9.0000	0.4810
11.0000	0.2620
8.0000	0.5510
10.0000	0.4020
11.0000	0.3290
11.0000	0.3320
10.0000	0.5265
9.0000	0.4115
10.0000	0.5405
11.0000	0.4700
9.0000	0.3645
10.0000	0.3390
10.0000	0.4025
9.0000	0.2895
8.0000	0.4110
9.0000	0.4545
10.0000	0.4625
10.0000	0.4925
8.0000	0.4570
11.0000	0.5055
9.0000	0.4325
9.0000	0.6095
10.0000	0.6895
11.0000	0.3890
10.0000	0.4935
9.0000	0.6005
10.0000	0.5325
10.0000	0.5445
10.0000	0.5175
12.0000	0.5550
10.0000	0.4520
12.0000	0.5390
10.0000	0.4935
11.0000	0.5565
10.0000	0.5195
10.0000	0.5395
11.0000	0.4900
10.0000	0.5150
9.0000	0.6185
12.0000	0.6485
9.0000	0.6255
11.0000	0.6525
9.0000	0.8365
13.0000	0.7885
9.0000	0.8265
11.0000	0.7060
10.0000	1.1055
9.0000	1.2530
5.0000	0.0205
4.0000	0.0285
4.0000	0.0380
7.0000	0.0980
6.0000	0.0720
7.0000	0.0945
8.0000	0.1200
5.0000	0.0850
6.0000	0.1190
7.0000	0.1170
7.0000	0.1575
7.0000	0.2130
7.0000	0.2365
8.0000	0.3075
9.0000	0.3090
8.0000	0.2235
9.0000	0.4515
7.0000	0.4240
9.0000	0.4325
7.0000	0.4020
9.0000	0.3800
9.0000	0.3875
8.0000	0.3695
8.0000	0.4160
9.0000	0.4900
8.0000	0.4840
9.0000	0.6245
10.0000	0.4650
9.0000	0.4535
9.0000	0.4255
9.0000	0.5105
10.0000	0.5390
10.0000	0.5900
10.0000	0.5350
10.0000	0.6560
8.0000	0.5785
9.0000	0.5910
10.0000	0.5750
10.0000	0.6230
12.0000	0.5260
9.0000	0.4935
8.0000	0.5015
11.0000	0.8875
11.0000	0.5240
11.0000	0.8485
11.0000	0.8310
11.0000	0.7680
11.0000	0.8465
10.0000	0.6370
12.0000	0.7230
10.0000	1.1705
11.0000	1.1495
6.0000	0.0505
4.0000	0.0510
5.0000	0.0880
6.0000	0.0750
7.0000	0.0875
5.0000	0.0805
7.0000	0.0700
7.0000	0.0855
8.0000	0.1510
6.0000	0.1000
8.0000	0.1500
7.0000	0.1090
7.0000	0.1555
9.0000	0.1610
8.0000	0.1650
8.0000	0.2640
8.0000	0.2110
8.0000	0.2855
9.0000	0.2115
8.0000	0.2490
9.0000	0.2450
8.0000	0.2255
8.0000	0.2500
9.0000	0.2310
8.0000	0.2390
8.0000	0.2935
8.0000	0.4560
8.0000	0.2920
10.0000	0.3520
8.0000	0.4170
11.0000	0.3675
10.0000	0.2755
8.0000	0.3580
10.0000	0.3525
8.0000	0.3400
8.0000	0.2695
9.0000	0.3470
8.0000	0.3355
9.0000	0.3540
8.0000	0.4550
9.0000	0.4950
8.0000	0.4980
8.0000	0.3710
10.0000	0.5205
9.0000	0.4615
9.0000	0.3930
11.0000	0.4315
11.0000	0.3630
9.0000	0.3795
9.0000	0.4850
9.0000	0.3340
10.0000	0.4675
10.0000	0.4920
10.0000	0.5700
9.0000	0.4450
10.0000	0.4575
10.0000	0.6170
9.0000	0.4375
11.0000	0.4650
13.0000	0.4365
9.0000	0.4570
10.0000	0.4250
11.0000	0.5070
12.0000	0.4690
11.0000	0.5160
11.0000	0.5865
11.0000	0.5590
9.0000	0.5450
10.0000	0.3820
10.0000	0.5415
9.0000	0.4550
10.0000	0.5935
11.0000	0.5310
10.0000	0.6670
11.0000	0.5725
10.0000	0.4370
10.0000	0.4560
10.0000	0.5505
9.0000	0.6180
10.0000	0.5480
7.0000	0.4915
11.0000	0.6340
11.0000	0.6000
10.0000	0.4785
8.0000	0.5930
11.0000	0.5385
11.0000	0.5900
11.0000	0.6250
12.0000	0.5935
11.0000	0.5260
12.0000	0.6115
15.0000	0.6930
12.0000	0.7530
11.0000	0.6215
12.0000	0.7255
13.0000	0.4975
10.0000	0.7765
10.0000	0.6750
9.0000	0.5355
12.0000	0.5755
9.0000	0.7150
9.0000	0.6595
10.0000	0.7390
11.0000	0.6180
12.0000	0.6570
10.0000	0.6670
13.0000	0.9815
11.0000	0.9380
13.0000	0.9955
12.0000	0.9090
12.0000	0.9540
6.0000	0.1400
8.0000	0.2120
6.0000	0.2540
8.0000	0.4235
8.0000	0.4650
7.0000	0.3060
8.0000	0.3910
9.0000	0.5080
8.0000	0.4065
10.0000	0.6180
8.0000	0.3680
13.0000	0.5480
10.0000	0.6115
9.0000	0.4625
9.0000	0.5090
9.0000	0.4775
8.0000	0.5305
8.0000	0.4525
11.0000	0.6530
9.0000	0.4090
9.0000	0.5970
10.0000	0.5475
9.0000	0.5265
9.0000	0.5320
11.0000	0.6340
9.0000	0.4560
11.0000	0.6780
10.0000	0.5920
10.0000	0.6205
11.0000	0.6605
13.0000	0.8345
11.0000	0.7500
14.0000	1.2395
12.0000	0.8210
4.0000	0.0305
6.0000	0.0900
8.0000	0.1060
7.0000	0.1105
8.0000	0.0845
6.0000	0.1155
6.0000	0.1150
7.0000	0.1560
8.0000	0.1360
9.0000	0.1755
8.0000	0.1400
8.0000	0.1710
9.0000	0.1380
8.0000	0.1485
8.0000	0.2265
9.0000	0.1820
7.0000	0.1770
8.0000	0.2410
8.0000	0.2260
7.0000	0.2370
11.0000	0.2775
11.0000	0.3155
8.0000	0.3015
9.0000	0.2730
8.0000	0.3125
10.0000	0.2930
10.0000	0.3015
11.0000	0.3045
9.0000	0.3885
9.0000	0.3305
10.0000	0.4005
10.0000	0.3850
9.0000	0.4505
8.0000	0.2895
10.0000	0.3250
9.0000	0.4500
10.0000	0.4250
11.0000	0.4925
9.0000	0.4525
8.0000	0.4530
9.0000	0.3260
12.0000	0.3820
9.0000	0.4095
9.0000	0.4005
11.0000	0.3425
12.0000	0.3695
11.0000	0.4690
11.0000	0.4220
13.0000	0.4915
11.0000	0.3710
11.0000	0.4875
11.0000	0.4920
10.0000	0.4950
11.0000	0.5770
9.0000	0.4775
9.0000	0.4405
11.0000	0.5525
9.0000	0.5590
11.0000	0.6950
12.0000	0.6345
11.0000	0.6955
9.0000	0.5455
11.0000	0.5870
10.0000	0.7765
10.0000	0.5325
11.0000	0.5570
11.0000	0.6150
11.0000	0.5800
10.0000	0.6860
11.0000	0.6670
11.0000	0.6470
13.0000	0.5660
14.0000	0.5415
11.0000	1.0135
4.0000	0.0190
5.0000	0.0260
6.0000	0.0390
7.0000	0.3045
7.0000	0.1390
8.0000	0.1235
8.0000	0.2000
10.0000	0.2070
10.0000	0.1970
11.0000	0.2440
11.0000	0.3020
9.0000	0.2655
9.0000	0.3355
9.0000	0.2490
11.0000	0.3685
8.0000	0.2635
9.0000	0.4355
10.0000	0.4460
11.0000	0.4300
8.0000	0.5145
11.0000	0.5985
10.0000	0.6065
5.0000	0.0530
5.0000	0.0590
5.0000	0.1505
7.0000	0.0975
7.0000	0.0880
8.0000	0.1265
8.0000	0.1605
7.0000	0.1215
7.0000	0.1815
7.0000	0.1725
6.0000	0.2965
10.0000	0.4360
8.0000	0.1635
8.0000	0.3295
10.0000	0.3180
9.0000	0.3115
7.0000	0.4895
8.0000	0.4400
9.0000	0.3540
10.0000	0.3620
10.0000	0.5810
11.0000	0.4350
9.0000	0.5105
10.0000	0.5360
10.0000	0.4625
11.0000	0.5260
11.0000	0.7400
10.0000	0.7385
9.0000	0.2215
8.0000	0.2165
9.0000	0.1885
11.0000	0.3120
10.0000	0.1880
10.0000	0.2590
11.0000	0.0780
20.0000	0.2885
5.0000	0.0145
5.0000	0.0265
4.0000	0.0210
9.0000	0.6075
13.0000	0.3360
14.0000	0.4315
13.0000	0.5345
12.0000	0.6755
24.0000	0.6675
10.0000	0.5835
21.0000	0.5950
11.0000	0.2320
9.0000	0.1755
7.0000	0.2375
9.0000	0.2900
10.0000	0.2790
9.0000	0.1575
9.0000	0.3415
6.0000	0.0970
7.0000	0.0565
6.0000	0.0760
15.0000	0.4445
9.0000	0.3300
13.0000	0.4365
9.0000	0.2900
18.0000	0.6270
15.0000	0.5030
15.0000	0.3925
10.0000	0.3595
14.0000	0.3245
13.0000	0.3160
11.0000	0.2390
6.0000	0.0995
9.0000	0.1470
11.0000	0.2290
12.0000	0.2290
15.0000	0.2910
8.0000	0.1060
8.0000	0.0450
7.0000	0.1165
11.0000	0.2245
10.0000	0.4335
11.0000	0.4040
13.0000	0.6995
11.0000	0.3645
6.0000	0.2370
8.0000	0.2820
16.0000	0.8835
7.0000	0.4120
5.0000	0.0110
13.0000	0.5665
14.0000	0.3105
20.0000	0.3540
12.0000	0.4260
18.0000	0.2585
5.0000	0.0605
7.0000	0.0560
11.0000	0.1865
9.0000	0.2395
10.0000	0.2710
6.0000	0.1115
17.0000	0.5095
17.0000	0.5010
15.0000	0.4560
9.0000	0.0795
8.0000	0.0370
15.0000	0.2105
9.0000	0.0570
14.0000	0.1375
12.0000	0.3785
10.0000	0.4535
14.0000	0.3745
13.0000	0.3300
14.0000	0.4520
11.0000	0.5310
16.0000	0.4125
10.0000	0.1490
14.0000	0.4435
16.0000	0.4830
11.0000	0.2160
9.0000	0.1090
18.0000	0.2985
8.0000	0.2580
16.0000	0.4400
9.0000	0.1425
10.0000	0.1645
13.0000	0.2310
9.0000	0.1575
12.0000	0.4835
11.0000	0.3870
12.0000	0.1580
13.0000	0.2405
12.0000	0.5215
13.0000	0.4525
14.0000	0.5960
8.0000	0.0865
18.0000	0.4280
14.0000	0.6375
15.0000	0.6935
15.0000	0.3770
14.0000	0.6265
15.0000	0.5825
14.0000	0.3960
19.0000	0.7785
13.0000	0.6940
13.0000	0.3420
15.0000	0.4640
11.0000	0.4020
6.0000	0.0725
9.0000	0.1970
8.0000	0.2330
12.0000	0.3000
6.0000	0.1705
7.0000	0.1940
5.0000	0.0605
12.0000	0.3750
9.0000	0.3185
7.0000	0.2155
18.0000	0.6145
13.0000	0.3345
12.0000	0.5800
14.0000	0.5035
17.0000	0.3980
12.0000	0.5405
14.0000	0.2000
11.0000	0.3005
10.0000	0.2105
11.0000	0.1415
12.0000	0.4020
13.0000	0.3195
17.0000	0.2970
11.0000	0.1690
13.0000	0.1920
18.0000	0.2650
12.0000	0.2150
12.0000	0.2000
15.0000	0.2130
12.0000	0.2600
18.0000	0.4930
24.0000	0.5330
11.0000	0.3170
13.0000	0.4140
11.0000	0.3710
11.0000	0.3480
13.0000	0.6965
14.0000	0.4985
12.0000	0.3050
15.0000	0.4695
15.0000	0.2750
12.0000	0.2620
9.0000	0.2845
11.0000	0.2615
13.0000	0.5525
14.0000	0.4905
14.0000	0.3345
14.0000	0.4370
17.0000	0.5240
13.0000	0.4770
16.0000	0.4325
16.0000	0.4445
11.0000	0.6525
15.0000	0.6465
12.0000	0.3020
16.0000	0.3235
16.0000	0.3830
10.0000	0.0970
9.0000	0.1805
5.0000	0.0370
9.0000	0.2100
13.0000	0.4830
12.0000	0.1915
17.0000	0.2430
11.0000	0.1380
11.0000	0.1840
9.0000	0.0745
16.0000	0.1710
7.0000	0.0340
4.0000	0.0095
19.0000	0.4715
16.0000	0.3020
11.0000	0.1980
15.0000	0.2475
12.0000	0.1435
12.0000	0.1165
10.0000	0.0615
12.0000	0.2985
16.0000	0.6255
13.0000	0.3775
10.0000	0.2905
10.0000	0.1460
11.0000	0.3120
13.0000	0.1735
12.0000	0.1910
8.0000	0.0955
12.0000	0.1465
11.0000	0.1850
15.0000	0.6025
16.0000	0.5415
12.0000	0.3465
17.0000	0.4285
12.0000	0.2150
14.0000	0.1315
13.0000	0.1660
13.0000	0.1750
12.0000	0.2320
14.0000	0.1615
11.0000	0.1215
13.0000	0.3265
10.0000	0.1665
11.0000	0.1365
13.0000	0.2240
15.0000	0.3535
8.0000	0.1710
10.0000	0.2060
10.0000	0.1685
6.0000	0.1385
8.0000	0.1050
5.0000	0.0415
20.0000	0.3935
19.0000	0.4005
9.0000	0.1210
9.0000	0.1240
10.0000	0.3070
11.0000	0.0655
11.0000	0.1340
5.0000	0.0350
17.0000	0.3685
13.0000	0.4215
17.0000	0.4100
12.0000	0.1690
10.0000	0.0615
16.0000	0.1700
19.0000	0.3225
10.0000	0.2370
10.0000	0.2085
6.0000	0.0480
5.0000	0.0280
8.0000	0.0615
8.0000	0.0380
5.0000	0.0090
19.0000	0.3245
15.0000	0.2605
14.0000	0.3055
7.0000	0.0585
13.0000	0.1940
13.0000	0.3410
18.0000	0.3035
13.0000	0.7340
16.0000	0.3770
10.0000	0.5035
13.0000	0.3530
19.0000	0.5835
10.0000	0.3680
13.0000	0.4120
13.0000	0.3570
18.0000	0.5495
12.0000	0.1955
9.0000	0.0855
8.0000	0.1900
10.0000	0.2800
18.0000	0.2145
13.0000	0.1685
9.0000	0.0660
8.0000	0.0815
7.0000	0.0785
8.0000	0.0820
6.0000	0.0810
7.0000	0.1470
7.0000	0.1310
6.0000	0.1670
7.0000	0.1920
8.0000	0.2500
9.0000	0.3325
7.0000	0.2490
9.0000	0.4320
7.0000	0.4720
9.0000	0.4910
8.0000	0.4945
8.0000	0.5390
10.0000	0.4440
11.0000	0.5195
9.0000	0.4970
11.0000	0.5360
10.0000	0.5670
10.0000	0.6565
13.0000	0.8820
13.0000	1.1455
4.0000	0.0345
6.0000	0.0425
6.0000	0.0650
5.0000	0.0730
6.0000	0.0970
6.0000	0.0915
6.0000	0.1255
7.0000	0.1045
6.0000	0.0945
8.0000	0.1340
6.0000	0.1880
8.0000	0.2100
7.0000	0.2340
7.0000	0.1955
8.0000	0.3490
7.0000	0.2190
9.0000	0.2560
8.0000	0.2545
8.0000	0.3015
8.0000	0.2555
7.0000	0.2885
7.0000	0.4035
7.0000	0.3205
8.0000	0.3645
8.0000	0.4300
8.0000	0.4445
8.0000	0.4985
9.0000	0.5020
12.0000	0.5980
10.0000	0.5300
8.0000	0.4925
8.0000	0.6715
9.0000	0.5235
11.0000	0.4495
10.0000	0.5250
11.0000	0.5855
10.0000	0.5830
9.0000	0.4915
9.0000	0.6420
10.0000	0.5815
11.0000	0.7295
10.0000	0.8655
11.0000	0.7180
9.0000	0.8045
3.0000	0.0075
4.0000	0.0200
6.0000	0.1220
6.0000	0.1160
7.0000	0.1040
6.0000	0.1375
7.0000	0.2025
7.0000	0.1970
8.0000	0.2100
6.0000	0.2420
7.0000	0.1560
7.0000	0.1670
8.0000	0.3500
7.0000	0.3800
8.0000	0.5090
8.0000	0.3065
8.0000	0.2375
8.0000	0.2905
10.0000	0.3480
8.0000	0.4645
8.0000	0.4165
8.0000	0.4155
9.0000	0.4055
8.0000	0.3695
8.0000	0.3945
9.0000	0.4845
10.0000	0.3800
9.0000	0.4910
8.0000	0.4475
12.0000	0.5045
10.0000	0.5315
11.0000	0.4695
10.0000	0.5920
10.0000	0.4715
9.0000	0.6050
11.0000	0.5540
9.0000	0.4865
10.0000	0.6670
9.0000	0.7115
11.0000	0.7185
11.0000	0.7285
9.0000	0.5560
10.0000	0.8005
12.0000	0.6425
11.0000	0.7755
11.0000	0.8605
11.0000	0.8985
10.0000	0.8710
11.0000	0.7925
3.0000	0.0150
4.0000	0.0295
4.0000	0.0415
6.0000	0.0615
6.0000	0.0790
6.0000	0.0970
7.0000	0.0720
6.0000	0.0775
6.0000	0.0785
7.0000	0.0960
7.0000	0.1080
7.0000	0.1005
6.0000	0.1545
6.0000	0.1510
9.0000	0.1245
8.0000	0.1695
6.0000	0.1190
7.0000	0.2075
8.0000	0.1775
8.0000	0.1415
8.0000	0.2530
8.0000	0.1950
8.0000	0.1795
9.0000	0.2155
8.0000	0.1960
7.0000	0.2375
9.0000	0.2385
7.0000	0.2800
9.0000	0.2290
8.0000	0.2575
9.0000	0.3055
8.0000	0.2875
9.0000	0.2945
8.0000	0.2960
8.0000	0.3165
9.0000	0.2680
8.0000	0.3100
10.0000	0.4120
10.0000	0.5305
10.0000	0.6355
9.0000	0.3535
8.0000	0.4315
8.0000	0.3490
9.0000	0.4555
9.0000	0.3605
9.0000	0.3605
10.0000	0.4135
10.0000	0.3915
11.0000	0.4440
9.0000	0.5400
9.0000	0.4035
9.0000	0.4860
10.0000	0.3425
9.0000	0.4995
8.0000	0.4225
11.0000	0.4410
11.0000	0.5220
10.0000	0.4905
9.0000	0.3545
10.0000	0.4835
9.0000	0.5795
10.0000	0.6050
9.0000	0.5640
11.0000	0.5170
9.0000	0.6310
11.0000	0.4265
10.0000	0.6570
12.0000	0.7500
11.0000	0.6580
11.0000	0.6890
9.0000	0.5800
11.0000	0.6860
8.0000	0.5830
12.0000	0.6485
11.0000	0.7490
10.0000	0.6025
11.0000	0.6470
12.0000	0.7080
12.0000	1.2395
4.0000	0.0095
8.0000	0.1135
5.0000	0.1385
7.0000	0.1245
8.0000	0.2385
8.0000	0.3100
7.0000	0.2865
8.0000	0.3410
7.0000	0.4090
9.0000	0.4585
9.0000	0.3935
10.0000	0.4635
10.0000	0.4230
11.0000	0.7045
11.0000	0.4375
9.0000	0.7315
14.0000	0.5795
9.0000	0.4915
11.0000	0.6355
12.0000	0.4955
9.0000	0.5650
8.0000	0.5830
10.0000	0.6035
10.0000	0.7395
9.0000	0.6430
10.0000	0.5730
10.0000	0.6780
10.0000	0.9500
13.0000	0.8700
6.0000	0.0300
7.0000	0.0425
5.0000	0.0585
5.0000	0.0570
5.0000	0.0520
6.0000	0.0725
6.0000	0.1015
8.0000	0.1350
6.0000	0.1335
8.0000	0.1230
8.0000	0.1495
7.0000	0.1690
9.0000	0.1515
8.0000	0.2375
8.0000	0.1525
7.0000	0.1645
9.0000	0.1895
9.0000	0.1905
8.0000	0.1630
9.0000	0.2205
9.0000	0.2130
8.0000	0.2945
10.0000	0.2985
10.0000	0.4205
9.0000	0.3905
9.0000	0.2560
9.0000	0.3460
11.0000	0.2975
7.0000	0.3360
10.0000	0.3655
9.0000	0.3490
10.0000	0.2945
10.0000	0.3535
8.0000	0.3445
9.0000	0.3315
9.0000	0.3450
9.0000	0.4675
8.0000	0.4860
11.0000	0.4370
10.0000	0.4325
9.0000	0.3260
8.0000	0.4235
10.0000	0.4340
10.0000	0.5005
10.0000	0.4565
12.0000	0.4900
10.0000	0.4410
10.0000	0.5095
11.0000	0.4920
10.0000	0.4305
10.0000	0.5170
9.0000	0.4525
11.0000	0.5675
11.0000	0.7260
10.0000	0.4540
11.0000	0.4470
10.0000	0.4810
14.0000	0.6100
11.0000	0.5255
11.0000	0.5515
9.0000	0.5160
13.0000	0.5065
12.0000	0.6445
11.0000	0.6155
11.0000	0.6215
10.0000	0.5500
10.0000	0.5985
13.0000	0.6900
12.0000	0.4955
10.0000	0.5750
11.0000	0.5975
10.0000	0.6220
10.0000	0.5000
11.0000	0.8505
11.0000	0.5605
11.0000	0.5320
9.0000	0.6435
11.0000	0.7035
11.0000	0.8090
9.0000	0.6200
10.0000	0.8900
11.0000	0.6370
11.0000	0.6550
10.0000	0.6120
11.0000	1.2455
11.0000	0.8730
11.0000	1.1945
5.0000	0.0685
7.0000	0.1725
7.0000	0.2100
7.0000	0.1650
7.0000	0.3230
9.0000	0.2735
9.0000	0.2200
9.0000	0.1765
7.0000	0.4145
9.0000	0.4500
8.0000	0.3320
7.0000	0.3445
10.0000	0.3845
9.0000	0.3435
9.0000	0.3415
9.0000	0.5020
10.0000	0.9140
10.0000	0.5330
10.0000	0.4895
9.0000	0.4760
10.0000	0.5650
9.0000	0.5560
9.0000	0.5120
9.0000	0.6470
11.0000	0.6940
12.0000	0.6065
13.0000	0.8190
12.0000	0.7105
5.0000	0.0410
5.0000	0.0390
7.0000	0.0675
6.0000	0.1000
6.0000	0.1430
7.0000	0.1180
8.0000	0.1700
7.0000	0.1950
8.0000	0.2145
8.0000	0.1910
8.0000	0.2425
8.0000	0.2340
9.0000	0.2350
10.0000	0.3395
9.0000	0.2605
9.0000	0.3070
9.0000	0.2975
10.0000	0.2940
8.0000	0.2025
11.0000	0.2435
10.0000	0.3065
9.0000	0.2845
10.0000	0.3460
10.0000	0.3345
9.0000	0.3345
9.0000	0.3895
9.0000	0.2815
10.0000	0.3640
9.0000	0.5160
9.0000	0.3330
9.0000	0.3285
8.0000	0.3210
13.0000	0.4420
9.0000	0.4025
9.0000	0.4370
10.0000	0.5260
10.0000	0.4985
10.0000	0.4900
11.0000	0.4895
12.0000	0.5285
11.0000	0.5270
9.0000	0.5055
10.0000	0.5995
12.0000	0.4070
8.0000	0.4330
10.0000	0.5015
10.0000	0.5105
11.0000	0.5280
13.0000	0.6275
14.0000	0.6780
10.0000	0.6275
12.0000	0.6645
11.0000	0.6860
13.0000	0.6750
10.0000	0.5465
11.0000	0.6070
12.0000	0.8155
3.0000	0.0235
6.0000	0.0595
7.0000	0.0615
7.0000	0.1100
9.0000	0.1730
8.0000	0.1645
8.0000	0.3180
10.0000	0.2855
8.0000	0.2210
8.0000	0.2435
9.0000	0.4225
12.0000	0.4605
8.0000	0.0985
6.0000	0.1060
8.0000	0.1805
8.0000	0.2725
8.0000	0.2890
9.0000	0.4060
8.0000	0.4770
10.0000	0.3605
10.0000	0.4275
9.0000	0.4815
9.0000	0.4735
7.0000	0.5350
11.0000	0.4605
10.0000	0.5985
11.0000	0.5565
11.0000	0.7525
12.0000	0.5375
14.0000	0.2305
10.0000	0.2560
14.0000	0.1650
11.0000	0.3450
6.0000	0.0855
7.0000	0.1750
9.0000	0.1460
4.0000	0.0120
8.0000	0.0795
8.0000	0.3720
9.0000	0.3750
11.0000	0.2550
9.0000	0.3915
16.0000	0.4400
14.0000	0.3260
11.0000	0.1625
6.0000	0.0960
9.0000	0.2495
14.0000	0.6175
6.0000	0.1645
7.0000	0.1255
10.0000	0.2425
12.0000	0.2820
9.0000	0.4460
11.0000	0.2360
8.0000	0.1900
9.0000	0.0710
16.0000	0.4430
12.0000	0.3220
9.0000	0.4470
14.0000	0.3575
14.0000	0.4155
10.0000	0.2660
18.0000	0.5080
5.0000	0.0580
19.0000	0.2850
10.0000	0.2890
15.0000	0.2505
8.0000	0.1505
9.0000	0.2455
15.0000	0.2875
12.0000	0.2030
9.0000	0.1910
5.0000	0.0560
12.0000	0.2740
9.0000	0.0480
16.0000	0.2925
15.0000	0.5870
10.0000	0.1800
15.0000	0.5655
7.0000	0.1305
10.0000	0.4390
15.0000	0.5985
10.0000	0.2945
9.0000	0.0710
7.0000	0.1525
7.0000	0.2205
9.0000	0.4315
12.0000	0.4310
12.0000	0.4605
16.0000	0.2955
12.0000	0.3420
13.0000	0.2730
9.0000	0.1535
12.0000	0.2630
13.0000	0.4405
14.0000	0.7035
17.0000	0.4880
10.0000	0.3455
4.0000	0.0050
15.0000	0.2055
12.0000	0.3315
4.0000	0.0075
16.0000	0.4130
16.0000	0.2920
6.0000	0.0835
4.0000	0.0245
13.0000	0.2760
9.0000	0.1515
10.0000	0.1985
13.0000	0.1865
10.0000	0.0830
15.0000	0.2865
11.0000	0.3150
19.0000	0.2415
11.0000	0.4535
10.0000	0.2845
13.0000	0.4335
18.0000	0.4790
11.0000	0.3210
8.0000	0.0420
10.0000	0.0875
10.0000	0.2405
12.0000	0.0995
20.0000	0.2700
8.0000	0.1955
14.0000	0.2725
12.0000	0.2745
10.0000	0.7735
16.0000	0.5640
21.0000	0.6275
17.0000	0.3120
11.0000	0.1710
6.0000	0.0220
5.0000	0.0215
11.0000	0.2630
13.0000	0.1860
13.0000	0.2370
10.0000	0.0745
14.0000	0.3075
11.0000	0.2595
15.0000	0.3910
11.0000	0.2555
14.0000	0.3765
20.0000	0.3480
6.0000	0.0205
13.0000	0.2635
16.0000	0.2020
12.0000	0.2855
13.0000	0.2355
13.0000	0.2115
13.0000	0.1815
5.0000	0.0800
8.0000	0.2550
7.0000	0.2960
9.0000	0.2710
12.0000	0.2810
10.0000	0.4935
9.0000	0.5185
11.0000	0.8225
11.0000	0.7690
10.0000	1.1330
10.0000	1.0745
4.0000	0.0590
5.0000	0.0445
6.0000	0.0575
6.0000	0.0520
6.0000	0.0625
6.0000	0.1230
6.0000	0.1655
6.0000	0.0935
6.0000	0.1105
8.0000	0.1990
7.0000	0.1925
8.0000	0.2055
6.0000	0.1630
7.0000	0.2205
7.0000	0.2035
8.0000	0.2510
6.0000	0.2820
7.0000	0.4160
8.0000	0.4440
6.0000	0.3630
6.0000	0.3545
10.0000	0.6245
11.0000	0.5300
10.0000	0.6135
11.0000	0.6865
8.0000	0.6210
11.0000	0.7580
10.0000	0.6705
9.0000	0.6315
10.0000	0.8105
12.0000	0.9840
4.0000	0.0110
5.0000	0.0400
6.0000	0.0575
6.0000	0.0980
6.0000	0.1150
6.0000	0.1810
7.0000	0.2855
6.0000	0.3520
8.0000	0.2505
8.0000	0.2930
10.0000	0.2565
9.0000	0.3525
9.0000	0.4315
11.0000	0.5030
12.0000	0.5515
8.0000	0.5970
9.0000	0.6200
9.0000	0.5775
8.0000	0.4790
8.0000	0.5425
10.0000	0.4865
10.0000	0.6650
9.0000	0.6460
11.0000	0.6775
8.0000	0.6100
10.0000	0.7055
11.0000	0.7130
10.0000	0.7080
11.0000	0.8215
6.0000	0.0370
6.0000	0.0580
7.0000	0.0915
7.0000	0.0865
6.0000	0.1005
8.0000	0.1125
7.0000	0.1355
7.0000	0.1740
8.0000	0.2580
8.0000	0.3165
10.0000	0.2075
7.0000	0.3270
11.0000	0.2420
8.0000	0.3595
10.0000	0.3220
11.0000	0.2880
11.0000	0.3685
12.0000	0.4470
10.0000	0.4490
10.0000	0.4815
8.0000	0.4025
10.0000	0.3615
9.0000	0.4450
11.0000	0.2850
11.0000	0.4655
13.0000	0.6335
9.0000	0.4600
9.0000	0.5805
10.0000	0.4615
13.0000	0.6750
10.0000	0.5075
10.0000	0.5390
9.0000	0.4675
11.0000	0.5755
11.0000	0.7970
10.0000	0.8195
8.0000	0.3020
8.0000	0.3270
10.0000	0.3750
9.0000	0.5845
11.0000	0.5530
9.0000	0.6530
6.0000	0.0930
7.0000	0.1530
6.0000	0.1335
7.0000	0.1000
8.0000	0.1750
7.0000	0.2460
8.0000	0.2015
8.0000	0.1875
9.0000	0.2365
8.0000	0.2780
8.0000	0.3795
8.0000	0.2890
9.0000	0.3480
10.0000	0.4405
8.0000	0.3430
8.0000	0.3395
11.0000	0.4250
9.0000	0.5810
10.0000	0.5160
10.0000	0.5060
11.0000	0.6390
8.0000	0.3690
10.0000	0.4865
9.0000	0.4230
9.0000	0.4880
11.0000	0.5995
12.0000	0.6450
11.0000	0.7465
11.0000	0.5175
13.0000	0.6670
11.0000	0.4670
12.0000	0.6840
9.0000	0.5940
9.0000	0.5770
9.0000	0.7280
9.0000	0.7365
11.0000	0.4750
11.0000	0.7075
10.0000	0.8825
11.0000	0.8725
9.0000	0.8440
11.0000	0.7755
7.0000	0.1645
7.0000	0.2365
8.0000	0.2405
9.0000	0.5690
8.0000	0.3495
9.0000	0.7755
8.0000	0.4140
9.0000	0.5310
10.0000	0.5470
9.0000	0.6575
9.0000	0.6185
9.0000	0.5860
4.0000	0.0480
7.0000	0.0730
9.0000	0.2150
8.0000	0.1755
8.0000	0.2275
8.0000	0.1970
9.0000	0.3195
11.0000	0.3210
10.0000	0.3780
8.0000	0.4040
10.0000	0.3310
10.0000	0.3465
11.0000	0.3790
10.0000	0.3695
11.0000	0.4055
9.0000	0.3895
11.0000	0.4405
9.0000	0.5200
11.0000	0.4920
11.0000	0.5350
10.0000	0.5205
10.0000	0.4680
11.0000	0.5725
13.0000	0.6240
13.0000	0.6420
11.0000	0.7465
11.0000	0.6205
10.0000	0.6640
11.0000	0.7270
11.0000	0.8005
6.0000	0.0630
7.0000	0.0565
6.0000	0.0835
7.0000	0.0995
8.0000	0.1885
6.0000	0.2190
6.0000	0.1575
8.0000	0.2185
8.0000	0.2410
8.0000	0.2010
9.0000	0.3500
11.0000	0.4580
11.0000	0.4255
8.0000	0.1370
7.0000	0.1810
7.0000	0.1255
7.0000	0.1500
10.0000	0.2320
9.0000	0.2690
8.0000	0.2865
10.0000	0.3750
10.0000	0.3155
8.0000	0.4000
11.0000	0.3700
10.0000	0.4390
9.0000	0.5255
10.0000	0.5310
12.0000	0.9455
