C1	C2
48.0000	1200.0000
47.0000	876.0000
56.0000	500.0000
66.0000	400.0000
23.0000	450.0000
28.0000	650.0000
18.0000	475.0000
24.0000	1100.0000
37.0000	560.0000
42.0000	450.0000
43.0000	1850.0000
32.0000	830.0000
34.0000	1925.0000
18.0000	500.0000
62.0000	987.0000
25.0000	2825.0000
22.0000	500.0000
30.0000	709.0000
27.0000	775.0000
29.0000	5000.0000
34.0000	655.0000
62.0000	727.0000
23.0000	1000.0000
20.0000	486.0000
34.0000	525.0000
21.0000	625.0000
57.0000	671.0000
29.0000	1300.0000
51.0000	610.0000
32.0000	920.0000
43.0000	1500.0000
24.0000	550.0000
58.0000	500.0000
44.0000	425.0000
27.0000	1350.0000
52.0000	1300.0000
47.0000	500.0000
31.0000	450.0000
54.0000	625.0000
32.0000	1619.0000
41.0000	1870.0000
48.0000	786.0000
22.0000	600.0000
59.0000	700.0000
44.0000	1288.0000
47.0000	1200.0000
38.0000	879.0000
19.0000	425.0000
39.0000	1200.0000
42.0000	650.0000
48.0000	1550.0000
31.0000	850.0000
45.0000	425.0000
45.0000	1519.0000
17.0000	500.0000
20.0000	450.0000
57.0000	500.0000
30.0000	625.0000
55.0000	475.0000
36.0000	1915.0000
22.0000	425.0000
35.0000	1127.0000
31.0000	900.0000
36.0000	900.0000
35.0000	1800.0000
19.0000	788.0000
41.0000	1549.0000
26.0000	1350.0000
62.0000	2200.0000
51.0000	1399.0000
22.0000	650.0000
32.0000	1015.0000
47.0000	1280.0000
16.0000	600.0000
39.0000	1500.0000
31.0000	700.0000
41.0000	600.0000
37.0000	1600.0000
24.0000	512.0000
52.0000	2000.0000
41.0000	600.0000
40.0000	550.0000
46.0000	1450.0000
36.0000	500.0000
41.0000	1800.0000
25.0000	1500.0000
35.0000	8000.0000
34.0000	1127.0000
42.0000	900.0000
22.0000	425.0000
37.0000	1500.0000
39.0000	475.0000
25.0000	600.0000
30.0000	1900.0000
21.0000	500.0000
24.0000	915.0000
25.0000	999.0000
20.0000	550.0000
38.0000	900.0000
37.0000	900.0000
48.0000	1000.0000
26.0000	650.0000
22.0000	550.0000
40.0000	715.0000
22.0000	800.0000
43.0000	1000.0000
31.0000	465.0000
38.0000	1369.0000
62.0000	1175.0000
31.0000	1100.0000
33.0000	875.0000
32.0000	760.0000
67.0000	600.0000
19.0000	435.0000
55.0000	700.0000
27.0000	875.0000
31.0000	700.0000
35.0000	1400.0000
68.0000	965.0000
40.0000	1272.0000
23.0000	500.0000
41.0000	750.0000
55.0000	791.0000
70.0000	800.0000
25.0000	850.0000
55.0000	1500.0000
45.0000	500.0000
62.0000	1500.0000
50.0000	1150.0000
30.0000	1050.0000
45.0000	950.0000
25.0000	780.0000
20.0000	748.0000
46.0000	2751.0000
21.0000	565.0000
33.0000	1000.0000
51.0000	2966.0000
36.0000	600.0000
57.0000	900.0000
39.0000	715.0000
44.0000	1300.0000
21.0000	525.0000
45.0000	2250.0000
37.0000	1880.0000
60.0000	1062.0000
54.0000	1600.0000
28.0000	800.0000
38.0000	725.0000
40.0000	545.0000
30.0000	700.0000
23.0000	900.0000
39.0000	1400.0000
35.0000	1100.0000
46.0000	1100.0000
43.0000	1335.0000
37.0000	1400.0000
46.0000	700.0000
62.0000	843.0000
42.0000	965.0000
32.0000	943.0000
22.0000	750.0000
58.0000	1300.0000
37.0000	2155.0000
31.0000	800.0000
22.0000	425.0000
62.0000	700.0000
52.0000	1202.0000
35.0000	750.0000
38.0000	1000.0000
20.0000	600.0000
27.0000	882.0000
39.0000	900.0000
28.0000	1000.0000
53.0000	1003.0000
38.0000	570.0000
29.0000	600.0000
60.0000	600.0000
42.0000	1000.0000
62.0000	1200.0000
36.0000	1100.0000
20.0000	900.0000
25.0000	640.0000
41.0000	850.0000
20.0000	700.0000
32.0000	825.0000
28.0000	1500.0000
31.0000	450.0000
33.0000	900.0000
38.0000	2050.0000
43.0000	1050.0000
50.0000	540.0000
21.0000	600.0000
17.0000	425.0000
60.0000	697.0000
30.0000	700.0000
40.0000	1075.0000
30.0000	1000.0000
32.0000	1400.0000
18.0000	700.0000
25.0000	1100.0000
42.0000	1518.0000
42.0000	1335.0000
43.0000	1626.0000
30.0000	575.0000
23.0000	950.0000
59.0000	950.0000
17.0000	485.0000
25.0000	645.0000
63.0000	725.0000
32.0000	1180.0000
50.0000	1228.0000
30.0000	675.0000
51.0000	500.0000
33.0000	800.0000
35.0000	555.0000
43.0000	716.0000
52.0000	825.0000
30.0000	1300.0000
47.0000	900.0000
20.0000	900.0000
39.0000	825.0000
28.0000	1607.0000
35.0000	675.0000
41.0000	1073.0000
26.0000	650.0000
18.0000	425.0000
20.0000	213.0000
20.0000	500.0000
28.0000	800.0000
35.0000	950.0000
52.0000	625.0000
53.0000	1670.0000
19.0000	600.0000
58.0000	1095.0000
19.0000	700.0000
36.0000	425.0000
60.0000	1286.0000
39.0000	2218.0000
27.0000	1150.0000
65.0000	1015.0000
46.0000	2500.0000
35.0000	450.0000
59.0000	1400.0000
26.0000	900.0000
30.0000	1685.0000
50.0000	1548.0000
50.0000	522.0000
59.0000	575.0000
23.0000	650.0000
35.0000	750.0000
16.0000	475.0000
20.0000	450.0000
19.0000	500.0000
34.0000	692.0000
17.0000	425.0000
46.0000	2100.0000
37.0000	1050.0000
46.0000	1200.0000
28.0000	1929.0000
39.0000	700.0000
55.0000	690.0000
17.0000	425.0000
43.0000	1325.0000
45.0000	1880.0000
35.0000	968.0000
46.0000	3350.0000
39.0000	1400.0000
55.0000	725.0000
17.0000	500.0000
52.0000	1700.0000
39.0000	1127.0000
64.0000	1600.0000
33.0000	1220.0000
57.0000	700.0000
36.0000	945.0000
16.0000	500.0000
39.0000	1027.0000
36.0000	2700.0000
24.0000	425.0000
46.0000	700.0000
29.0000	600.0000
47.0000	1600.0000
55.0000	1041.0000
36.0000	800.0000
17.0000	500.0000
31.0000	900.0000
29.0000	680.0000
26.0000	200.0000
42.0000	700.0000
52.0000	793.0000
41.0000	1786.0000
53.0000	1200.0000
18.0000	450.0000
30.0000	1000.0000
18.0000	525.0000
26.0000	425.0000
33.0000	700.0000
68.0000	1249.0000
67.0000	400.0000
62.0000	1684.0000
58.0000	1919.0000
58.0000	750.0000
20.0000	550.0000
46.0000	1667.0000
48.0000	470.0000
34.0000	1000.0000
25.0000	300.0000
36.0000	1600.0000
31.0000	875.0000
31.0000	1854.0000
34.0000	1100.0000
42.0000	1850.0000
21.0000	550.0000
40.0000	1500.0000
47.0000	1475.0000
43.0000	550.0000
34.0000	1400.0000
40.0000	2450.0000
55.0000	600.0000
31.0000	900.0000
22.0000	525.0000
47.0000	510.0000
31.0000	650.0000
16.0000	475.0000
20.0000	700.0000
52.0000	800.0000
54.0000	1000.0000
16.0000	540.0000
40.0000	756.0000
19.0000	600.0000
24.0000	750.0000
31.0000	550.0000
34.0000	950.0000
53.0000	1395.0000
43.0000	600.0000
57.0000	1329.0000
22.0000	600.0000
43.0000	807.0000
37.0000	1570.0000
42.0000	900.0000
31.0000	993.0000
50.0000	1300.0000
51.0000	485.0000
28.0000	950.0000
26.0000	500.0000
26.0000	790.0000
37.0000	600.0000
30.0000	925.0000
59.0000	700.0000
23.0000	600.0000
34.0000	670.0000
37.0000	750.0000
43.0000	760.0000
55.0000	500.0000
52.0000	2552.0000
26.0000	775.0000
43.0000	1400.0000
25.0000	1300.0000
28.0000	1000.0000
48.0000	1145.0000
44.0000	555.0000
25.0000	700.0000
47.0000	800.0000
24.0000	515.0000
18.0000	460.0000
32.0000	920.0000
18.0000	525.0000
19.0000	450.0000
48.0000	2200.0000
22.0000	1040.0000
44.0000	2300.0000
54.0000	3600.0000
56.0000	550.0000
65.0000	750.0000
45.0000	1800.0000
34.0000	1500.0000
36.0000	1200.0000
53.0000	1200.0000
57.0000	1400.0000
41.0000	1000.0000
28.0000	855.0000
24.0000	665.0000
35.0000	500.0000
20.0000	400.0000
24.0000	1414.0000
27.0000	500.0000
36.0000	1175.0000
16.0000	450.0000
53.0000	2000.0000
36.0000	500.0000
16.0000	525.0000
58.0000	500.0000
24.0000	475.0000
35.0000	2700.0000
42.0000	1200.0000
24.0000	900.0000
26.0000	450.0000
24.0000	500.0000
44.0000	800.0000
55.0000	500.0000
26.0000	800.0000
20.0000	900.0000
52.0000	400.0000
52.0000	1556.0000
20.0000	600.0000
18.0000	465.0000
54.0000	1400.0000
21.0000	750.0000
54.0000	1700.0000
41.0000	800.0000
60.0000	1025.0000
35.0000	2116.0000
61.0000	900.0000
37.0000	1335.0000
25.0000	850.0000
64.0000	530.0000
37.0000	1200.0000
24.0000	825.0000
50.0000	550.0000
48.0000	500.0000
56.0000	1800.0000
62.0000	2500.0000
19.0000	550.0000
38.0000	1150.0000
39.0000	1000.0000
46.0000	400.0000
48.0000	200.0000
49.0000	900.0000
17.0000	490.0000
42.0000	535.0000
19.0000	425.0000
36.0000	1200.0000
35.0000	1000.0000
35.0000	1272.0000
48.0000	1200.0000
40.0000	1650.0000
40.0000	400.0000
23.0000	475.0000
23.0000	800.0000
36.0000	1200.0000
18.0000	500.0000
45.0000	800.0000
22.0000	975.0000
19.0000	500.0000
62.0000	500.0000
38.0000	2500.0000
33.0000	400.0000
37.0000	2300.0000
15.0000	425.0000
19.0000	600.0000
35.0000	800.0000
42.0000	1200.0000
42.0000	500.0000
52.0000	885.0000
42.0000	1400.0000
45.0000	1575.0000
19.0000	575.0000
29.0000	1555.0000
18.0000	275.0000
30.0000	425.0000
33.0000	1000.0000
38.0000	900.0000
20.0000	600.0000
19.0000	900.0000
58.0000	1994.0000
56.0000	700.0000
50.0000	700.0000
38.0000	850.0000
19.0000	525.0000
19.0000	525.0000
43.0000	500.0000
45.0000	920.0000
33.0000	1131.0000
43.0000	653.0000
29.0000	950.0000
48.0000	1300.0000
67.0000	425.0000
35.0000	750.0000
24.0000	1467.0000
63.0000	700.0000
28.0000	1152.0000
38.0000	1100.0000
32.0000	810.0000
18.0000	500.0000
30.0000	700.0000
50.0000	1784.0000
58.0000	575.0000
36.0000	100.0000
46.0000	765.0000
25.0000	800.0000
27.0000	9000.0000
29.0000	720.0000
48.0000	700.0000
45.0000	425.0000
56.0000	1300.0000
15.0000	500.0000
20.0000	750.0000
36.0000	750.0000
47.0000	1000.0000
27.0000	1200.0000
52.0000	1414.0000
33.0000	1050.0000
25.0000	460.0000
20.0000	550.0000
43.0000	1000.0000
50.0000	1882.0000
54.0000	1300.0000
47.0000	800.0000
36.0000	830.0000
26.0000	1500.0000
26.0000	900.0000
22.0000	500.0000
38.0000	1000.0000
22.0000	550.0000
46.0000	1300.0000
26.0000	675.0000
21.0000	500.0000
20.0000	550.0000
35.0000	425.0000
21.0000	825.0000
29.0000	791.0000
44.0000	1104.0000
30.0000	1100.0000
41.0000	212.0000
48.0000	600.0000
51.0000	1342.0000
22.0000	825.0000
44.0000	1626.0000
37.0000	500.0000
33.0000	760.0000
31.0000	1430.0000
52.0000	550.0000
20.0000	550.0000
27.0000	1000.0000
49.0000	1100.0000
23.0000	425.0000
53.0000	1716.0000
52.0000	1850.0000
35.0000	1000.0000
19.0000	475.0000
52.0000	1950.0000
29.0000	700.0000
18.0000	425.0000
19.0000	700.0000
55.0000	965.0000
23.0000	683.0000
49.0000	900.0000
30.0000	645.0000
45.0000	940.0000
18.0000	425.0000
31.0000	600.0000
16.0000	500.0000
27.0000	1200.0000
49.0000	1700.0000
31.0000	716.0000
18.0000	435.0000
79.0000	435.0000
23.0000	475.0000
42.0000	1400.0000
38.0000	1200.0000
34.0000	580.0000
55.0000	1500.0000
21.0000	600.0000
42.0000	1000.0000
31.0000	7000.0000
20.0000	490.0000
49.0000	525.0000
36.0000	600.0000
31.0000	1000.0000
60.0000	2600.0000
19.0000	700.0000
35.0000	819.0000
25.0000	1100.0000
31.0000	1050.0000
33.0000	135.0000
26.0000	1675.0000
33.0000	550.0000
68.0000	1099.0000
50.0000	1030.0000
45.0000	1153.0000
54.0000	500.0000
35.0000	1255.0000
46.0000	500.0000
38.0000	1757.0000
35.0000	960.0000
31.0000	1300.0000
31.0000	400.0000
39.0000	875.0000
31.0000	1187.0000
29.0000	1775.0000
28.0000	800.0000
51.0000	1100.0000
18.0000	685.0000
38.0000	700.0000
45.0000	700.0000
34.0000	850.0000
41.0000	1305.0000
19.0000	550.0000
50.0000	1900.0000
28.0000	1500.0000
36.0000	1200.0000
23.0000	800.0000
25.0000	600.0000
46.0000	1164.0000
22.0000	875.0000
51.0000	500.0000
40.0000	1600.0000
25.0000	445.0000
55.0000	1100.0000
26.0000	550.0000
17.0000	528.0000
33.0000	1775.0000
18.0000	470.0000
17.0000	550.0000
19.0000	525.0000
16.0000	600.0000
62.0000	750.0000
67.0000	600.0000
31.0000	850.0000
19.0000	700.0000
30.0000	600.0000
22.0000	850.0000
32.0000	900.0000
57.0000	675.0000
25.0000	655.0000
69.0000	600.0000
18.0000	450.0000
23.0000	600.0000
24.0000	936.0000
17.0000	575.0000
43.0000	900.0000
39.0000	1164.0000
52.0000	1000.0000
38.0000	700.0000
29.0000	650.0000
26.0000	800.0000
37.0000	900.0000
41.0000	665.0000
18.0000	325.0000
25.0000	1000.0000
54.0000	800.0000
39.0000	713.0000
32.0000	565.0000
45.0000	1725.0000
19.0000	475.0000
44.0000	1100.0000
24.0000	425.0000
42.0000	691.0000
53.0000	1500.0000
29.0000	660.0000
20.0000	525.0000
26.0000	700.0000
41.0000	1250.0000
28.0000	708.0000
32.0000	495.0000
24.0000	777.0000
49.0000	1200.0000
43.0000	1100.0000
27.0000	528.0000
35.0000	425.0000
53.0000	850.0000
46.0000	950.0000
50.0000	700.0000
59.0000	400.0000
66.0000	800.0000
31.0000	915.0000
42.0000	1500.0000
30.0000	700.0000
50.0000	1000.0000
46.0000	1497.0000
45.0000	600.0000
22.0000	575.0000
37.0000	950.0000
21.0000	550.0000
37.0000	1075.0000
33.0000	735.0000
33.0000	500.0000
42.0000	2018.0000
23.0000	600.0000
22.0000	600.0000
25.0000	850.0000
24.0000	890.0000
33.0000	1500.0000
50.0000	1850.0000
75.0000	485.0000
46.0000	2500.0000
43.0000	5000.0000
22.0000	1035.0000
59.0000	2500.0000
33.0000	968.0000
31.0000	3500.0000
55.0000	720.0000
64.0000	425.0000
24.0000	850.0000
29.0000	1350.0000
42.0000	800.0000
39.0000	1375.0000
32.0000	1080.0000
40.0000	600.0000
27.0000	876.0000
18.0000	475.0000
23.0000	800.0000
47.0000	1600.0000
18.0000	500.0000
41.0000	565.0000
45.0000	1300.0000
22.0000	500.0000
49.0000	755.0000
30.0000	700.0000
31.0000	425.0000
48.0000	600.0000
41.0000	1334.0000
39.0000	700.0000
18.0000	435.0000
39.0000	1220.0000
43.0000	1744.0000
58.0000	2500.0000
19.0000	495.0000
39.0000	900.0000
44.0000	500.0000
50.0000	1900.0000
36.0000	775.0000
17.0000	515.0000
32.0000	792.0000
45.0000	450.0000
35.0000	1038.0000
51.0000	550.0000
19.0000	550.0000
35.0000	1050.0000
51.0000	2500.0000
32.0000	834.0000
48.0000	800.0000
40.0000	800.0000
30.0000	1375.0000
20.0000	565.0000
29.0000	1100.0000
18.0000	425.0000
27.0000	800.0000
56.0000	725.0000
53.0000	2200.0000
46.0000	840.0000
40.0000	2100.0000
37.0000	500.0000
17.0000	525.0000
36.0000	700.0000
36.0000	1750.0000
48.0000	1200.0000
38.0000	1500.0000
27.0000	1400.0000
28.0000	1500.0000
48.0000	550.0000
32.0000	900.0000
56.0000	715.0000
27.0000	475.0000
37.0000	2200.0000
27.0000	1875.0000
43.0000	1258.0000
21.0000	953.0000
34.0000	1000.0000
25.0000	1150.0000
38.0000	900.0000
54.0000	1400.0000
43.0000	1016.0000
34.0000	1117.0000
54.0000	750.0000
34.0000	1083.0000
27.0000	545.0000
59.0000	700.0000
35.0000	1300.0000
47.0000	769.0000
17.0000	500.0000
33.0000	212.0000
45.0000	2400.0000
20.0000	700.0000
22.0000	660.0000
45.0000	1683.0000
24.0000	815.0000
58.0000	1567.0000
38.0000	500.0000
34.0000	1200.0000
62.0000	600.0000
24.0000	900.0000
25.0000	600.0000
43.0000	900.0000
33.0000	500.0000
42.0000	2000.0000
43.0000	800.0000
38.0000	1000.0000
25.0000	510.0000
52.0000	1425.0000
46.0000	900.0000
42.0000	1311.0000
42.0000	1875.0000
19.0000	450.0000
54.0000	1022.0000
28.0000	600.0000
42.0000	592.0000
44.0000	1173.0000
36.0000	800.0000
74.0000	1500.0000
39.0000	1300.0000
57.0000	213.0000
19.0000	715.0000
27.0000	310.0000
46.0000	1500.0000
34.0000	550.0000
51.0000	900.0000
19.0000	500.0000
33.0000	864.0000
42.0000	712.0000
44.0000	630.0000
35.0000	600.0000
42.0000	1350.0000
34.0000	435.0000
34.0000	1200.0000
59.0000	3000.0000
51.0000	1030.0000
34.0000	700.0000
71.0000	475.0000
41.0000	530.0000
38.0000	1500.0000
26.0000	1000.0000
17.0000	400.0000
49.0000	515.0000
57.0000	550.0000
29.0000	1400.0000
42.0000	800.0000
25.0000	738.0000
15.0000	300.0000
46.0000	1125.0000
22.0000	475.0000
46.0000	435.0000
21.0000	303.0000
27.0000	820.0000
36.0000	1250.0000
34.0000	1100.0000
32.0000	1370.0000
24.0000	1000.0000
29.0000	1100.0000
36.0000	700.0000
30.0000	700.0000
35.0000	700.0000
19.0000	600.0000
33.0000	900.0000
41.0000	1500.0000
38.0000	600.0000
40.0000	800.0000
23.0000	900.0000
37.0000	425.0000
41.0000	1295.0000
26.0000	550.0000
34.0000	630.0000
39.0000	1565.0000
46.0000	485.0000
24.0000	900.0000
34.0000	500.0000
49.0000	1825.0000
28.0000	675.0000
23.0000	750.0000
41.0000	650.0000
45.0000	1715.0000
26.0000	750.0000
53.0000	1000.0000
37.0000	844.0000
31.0000	998.0000
29.0000	225.0000
19.0000	425.0000
18.0000	485.0000
19.0000	425.0000
42.0000	875.0000
47.0000	1100.0000
47.0000	1825.0000
36.0000	800.0000
17.0000	450.0000
31.0000	798.0000
36.0000	1700.0000
32.0000	1000.0000
47.0000	900.0000
47.0000	1800.0000
64.0000	900.0000
52.0000	585.0000
27.0000	940.0000
40.0000	916.0000
55.0000	954.0000
24.0000	250.0000
26.0000	788.0000
29.0000	2200.0000
41.0000	600.0000
26.0000	2500.0000
25.0000	963.0000
39.0000	555.0000
58.0000	860.0000
37.0000	1600.0000
46.0000	1225.0000
20.0000	600.0000
20.0000	943.0000
30.0000	1600.0000
33.0000	1500.0000
23.0000	700.0000
52.0000	625.0000
66.0000	550.0000
54.0000	2900.0000
38.0000	1500.0000
26.0000	550.0000
25.0000	735.0000
30.0000	545.0000
35.0000	800.0000
25.0000	650.0000
18.0000	250.0000
50.0000	700.0000
59.0000	1300.0000
26.0000	650.0000
17.0000	530.0000
38.0000	1570.0000
45.0000	1300.0000
24.0000	1100.0000
35.0000	475.0000
47.0000	1000.0000
64.0000	100.0000
44.0000	450.0000
37.0000	2000.0000
75.0000	900.0000
32.0000	1200.0000
46.0000	950.0000
18.0000	390.0000
65.0000	600.0000
22.0000	460.0000
55.0000	1000.0000
38.0000	775.0000
23.0000	600.0000
41.0000	1756.0000
25.0000	500.0000
44.0000	700.0000
37.0000	2000.0000
60.0000	800.0000
29.0000	425.0000
27.0000	675.0000
26.0000	800.0000
47.0000	2400.0000
24.0000	450.0000
47.0000	1230.0000
23.0000	1000.0000
27.0000	1479.0000
28.0000	984.0000
36.0000	450.0000
50.0000	1100.0000
25.0000	500.0000
57.0000	839.0000
17.0000	150.0000
50.0000	1025.0000
31.0000	2100.0000
34.0000	800.0000
31.0000	600.0000
32.0000	694.0000
45.0000	525.0000
25.0000	210.0000
52.0000	1027.0000
24.0000	900.0000
36.0000	730.0000
28.0000	535.0000
22.0000	985.0000
36.0000	550.0000
34.0000	545.0000
42.0000	800.0000
39.0000	1288.0000
34.0000	1550.0000
42.0000	530.0000
36.0000	700.0000
37.0000	650.0000
27.0000	700.0000
48.0000	1600.0000
32.0000	750.0000
48.0000	367.0000
50.0000	1100.0000
20.0000	800.0000
34.0000	200.0000
30.0000	1200.0000
23.0000	1044.0000
18.0000	500.0000
21.0000	450.0000
29.0000	850.0000
17.0000	487.0000
31.0000	705.0000
60.0000	1800.0000
18.0000	435.0000
19.0000	450.0000
16.0000	500.0000
29.0000	600.0000
41.0000	700.0000
41.0000	1200.0000
31.0000	1000.0000
34.0000	528.0000
27.0000	800.0000
42.0000	900.0000
48.0000	1549.0000
42.0000	1200.0000
31.0000	800.0000
36.0000	700.0000
32.0000	900.0000
51.0000	725.0000
48.0000	1200.0000
47.0000	1900.0000
28.0000	1100.0000
52.0000	1150.0000
33.0000	600.0000
46.0000	1875.0000
50.0000	960.0000
17.0000	500.0000
43.0000	945.0000
40.0000	700.0000
39.0000	2000.0000
41.0000	500.0000
22.0000	425.0000
17.0000	615.0000
27.0000	500.0000
27.0000	2100.0000
43.0000	450.0000
20.0000	435.0000
34.0000	1000.0000
19.0000	700.0000
48.0000	350.0000
19.0000	600.0000
27.0000	1035.0000
41.0000	1535.0000
43.0000	1125.0000
46.0000	1700.0000
20.0000	600.0000
27.0000	825.0000
49.0000	2100.0000
29.0000	1700.0000
50.0000	1065.0000
22.0000	700.0000
39.0000	1460.0000
34.0000	1500.0000
37.0000	1700.0000
66.0000	1130.0000
18.0000	525.0000
18.0000	425.0000
20.0000	700.0000
34.0000	600.0000
22.0000	843.0000
31.0000	345.0000
31.0000	1050.0000
44.0000	3350.0000
62.0000	400.0000
18.0000	425.0000
41.0000	2100.0000
26.0000	1100.0000
25.0000	1235.0000
25.0000	640.0000
29.0000	800.0000
28.0000	1310.0000
55.0000	1050.0000
25.0000	800.0000
47.0000	1200.0000
32.0000	800.0000
34.0000	1800.0000
38.0000	1087.0000
37.0000	770.0000
18.0000	700.0000
26.0000	425.0000
41.0000	496.0000
34.0000	1400.0000
40.0000	785.0000
37.0000	1683.0000
24.0000	1200.0000
37.0000	2400.0000
37.0000	800.0000
27.0000	1000.0000
59.0000	550.0000
32.0000	400.0000
38.0000	700.0000
45.0000	1258.0000
40.0000	1090.0000
42.0000	700.0000
47.0000	1759.0000
35.0000	1650.0000
33.0000	627.0000
52.0000	425.0000
71.0000	425.0000
32.0000	600.0000
33.0000	600.0000
57.0000	1200.0000
57.0000	600.0000
48.0000	1165.0000
25.0000	550.0000
39.0000	1131.0000
26.0000	213.0000
30.0000	1055.0000
23.0000	568.0000
45.0000	1100.0000
39.0000	700.0000
16.0000	800.0000
20.0000	425.0000
46.0000	500.0000
33.0000	935.0000
51.0000	715.0000
26.0000	550.0000
43.0000	500.0000
50.0000	500.0000
24.0000	425.0000
29.0000	575.0000
45.0000	1000.0000
54.0000	600.0000
49.0000	1100.0000
40.0000	1080.0000
54.0000	1000.0000
59.0000	725.0000
56.0000	1682.0000
47.0000	825.0000
32.0000	950.0000
25.0000	500.0000
35.0000	7700.0000
51.0000	700.0000
22.0000	535.0000
45.0000	1000.0000
30.0000	1800.0000
47.0000	675.0000
62.0000	897.0000
41.0000	3150.0000
61.0000	840.0000
58.0000	1600.0000
25.0000	1200.0000
55.0000	905.0000
28.0000	825.0000
35.0000	900.0000
19.0000	435.0000
46.0000	875.0000
55.0000	1220.0000
29.0000	1158.0000
39.0000	550.0000
28.0000	435.0000
30.0000	1513.0000
33.0000	958.0000
32.0000	600.0000
43.0000	700.0000
29.0000	625.0000
33.0000	675.0000
72.0000	1300.0000
22.0000	950.0000
41.0000	1500.0000
40.0000	700.0000
48.0000	585.0000
32.0000	545.0000
46.0000	1043.0000
20.0000	400.0000
39.0000	875.0000
32.0000	600.0000
31.0000	1425.0000
26.0000	900.0000
51.0000	1162.0000
22.0000	700.0000
25.0000	562.0000
40.0000	800.0000
35.0000	500.0000
62.0000	987.0000
26.0000	900.0000
30.0000	1488.0000
28.0000	1199.0000
24.0000	695.0000
40.0000	1500.0000
31.0000	1200.0000
34.0000	8600.0000
44.0000	1862.0000
30.0000	213.0000
30.0000	2299.0000
61.0000	1100.0000
25.0000	760.0000
20.0000	475.0000
46.0000	1300.0000
27.0000	865.0000
53.0000	1300.0000
54.0000	1600.0000
34.0000	1235.0000
68.0000	700.0000
53.0000	550.0000
38.0000	1500.0000
29.0000	990.0000
31.0000	400.0000
55.0000	800.0000
51.0000	1085.0000
28.0000	600.0000
44.0000	1650.0000
38.0000	1923.0000
40.0000	1667.0000
28.0000	1097.0000
29.0000	200.0000
20.0000	500.0000
25.0000	1025.0000
38.0000	1200.0000
23.0000	475.0000
18.0000	470.0000
18.0000	500.0000
50.0000	905.0000
20.0000	800.0000
17.0000	475.0000
54.0000	1650.0000
51.0000	1800.0000
34.0000	998.0000
28.0000	1025.0000
19.0000	500.0000
33.0000	1000.0000
36.0000	535.0000
35.0000	900.0000
45.0000	1400.0000
35.0000	700.0000
48.0000	2000.0000
35.0000	918.0000
33.0000	2200.0000
24.0000	600.0000
42.0000	1215.0000
20.0000	465.0000
58.0000	875.0000
26.0000	700.0000
23.0000	435.0000
37.0000	425.0000
21.0000	800.0000
28.0000	1830.0000
59.0000	764.0000
17.0000	213.0000
71.0000	550.0000
24.0000	663.0000
20.0000	450.0000
53.0000	850.0000
66.0000	770.0000
23.0000	585.0000
42.0000	1125.0000
24.0000	500.0000
65.0000	1077.0000
41.0000	700.0000
19.0000	425.0000
19.0000	1000.0000
56.0000	820.0000
24.0000	800.0000
45.0000	800.0000
41.0000	900.0000
44.0000	500.0000
79.0000	947.0000
33.0000	1200.0000
35.0000	2100.0000
25.0000	2200.0000
26.0000	1000.0000
28.0000	525.0000
41.0000	912.0000
18.0000	465.0000
16.0000	400.0000
35.0000	1100.0000
29.0000	1500.0000
22.0000	200.0000
40.0000	640.0000
46.0000	700.0000
45.0000	1700.0000
21.0000	850.0000
33.0000	900.0000
19.0000	500.0000
26.0000	870.0000
71.0000	1000.0000
69.0000	575.0000
30.0000	1200.0000
34.0000	558.0000
46.0000	500.0000
33.0000	250.0000
58.0000	1100.0000
47.0000	1700.0000
54.0000	1300.0000
33.0000	500.0000
38.0000	500.0000
16.0000	450.0000
43.0000	1000.0000
31.0000	1900.0000
55.0000	600.0000
45.0000	1200.0000
23.0000	475.0000
16.0000	435.0000
20.0000	600.0000
39.0000	604.0000
21.0000	900.0000
21.0000	675.0000
18.0000	500.0000
39.0000	725.0000
28.0000	1300.0000
62.0000	450.0000
66.0000	465.0000
37.0000	847.0000
25.0000	650.0000
35.0000	2200.0000
32.0000	1320.0000
37.0000	1533.0000
33.0000	500.0000
43.0000	1600.0000
44.0000	2000.0000
25.0000	900.0000
48.0000	1100.0000
17.0000	435.0000
23.0000	550.0000
33.0000	765.0000
33.0000	500.0000
24.0000	650.0000
41.0000	1300.0000
47.0000	725.0000
47.0000	800.0000
28.0000	896.0000
39.0000	2000.0000
28.0000	520.0000
42.0000	600.0000
49.0000	600.0000
54.0000	1500.0000
51.0000	782.0000
46.0000	2350.0000
63.0000	1790.0000
17.0000	500.0000
39.0000	577.0000
33.0000	425.0000
33.0000	920.0000
38.0000	1900.0000
18.0000	525.0000
25.0000	600.0000
48.0000	1127.0000
23.0000	500.0000
31.0000	1100.0000
29.0000	1000.0000
25.0000	1200.0000
51.0000	1750.0000
22.0000	650.0000
24.0000	820.0000
39.0000	980.0000
74.0000	500.0000
49.0000	1000.0000
24.0000	425.0000
58.0000	1100.0000
46.0000	2000.0000
38.0000	1300.0000
43.0000	750.0000
39.0000	625.0000
30.0000	900.0000
34.0000	1751.0000
22.0000	770.0000
49.0000	715.0000
19.0000	700.0000
46.0000	678.0000
36.0000	850.0000
56.0000	435.0000
22.0000	925.0000
26.0000	1680.0000
35.0000	1300.0000
29.0000	213.0000
90.0000	700.0000
44.0000	1800.0000
53.0000	472.0000
48.0000	650.0000
26.0000	800.0000
22.0000	750.0000
19.0000	505.0000
20.0000	1385.0000
36.0000	1275.0000
35.0000	1650.0000
26.0000	800.0000
41.0000	1305.0000
26.0000	672.0000
50.0000	1875.0000
60.0000	1400.0000
36.0000	1200.0000
56.0000	600.0000
16.0000	425.0000
63.0000	1000.0000
36.0000	6410.0000
25.0000	1100.0000
43.0000	750.0000
57.0000	800.0000
32.0000	1000.0000
32.0000	2160.0000
49.0000	715.0000
19.0000	700.0000
44.0000	1027.0000
45.0000	953.0000
17.0000	550.0000
37.0000	500.0000
33.0000	800.0000
32.0000	800.0000
28.0000	530.0000
42.0000	800.0000
25.0000	445.0000
47.0000	1000.0000
48.0000	1100.0000
36.0000	2650.0000
44.0000	1300.0000
43.0000	785.0000
35.0000	900.0000
21.0000	500.0000
56.0000	937.0000
52.0000	500.0000
31.0000	829.0000
56.0000	2100.0000
31.0000	850.0000
34.0000	725.0000
32.0000	1700.0000
28.0000	1150.0000
24.0000	1100.0000
67.0000	485.0000
23.0000	470.0000
65.0000	590.0000
45.0000	900.0000
38.0000	620.0000
40.0000	1110.0000
69.0000	600.0000
19.0000	500.0000
15.0000	769.0000
63.0000	509.0000
25.0000	950.0000
22.0000	866.0000
50.0000	1500.0000
27.0000	800.0000
49.0000	700.0000
56.0000	2000.0000
19.0000	500.0000
34.0000	756.0000
41.0000	1727.0000
26.0000	1500.0000
18.0000	600.0000
33.0000	1230.0000
26.0000	500.0000
28.0000	910.0000
26.0000	470.0000
59.0000	4500.0000
44.0000	1045.0000
56.0000	600.0000
23.0000	600.0000
42.0000	1725.0000
20.0000	485.0000
36.0000	825.0000
32.0000	742.0000
15.0000	425.0000
45.0000	1300.0000
29.0000	625.0000
24.0000	500.0000
51.0000	1300.0000
33.0000	650.0000
40.0000	1290.0000
17.0000	450.0000
23.0000	660.0000
37.0000	1500.0000
17.0000	425.0000
18.0000	100.0000
63.0000	1600.0000
40.0000	1000.0000
39.0000	1260.0000
53.0000	1400.0000
25.0000	817.0000
18.0000	475.0000
38.0000	1000.0000
23.0000	480.0000
16.0000	200.0000
38.0000	1871.0000
33.0000	1500.0000
52.0000	1000.0000
53.0000	754.0000
45.0000	2373.0000
34.0000	1079.0000
25.0000	998.0000
38.0000	1100.0000
28.0000	800.0000
45.0000	2429.0000
44.0000	500.0000
54.0000	600.0000
54.0000	1810.0000
35.0000	1500.0000
42.0000	646.0000
55.0000	1390.0000
60.0000	700.0000
43.0000	725.0000
41.0000	944.0000
31.0000	800.0000
40.0000	9916.0000
45.0000	1510.0000
54.0000	600.0000
27.0000	650.0000
44.0000	400.0000
31.0000	730.0000
61.0000	892.0000
49.0000	450.0000
26.0000	525.0000
63.0000	800.0000
15.0000	300.0000
30.0000	800.0000
64.0000	600.0000
46.0000	1000.0000
37.0000	735.0000
58.0000	1060.0000
41.0000	1100.0000
52.0000	1200.0000
36.0000	750.0000
41.0000	605.0000
65.0000	1300.0000
31.0000	840.0000
21.0000	450.0000
24.0000	1080.0000
42.0000	2038.0000
22.0000	750.0000
51.0000	890.0000
18.0000	500.0000
48.0000	920.0000
26.0000	2100.0000
77.0000	950.0000
26.0000	677.0000
40.0000	1700.0000
50.0000	750.0000
37.0000	2200.0000
52.0000	730.0000
19.0000	650.0000
23.0000	500.0000
58.0000	850.0000
33.0000	450.0000
50.0000	1175.0000
36.0000	2000.0000
31.0000	600.0000
67.0000	650.0000
30.0000	650.0000
57.0000	1582.0000
25.0000	600.0000
51.0000	700.0000
40.0000	500.0000
25.0000	756.0000
42.0000	1485.0000
57.0000	1000.0000
23.0000	700.0000
22.0000	700.0000
23.0000	625.0000
35.0000	1800.0000
40.0000	3000.0000
51.0000	600.0000
21.0000	600.0000
23.0000	500.0000
43.0000	649.0000
18.0000	450.0000
36.0000	800.0000
18.0000	345.0000
21.0000	500.0000
32.0000	800.0000
52.0000	956.0000
49.0000	450.0000
33.0000	1700.0000
59.0000	1200.0000
37.0000	640.0000
40.0000	900.0000
51.0000	1800.0000
39.0000	725.0000
75.0000	950.0000
35.0000	1400.0000
25.0000	440.0000
32.0000	1400.0000
33.0000	700.0000
18.0000	200.0000
35.0000	2300.0000
54.0000	2538.0000
18.0000	500.0000
52.0000	900.0000
45.0000	1550.0000
38.0000	1025.0000
23.0000	300.0000
67.0000	425.0000
61.0000	800.0000
48.0000	1800.0000
57.0000	700.0000
56.0000	500.0000
39.0000	700.0000
35.0000	1000.0000
35.0000	1600.0000
18.0000	600.0000
54.0000	830.0000
26.0000	1025.0000
25.0000	505.0000
44.0000	1120.0000
27.0000	1500.0000
62.0000	1000.0000
40.0000	575.0000
50.0000	525.0000
44.0000	650.0000
16.0000	425.0000
38.0000	1600.0000
41.0000	750.0000
58.0000	1050.0000
18.0000	500.0000
47.0000	837.0000
37.0000	901.0000
38.0000	620.0000
46.0000	1000.0000
36.0000	1817.0000
53.0000	900.0000
63.0000	518.0000
27.0000	500.0000
21.0000	600.0000
48.0000	875.0000
40.0000	1250.0000
53.0000	650.0000
19.0000	744.0000
52.0000	800.0000
22.0000	800.0000
34.0000	700.0000
50.0000	1185.0000
56.0000	1700.0000
30.0000	1700.0000
21.0000	435.0000
18.0000	445.0000
15.0000	450.0000
26.0000	1470.0000
51.0000	980.0000
29.0000	1240.0000
33.0000	1000.0000
33.0000	750.0000
48.0000	825.0000
32.0000	1500.0000
49.0000	1800.0000
47.0000	905.0000
38.0000	890.0000
20.0000	515.0000
17.0000	425.0000
48.0000	1000.0000
47.0000	500.0000
57.0000	1100.0000
38.0000	485.0000
34.0000	1875.0000
57.0000	760.0000
31.0000	1200.0000
52.0000	1786.0000
54.0000	725.0000
48.0000	485.0000
48.0000	1600.0000
46.0000	500.0000
52.0000	1400.0000
33.0000	500.0000
35.0000	2100.0000
37.0000	450.0000
35.0000	1175.0000
65.0000	900.0000
55.0000	1600.0000
19.0000	585.0000
72.0000	675.0000
44.0000	850.0000
38.0000	1774.0000
35.0000	1871.0000
53.0000	2000.0000
59.0000	1000.0000
18.0000	400.0000
57.0000	1396.0000
47.0000	1500.0000
30.0000	900.0000
36.0000	2300.0000
34.0000	1300.0000
37.0000	525.0000
29.0000	650.0000
16.0000	425.0000
26.0000	700.0000
44.0000	1600.0000
18.0000	443.0000
22.0000	500.0000
18.0000	425.0000
25.0000	1025.0000
55.0000	1600.0000
28.0000	700.0000
45.0000	1600.0000
41.0000	600.0000
28.0000	2300.0000
21.0000	500.0000
35.0000	750.0000
45.0000	1565.0000
24.0000	500.0000
29.0000	1000.0000
44.0000	1105.0000
18.0000	570.0000
42.0000	2500.0000
29.0000	1160.0000
27.0000	750.0000
43.0000	1683.0000
62.0000	1860.0000
30.0000	1383.0000
22.0000	435.0000
18.0000	450.0000
38.0000	595.0000
37.0000	1200.0000
24.0000	900.0000
67.0000	400.0000
29.0000	1000.0000
61.0000	822.0000
29.0000	1160.0000
52.0000	650.0000
42.0000	2000.0000
25.0000	1250.0000
35.0000	1700.0000
37.0000	900.0000
18.0000	550.0000
38.0000	1572.0000
31.0000	580.0000
45.0000	500.0000
30.0000	1200.0000
34.0000	1600.0000
17.0000	500.0000
47.0000	1000.0000
20.0000	900.0000
17.0000	445.0000
40.0000	1735.0000
49.0000	1300.0000
33.0000	1870.0000
38.0000	942.0000
46.0000	800.0000
39.0000	1300.0000
22.0000	1200.0000
21.0000	600.0000
35.0000	1200.0000
47.0000	1683.0000
49.0000	525.0000
50.0000	1026.0000
42.0000	850.0000
43.0000	1500.0000
45.0000	1220.0000
34.0000	1600.0000
51.0000	1485.0000
30.0000	900.0000
24.0000	550.0000
39.0000	910.0000
34.0000	1307.0000
35.0000	800.0000
37.0000	1371.0000
31.0000	800.0000
49.0000	800.0000
46.0000	1800.0000
37.0000	1200.0000
31.0000	800.0000
30.0000	1044.0000
42.0000	1466.0000
38.0000	900.0000
29.0000	425.0000
46.0000	1214.0000
20.0000	750.0000
36.0000	550.0000
47.0000	800.0000
51.0000	2000.0000
37.0000	1300.0000
16.0000	500.0000
29.0000	582.0000
29.0000	675.0000
44.0000	448.0000
45.0000	942.0000
51.0000	200.0000
34.0000	1280.0000
61.0000	800.0000
35.0000	800.0000
19.0000	564.0000
39.0000	850.0000
30.0000	800.0000
36.0000	1250.0000
31.0000	2100.0000
42.0000	425.0000
44.0000	2800.0000
32.0000	800.0000
35.0000	1100.0000
47.0000	2200.0000
39.0000	800.0000
22.0000	800.0000
22.0000	1157.0000
53.0000	800.0000
38.0000	500.0000
22.0000	450.0000
38.0000	1220.0000
26.0000	600.0000
23.0000	710.0000
23.0000	675.0000
46.0000	1100.0000
21.0000	600.0000
37.0000	800.0000
45.0000	960.0000
46.0000	600.0000
60.0000	1125.0000
46.0000	950.0000
35.0000	1718.0000
37.0000	1175.0000
52.0000	800.0000
31.0000	600.0000
29.0000	1300.0000
47.0000	2000.0000
68.0000	2952.0000
21.0000	500.0000
38.0000	750.0000
41.0000	700.0000
28.0000	600.0000
24.0000	900.0000
31.0000	1094.0000
68.0000	1050.0000
27.0000	710.0000
37.0000	900.0000
37.0000	925.0000
56.0000	500.0000
53.0000	3600.0000
39.0000	3300.0000
37.0000	1085.0000
41.0000	800.0000
51.0000	721.0000
22.0000	800.0000
26.0000	600.0000
16.0000	500.0000
32.0000	660.0000
55.0000	967.0000
42.0000	450.0000
27.0000	658.0000
16.0000	475.0000
25.0000	1100.0000
51.0000	750.0000
35.0000	1400.0000
39.0000	700.0000
44.0000	1510.0000
21.0000	550.0000
25.0000	515.0000
45.0000	1300.0000
43.0000	2026.0000
39.0000	575.0000
28.0000	854.0000
41.0000	1500.0000
46.0000	850.0000
37.0000	960.0000
35.0000	900.0000
37.0000	1300.0000
40.0000	625.0000
40.0000	1100.0000
45.0000	803.0000
46.0000	1200.0000
26.0000	1410.0000
41.0000	1400.0000
43.0000	1000.0000
17.0000	485.0000
34.0000	650.0000
29.0000	750.0000
76.0000	400.0000
30.0000	300.0000
44.0000	450.0000
26.0000	865.0000
34.0000	1625.0000
32.0000	610.0000
33.0000	1400.0000
44.0000	1400.0000
49.0000	830.0000
19.0000	750.0000
32.0000	800.0000
29.0000	650.0000
32.0000	1155.0000
45.0000	3745.0000
52.0000	700.0000
30.0000	1050.0000
24.0000	1700.0000
53.0000	647.0000
44.0000	837.0000
30.0000	1165.0000
33.0000	500.0000
49.0000	725.0000
39.0000	1315.0000
37.0000	1000.0000
28.0000	800.0000
26.0000	700.0000
31.0000	1513.0000
36.0000	1800.0000
33.0000	440.0000
37.0000	1125.0000
45.0000	900.0000
56.0000	571.0000
39.0000	540.0000
30.0000	800.0000
47.0000	445.0000
37.0000	900.0000
22.0000	972.0000
33.0000	1500.0000
30.0000	1700.0000
51.0000	750.0000
39.0000	1150.0000
33.0000	1250.0000
48.0000	1700.0000
58.0000	600.0000
30.0000	600.0000
20.0000	600.0000
40.0000	1800.0000
23.0000	820.0000
50.0000	2500.0000
27.0000	650.0000
58.0000	1864.0000
40.0000	720.0000
47.0000	1789.0000
31.0000	625.0000
29.0000	785.0000
34.0000	460.0000
44.0000	900.0000
24.0000	700.0000
35.0000	450.0000
51.0000	1000.0000
16.0000	500.0000
16.0000	450.0000
43.0000	827.0000
50.0000	900.0000
52.0000	725.0000
19.0000	500.0000
32.0000	400.0000
36.0000	450.0000
48.0000	1400.0000
56.0000	700.0000
35.0000	2030.0000
25.0000	550.0000
55.0000	550.0000
37.0000	417.0000
43.0000	2200.0000
58.0000	605.0000
45.0000	891.0000
19.0000	600.0000
40.0000	645.0000
31.0000	600.0000
25.0000	699.0000
19.0000	425.0000
54.0000	3190.0000
17.0000	450.0000
37.0000	150.0000
28.0000	490.0000
22.0000	650.0000
31.0000	695.0000
41.0000	1260.0000
39.0000	2540.0000
31.0000	1300.0000
61.0000	1350.0000
31.0000	1800.0000
44.0000	2300.0000
16.0000	400.0000
57.0000	1041.0000
23.0000	575.0000
27.0000	1600.0000
21.0000	350.0000
44.0000	757.0000
27.0000	700.0000
57.0000	1210.0000
37.0000	1000.0000
31.0000	1200.0000
18.0000	700.0000
20.0000	512.0000
52.0000	2500.0000
33.0000	1500.0000
35.0000	2208.0000
24.0000	800.0000
50.0000	800.0000
25.0000	720.0000
39.0000	630.0000
48.0000	800.0000
50.0000	700.0000
19.0000	500.0000
27.0000	400.0000
34.0000	560.0000
29.0000	665.0000
44.0000	425.0000
23.0000	600.0000
53.0000	500.0000
30.0000	525.0000
43.0000	550.0000
47.0000	600.0000
35.0000	800.0000
28.0000	800.0000
38.0000	1792.0000
29.0000	540.0000
46.0000	2073.0000
35.0000	850.0000
39.0000	1030.0000
55.0000	1300.0000
31.0000	700.0000
43.0000	1000.0000
28.0000	600.0000
48.0000	455.0000
33.0000	900.0000
61.0000	1165.0000
20.0000	465.0000
18.0000	450.0000
21.0000	325.0000
52.0000	600.0000
31.0000	1339.0000
43.0000	1000.0000
18.0000	800.0000
38.0000	2000.0000
38.0000	800.0000
43.0000	700.0000
32.0000	713.0000
28.0000	650.0000
57.0000	846.0000
22.0000	685.0000
34.0000	2400.0000
42.0000	1600.0000
32.0000	713.0000
54.0000	600.0000
55.0000	2317.0000
41.0000	435.0000
37.0000	700.0000
24.0000	600.0000
28.0000	550.0000
39.0000	1927.0000
28.0000	1900.0000
37.0000	665.0000
47.0000	1300.0000
45.0000	700.0000
18.0000	600.0000
34.0000	450.0000
40.0000	1240.0000
42.0000	1400.0000
38.0000	625.0000
50.0000	800.0000
33.0000	600.0000
28.0000	925.0000
22.0000	900.0000
36.0000	1400.0000
30.0000	990.0000
49.0000	700.0000
54.0000	700.0000
44.0000	1250.0000
51.0000	825.0000
36.0000	2000.0000
63.0000	1500.0000
31.0000	1300.0000
48.0000	1000.0000
35.0000	500.0000
16.0000	425.0000
30.0000	770.0000
53.0000	1560.0000
45.0000	650.0000
16.0000	425.0000
22.0000	575.0000
64.0000	500.0000
90.0000	957.0000
50.0000	500.0000
41.0000	747.0000
47.0000	1500.0000
27.0000	900.0000
23.0000	633.0000
16.0000	425.0000
41.0000	700.0000
34.0000	1200.0000
50.0000	965.0000
27.0000	500.0000
30.0000	900.0000
46.0000	650.0000
57.0000	1700.0000
39.0000	700.0000
26.0000	425.0000
40.0000	1493.0000
27.0000	1000.0000
41.0000	1200.0000
24.0000	1000.0000
28.0000	2300.0000
56.0000	575.0000
23.0000	700.0000
37.0000	1638.0000
23.0000	1050.0000
21.0000	510.0000
27.0000	1000.0000
63.0000	1042.0000
39.0000	1284.0000
54.0000	750.0000
28.0000	700.0000
35.0000	765.0000
59.0000	700.0000
61.0000	2000.0000
57.0000	465.0000
51.0000	1700.0000
25.0000	800.0000
27.0000	600.0000
57.0000	800.0000
26.0000	800.0000
25.0000	800.0000
43.0000	810.0000
46.0000	869.0000
22.0000	400.0000
54.0000	1115.0000
54.0000	213.0000
43.0000	1100.0000
40.0000	900.0000
55.0000	600.0000
41.0000	1800.0000
67.0000	500.0000
44.0000	1750.0000
57.0000	750.0000
27.0000	700.0000
41.0000	2000.0000
42.0000	700.0000
49.0000	1082.0000
43.0000	1700.0000
31.0000	859.0000
20.0000	825.0000
31.0000	626.0000
38.0000	450.0000
27.0000	1200.0000
35.0000	1080.0000
19.0000	500.0000
19.0000	500.0000
48.0000	700.0000
48.0000	1200.0000
54.0000	2500.0000
46.0000	800.0000
41.0000	1805.0000
18.0000	500.0000
26.0000	670.0000
54.0000	1240.0000
55.0000	213.0000
40.0000	1287.0000
21.0000	4807.0000
44.0000	2400.0000
18.0000	525.0000
58.0000	500.0000
25.0000	1105.0000
35.0000	2190.0000
31.0000	1400.0000
23.0000	800.0000
45.0000	1053.0000
54.0000	725.0000
23.0000	500.0000
50.0000	700.0000
37.0000	925.0000
37.0000	850.0000
31.0000	8500.0000
57.0000	950.0000
46.0000	6500.0000
47.0000	1000.0000
39.0000	1330.0000
25.0000	1100.0000
40.0000	1500.0000
34.0000	2141.0000
43.0000	1600.0000
35.0000	1500.0000
32.0000	800.0000
47.0000	800.0000
40.0000	575.0000
18.0000	435.0000
32.0000	1300.0000
52.0000	900.0000
37.0000	1650.0000
42.0000	750.0000
58.0000	425.0000
27.0000	969.0000
24.0000	716.0000
42.0000	2000.0000
39.0000	475.0000
52.0000	600.0000
30.0000	1165.0000
21.0000	460.0000
43.0000	2000.0000
35.0000	1538.0000
29.0000	425.0000
22.0000	1000.0000
33.0000	2200.0000
53.0000	1600.0000
25.0000	860.0000
17.0000	435.0000
51.0000	1660.0000
28.0000	1053.0000
30.0000	561.0000
21.0000	600.0000
45.0000	700.0000
38.0000	1025.0000
27.0000	1120.0000
35.0000	605.0000
52.0000	1500.0000
69.0000	2952.0000
44.0000	952.0000
32.0000	1350.0000
21.0000	450.0000
50.0000	1088.0000
43.0000	1100.0000
23.0000	1000.0000
38.0000	800.0000
34.0000	900.0000
37.0000	525.0000
58.0000	850.0000
32.0000	650.0000
44.0000	2000.0000
40.0000	707.0000
24.0000	750.0000
31.0000	1600.0000
38.0000	1950.0000
33.0000	450.0000
32.0000	327.0000
31.0000	2200.0000
70.0000	1478.0000
35.0000	1625.0000
23.0000	700.0000
24.0000	625.0000
26.0000	975.0000
26.0000	1030.0000
43.0000	760.0000
40.0000	900.0000
23.0000	900.0000
26.0000	800.0000
24.0000	425.0000
48.0000	800.0000
21.0000	550.0000
31.0000	2019.0000
21.0000	1236.0000
26.0000	1300.0000
51.0000	925.0000
34.0000	800.0000
51.0000	900.0000
46.0000	1700.0000
16.0000	450.0000
53.0000	1358.0000
34.0000	826.0000
25.0000	900.0000
56.0000	1150.0000
32.0000	800.0000
46.0000	1050.0000
61.0000	797.0000
17.0000	425.0000
65.0000	650.0000
44.0000	1098.0000
39.0000	1500.0000
24.0000	1960.0000
28.0000	875.0000
28.0000	1119.0000
37.0000	1480.0000
24.0000	900.0000
31.0000	562.0000
23.0000	550.0000
42.0000	2000.0000
26.0000	500.0000
48.0000	1201.0000
18.0000	500.0000
40.0000	1100.0000
43.0000	1500.0000
64.0000	1000.0000
17.0000	500.0000
28.0000	850.0000
31.0000	1800.0000
17.0000	500.0000
39.0000	975.0000
37.0000	819.0000
17.0000	600.0000
36.0000	500.0000
31.0000	635.0000
25.0000	800.0000
40.0000	1150.0000
30.0000	475.0000
21.0000	535.0000
46.0000	700.0000
54.0000	1000.0000
23.0000	1386.0000
28.0000	860.0000
40.0000	675.0000
50.0000	700.0000
37.0000	2355.0000
43.0000	525.0000
58.0000	500.0000
28.0000	1275.0000
23.0000	550.0000
40.0000	790.0000
21.0000	480.0000
58.0000	575.0000
36.0000	1350.0000
22.0000	799.0000
51.0000	425.0000
28.0000	622.0000
29.0000	1000.0000
69.0000	707.0000
35.0000	400.0000
51.0000	1516.0000
47.0000	575.0000
49.0000	1500.0000
45.0000	1422.0000
38.0000	540.0000
40.0000	1220.0000
39.0000	1000.0000
46.0000	900.0000
31.0000	1200.0000
29.0000	925.0000
57.0000	520.0000
33.0000	885.0000
50.0000	1300.0000
21.0000	580.0000
61.0000	1300.0000
32.0000	1000.0000
53.0000	475.0000
29.0000	440.0000
36.0000	700.0000
17.0000	475.0000
25.0000	2100.0000
47.0000	525.0000
29.0000	850.0000
39.0000	1500.0000
19.0000	1000.0000
36.0000	1800.0000
42.0000	1300.0000
39.0000	1592.0000
23.0000	650.0000
58.0000	1384.0000
30.0000	640.0000
46.0000	700.0000
31.0000	1100.0000
68.0000	575.0000
47.0000	1275.0000
22.0000	465.0000
35.0000	817.0000
39.0000	906.0000
31.0000	1500.0000
19.0000	700.0000
38.0000	1836.0000
19.0000	355.0000
19.0000	425.0000
76.0000	435.0000
47.0000	2395.0000
28.0000	425.0000
39.0000	700.0000
39.0000	500.0000
63.0000	550.0000
23.0000	425.0000
30.0000	625.0000
37.0000	1270.0000
24.0000	900.0000
41.0000	525.0000
22.0000	525.0000
42.0000	1900.0000
44.0000	2850.0000
42.0000	460.0000
26.0000	1000.0000
20.0000	500.0000
46.0000	1250.0000
32.0000	800.0000
28.0000	650.0000
48.0000	500.0000
71.0000	550.0000
33.0000	1056.0000
47.0000	1065.0000
22.0000	500.0000
19.0000	544.0000
29.0000	480.0000
30.0000	1200.0000
46.0000	1032.0000
32.0000	1325.0000
22.0000	800.0000
48.0000	763.0000
29.0000	550.0000
54.0000	1715.0000
40.0000	1863.0000
31.0000	865.0000
31.0000	750.0000
22.0000	350.0000
41.0000	700.0000
61.0000	1200.0000
50.0000	1650.0000
78.0000	425.0000
37.0000	800.0000
41.0000	706.0000
40.0000	568.0000
28.0000	1576.0000
26.0000	450.0000
50.0000	500.0000
61.0000	720.0000
38.0000	1300.0000
22.0000	900.0000
19.0000	585.0000
50.0000	400.0000
46.0000	1113.0000
64.0000	1840.0000
53.0000	1000.0000
24.0000	555.0000
52.0000	750.0000
51.0000	1500.0000
25.0000	445.0000
26.0000	1400.0000
34.0000	916.0000
60.0000	2500.0000
47.0000	965.0000
27.0000	425.0000
54.0000	1500.0000
38.0000	750.0000
47.0000	800.0000
24.0000	450.0000
16.0000	400.0000
46.0000	1202.0000
53.0000	450.0000
42.0000	550.0000
40.0000	750.0000
37.0000	1700.0000
36.0000	850.0000
20.0000	800.0000
67.0000	900.0000
50.0000	1300.0000
26.0000	750.0000
50.0000	1506.0000
42.0000	1624.0000
44.0000	1700.0000
36.0000	775.0000
26.0000	2019.0000
60.0000	9400.0000
35.0000	835.0000
49.0000	1882.0000
34.0000	800.0000
67.0000	650.0000
52.0000	850.0000
57.0000	1000.0000
43.0000	425.0000
62.0000	900.0000
49.0000	1200.0000
33.0000	1400.0000
20.0000	850.0000
28.0000	700.0000
37.0000	1000.0000
46.0000	650.0000
32.0000	600.0000
31.0000	850.0000
47.0000	2138.0000
25.0000	2038.0000
64.0000	250.0000
46.0000	1050.0000
22.0000	510.0000
42.0000	500.0000
57.0000	1700.0000
30.0000	800.0000
31.0000	1200.0000
51.0000	550.0000
39.0000	625.0000
48.0000	1150.0000
70.0000	1025.0000
53.0000	2377.0000
34.0000	1087.0000
20.0000	525.0000
24.0000	600.0000
46.0000	2000.0000
37.0000	1100.0000
54.0000	700.0000
40.0000	718.0000
19.0000	800.0000
23.0000	550.0000
41.0000	750.0000
57.0000	1973.0000
29.0000	800.0000
50.0000	525.0000
50.0000	800.0000
43.0000	475.0000
49.0000	1500.0000
49.0000	2500.0000
46.0000	1250.0000
17.0000	425.0000
40.0000	1016.0000
37.0000	1300.0000
32.0000	697.0000
38.0000	1600.0000
30.0000	800.0000
27.0000	750.0000
66.0000	500.0000
19.0000	608.0000
45.0000	1561.0000
38.0000	640.0000
39.0000	1100.0000
31.0000	1200.0000
21.0000	650.0000
54.0000	600.0000
17.0000	425.0000
35.0000	975.0000
18.0000	600.0000
35.0000	800.0000
51.0000	1300.0000
45.0000	1500.0000
55.0000	1919.0000
48.0000	3200.0000
17.0000	450.0000
20.0000	650.0000
46.0000	1550.0000
25.0000	1000.0000
52.0000	620.0000
20.0000	650.0000
33.0000	450.0000
61.0000	950.0000
39.0000	906.0000
32.0000	1100.0000
20.0000	525.0000
34.0000	1240.0000
21.0000	425.0000
32.0000	1100.0000
27.0000	900.0000
24.0000	800.0000
57.0000	4807.0000
33.0000	1568.0000
51.0000	1050.0000
30.0000	1000.0000
50.0000	1100.0000
23.0000	500.0000
47.0000	425.0000
59.0000	627.0000
45.0000	475.0000
49.0000	500.0000
50.0000	900.0000
21.0000	425.0000
39.0000	550.0000
26.0000	650.0000
41.0000	700.0000
24.0000	600.0000
38.0000	550.0000
27.0000	600.0000
39.0000	600.0000
35.0000	205.0000
27.0000	855.0000
32.0000	2100.0000
52.0000	1700.0000
23.0000	600.0000
25.0000	500.0000
19.0000	495.0000
59.0000	1200.0000
19.0000	500.0000
19.0000	560.0000
30.0000	930.0000
38.0000	1783.0000
39.0000	785.0000
67.0000	700.0000
46.0000	1300.0000
24.0000	770.0000
20.0000	70.0000
20.0000	425.0000
33.0000	1800.0000
19.0000	500.0000
19.0000	500.0000
24.0000	725.0000
27.0000	1900.0000
39.0000	1500.0000
59.0000	511.0000
35.0000	860.0000
39.0000	550.0000
34.0000	1200.0000
47.0000	1200.0000
25.0000	425.0000
20.0000	580.0000
37.0000	400.0000
20.0000	500.0000
43.0000	612.0000
55.0000	1200.0000
25.0000	450.0000
24.0000	800.0000
35.0000	1540.0000
18.0000	455.0000
46.0000	1900.0000
39.0000	1050.0000
63.0000	532.0000
42.0000	625.0000
58.0000	1400.0000
18.0000	600.0000
51.0000	800.0000
19.0000	615.0000
20.0000	455.0000
55.0000	1400.0000
56.0000	580.0000
29.0000	960.0000
44.0000	900.0000
20.0000	650.0000
38.0000	700.0000
38.0000	800.0000
28.0000	1250.0000
26.0000	1600.0000
20.0000	425.0000
49.0000	850.0000
40.0000	1024.0000
24.0000	1136.0000
45.0000	700.0000
32.0000	900.0000
40.0000	1500.0000
21.0000	555.0000
39.0000	1004.0000
22.0000	700.0000
39.0000	600.0000
21.0000	757.0000
55.0000	925.0000
26.0000	825.0000
40.0000	425.0000
54.0000	600.0000
26.0000	1240.0000
53.0000	945.0000
36.0000	800.0000
36.0000	1240.0000
52.0000	1075.0000
29.0000	844.0000
33.0000	1003.0000
42.0000	1701.0000
34.0000	2100.0000
35.0000	1150.0000
19.0000	650.0000
49.0000	1500.0000
69.0000	1000.0000
53.0000	1300.0000
65.0000	2200.0000
43.0000	2029.0000
39.0000	600.0000
18.0000	425.0000
31.0000	700.0000
26.0000	550.0000
24.0000	4900.0000
32.0000	450.0000
32.0000	500.0000
39.0000	1270.0000
41.0000	1000.0000
36.0000	1000.0000
42.0000	1000.0000
35.0000	500.0000
29.0000	1433.0000
46.0000	1000.0000
45.0000	2000.0000
36.0000	850.0000
41.0000	800.0000
39.0000	775.0000
38.0000	1000.0000
19.0000	425.0000
54.0000	1700.0000
19.0000	485.0000
24.0000	1100.0000
38.0000	210.0000
49.0000	550.0000
39.0000	1461.0000
26.0000	2136.0000
20.0000	800.0000
50.0000	1600.0000
50.0000	600.0000
33.0000	1800.0000
40.0000	951.0000
67.0000	800.0000
49.0000	1275.0000
45.0000	3400.0000
31.0000	1200.0000
35.0000	2300.0000
27.0000	800.0000
24.0000	1000.0000
46.0000	1500.0000
33.0000	500.0000
28.0000	500.0000
22.0000	676.0000
37.0000	1400.0000
59.0000	700.0000
28.0000	500.0000
46.0000	1350.0000
18.0000	425.0000
20.0000	500.0000
32.0000	1100.0000
54.0000	725.0000
22.0000	703.0000
21.0000	500.0000
49.0000	805.0000
47.0000	250.0000
32.0000	1900.0000
27.0000	560.0000
31.0000	950.0000
41.0000	1800.0000
59.0000	900.0000
41.0000	700.0000
21.0000	450.0000
36.0000	1446.0000
28.0000	1200.0000
50.0000	435.0000
73.0000	475.0000
46.0000	1800.0000
19.0000	500.0000
28.0000	905.0000
49.0000	880.0000
27.0000	1750.0000
51.0000	500.0000
31.0000	900.0000
43.0000	640.0000
42.0000	800.0000
33.0000	710.0000
32.0000	480.0000
51.0000	800.0000
31.0000	720.0000
42.0000	1250.0000
31.0000	900.0000
31.0000	640.0000
46.0000	657.0000
31.0000	550.0000
36.0000	850.0000
38.0000	1900.0000
56.0000	425.0000
21.0000	1500.0000
16.0000	425.0000
53.0000	545.0000
51.0000	1000.0000
45.0000	1200.0000
24.0000	600.0000
43.0000	500.0000
28.0000	1000.0000
41.0000	650.0000
19.0000	650.0000
17.0000	400.0000
22.0000	550.0000
21.0000	550.0000
24.0000	700.0000
41.0000	1435.0000
31.0000	1130.0000
43.0000	1466.0000
30.0000	905.0000
49.0000	825.0000
34.0000	550.0000
21.0000	800.0000
43.0000	935.0000
66.0000	700.0000
37.0000	1550.0000
22.0000	800.0000
51.0000	500.0000
44.0000	600.0000
55.0000	689.0000
62.0000	820.0000
30.0000	707.0000
29.0000	2100.0000
57.0000	808.0000
20.0000	500.0000
27.0000	400.0000
25.0000	400.0000
26.0000	750.0000
42.0000	600.0000
25.0000	1465.0000
70.0000	500.0000
15.0000	500.0000
34.0000	1700.0000
39.0000	1100.0000
43.0000	1202.0000
57.0000	492.0000
40.0000	600.0000
55.0000	1900.0000
27.0000	695.0000
35.0000	500.0000
63.0000	1235.0000
42.0000	1500.0000
45.0000	450.0000
29.0000	600.0000
28.0000	798.0000
62.0000	745.0000
49.0000	1500.0000
34.0000	900.0000
22.0000	300.0000
24.0000	549.0000
33.0000	400.0000
30.0000	550.0000
52.0000	1100.0000
59.0000	1000.0000
25.0000	590.0000
42.0000	1050.0000
19.0000	625.0000
17.0000	450.0000
23.0000	1000.0000
35.0000	700.0000
63.0000	1350.0000
18.0000	425.0000
28.0000	725.0000
61.0000	600.0000
30.0000	1000.0000
17.0000	450.0000
23.0000	650.0000
54.0000	1550.0000
43.0000	1500.0000
38.0000	820.0000
34.0000	865.0000
35.0000	1025.0000
68.0000	525.0000
29.0000	1065.0000
39.0000	1533.0000
44.0000	800.0000
27.0000	1000.0000
24.0000	700.0000
26.0000	700.0000
32.0000	550.0000
35.0000	1450.0000
44.0000	700.0000
30.0000	612.0000
52.0000	762.0000
47.0000	650.0000
43.0000	1700.0000
21.0000	500.0000
51.0000	425.0000
26.0000	1010.0000
40.0000	2532.0000
32.0000	390.0000
30.0000	1300.0000
39.0000	950.0000
57.0000	817.0000
22.0000	750.0000
26.0000	1000.0000
18.0000	475.0000
55.0000	675.0000
30.0000	3600.0000
21.0000	385.0000
57.0000	442.0000
33.0000	1075.0000
22.0000	600.0000
59.0000	700.0000
42.0000	2072.0000
28.0000	1200.0000
24.0000	710.0000
50.0000	1700.0000
49.0000	757.0000
18.0000	540.0000
47.0000	1100.0000
39.0000	1600.0000
37.0000	800.0000
33.0000	700.0000
63.0000	465.0000
25.0000	1074.0000
26.0000	575.0000
29.0000	660.0000
49.0000	450.0000
55.0000	600.0000
43.0000	730.0000
17.0000	400.0000
59.0000	846.0000
35.0000	891.0000
25.0000	1150.0000
51.0000	646.0000
20.0000	550.0000
28.0000	500.0000
50.0000	750.0000
66.0000	850.0000
40.0000	2000.0000
46.0000	2000.0000
20.0000	750.0000
28.0000	600.0000
59.0000	500.0000
19.0000	500.0000
33.0000	850.0000
43.0000	1400.0000
21.0000	465.0000
34.0000	1400.0000
31.0000	1800.0000
33.0000	1156.0000
27.0000	1200.0000
49.0000	910.0000
53.0000	2915.0000
23.0000	500.0000
22.0000	800.0000
23.0000	700.0000
51.0000	885.0000
38.0000	721.0000
20.0000	1000.0000
26.0000	710.0000
29.0000	425.0000
39.0000	883.0000
61.0000	2366.0000
18.0000	500.0000
37.0000	1400.0000
51.0000	500.0000
17.0000	435.0000
51.0000	2000.0000
19.0000	100.0000
35.0000	1149.0000
25.0000	955.0000
38.0000	1300.0000
21.0000	600.0000
22.0000	486.0000
16.0000	425.0000
33.0000	847.0000
29.0000	500.0000
54.0000	1079.0000
49.0000	1000.0000
40.0000	675.0000
33.0000	962.0000
58.0000	1167.0000
55.0000	500.0000
26.0000	225.0000
17.0000	500.0000
32.0000	750.0000
43.0000	1000.0000
41.0000	850.0000
33.0000	1500.0000
17.0000	450.0000
33.0000	2500.0000
24.0000	623.0000
24.0000	900.0000
15.0000	425.0000
42.0000	1057.0000
59.0000	1201.0000
16.0000	495.0000
34.0000	1000.0000
57.0000	1490.0000
28.0000	938.0000
22.0000	900.0000
55.0000	1383.0000
50.0000	940.0000
21.0000	550.0000
33.0000	850.0000
19.0000	500.0000
21.0000	600.0000
29.0000	1000.0000
38.0000	646.0000
25.0000	700.0000
40.0000	710.0000
17.0000	500.0000
25.0000	600.0000
37.0000	2150.0000
21.0000	800.0000
65.0000	1000.0000
43.0000	525.0000
43.0000	1269.0000
20.0000	1025.0000
42.0000	1758.0000
59.0000	1200.0000
25.0000	650.0000
23.0000	550.0000
44.0000	1062.0000
28.0000	975.0000
25.0000	1500.0000
37.0000	1700.0000
21.0000	540.0000
43.0000	1150.0000
30.0000	660.0000
49.0000	775.0000
53.0000	525.0000
40.0000	1986.0000
36.0000	1530.0000
37.0000	1156.0000
68.0000	500.0000
23.0000	730.0000
32.0000	1000.0000
31.0000	900.0000
35.0000	1005.0000
21.0000	425.0000
62.0000	495.0000
43.0000	1700.0000
19.0000	550.0000
28.0000	1300.0000
23.0000	600.0000
19.0000	425.0000
25.0000	1107.0000
33.0000	1200.0000
40.0000	1240.0000
54.0000	500.0000
25.0000	1100.0000
27.0000	1000.0000
23.0000	525.0000
38.0000	500.0000
23.0000	550.0000
35.0000	750.0000
31.0000	1050.0000
34.0000	560.0000
24.0000	700.0000
18.0000	600.0000
49.0000	590.0000
47.0000	1634.0000
33.0000	955.0000
40.0000	600.0000
21.0000	800.0000
23.0000	550.0000
43.0000	1250.0000
58.0000	1300.0000
62.0000	1300.0000
61.0000	1497.0000
29.0000	500.0000
52.0000	865.0000
40.0000	700.0000
21.0000	625.0000
32.0000	1100.0000
21.0000	900.0000
48.0000	800.0000
42.0000	1200.0000
42.0000	1463.0000
36.0000	2200.0000
50.0000	473.0000
27.0000	642.0000
22.0000	500.0000
31.0000	600.0000
39.0000	1566.0000
23.0000	500.0000
36.0000	800.0000
16.0000	435.0000
42.0000	850.0000
30.0000	1500.0000
37.0000	425.0000
38.0000	465.0000
29.0000	1200.0000
30.0000	1150.0000
17.0000	200.0000
23.0000	775.0000
44.0000	1253.0000
39.0000	1000.0000
35.0000	2700.0000
46.0000	2900.0000
56.0000	1167.0000
42.0000	720.0000
47.0000	500.0000
59.0000	956.0000
47.0000	950.0000
36.0000	425.0000
24.0000	465.0000
31.0000	600.0000
32.0000	900.0000
24.0000	700.0000
23.0000	850.0000
29.0000	875.0000
60.0000	800.0000
28.0000	860.0000
29.0000	740.0000
20.0000	920.0000
31.0000	1300.0000
20.0000	400.0000
23.0000	585.0000
46.0000	1950.0000
65.0000	250.0000
51.0000	803.0000
38.0000	1104.0000
40.0000	700.0000
57.0000	575.0000
48.0000	1500.0000
34.0000	750.0000
47.0000	1300.0000
30.0000	917.0000
29.0000	585.0000
27.0000	1000.0000
38.0000	745.0000
22.0000	600.0000
37.0000	1164.0000
30.0000	1300.0000
44.0000	1135.0000
15.0000	425.0000
24.0000	850.0000
46.0000	1571.0000
44.0000	1145.0000
46.0000	1540.0000
47.0000	1300.0000
38.0000	525.0000
25.0000	1210.0000
27.0000	2200.0000
51.0000	2178.0000
39.0000	425.0000
44.0000	976.0000
29.0000	696.0000
65.0000	800.0000
60.0000	800.0000
68.0000	1650.0000
50.0000	2500.0000
21.0000	500.0000
41.0000	800.0000
52.0000	850.0000
39.0000	646.0000
22.0000	550.0000
53.0000	2300.0000
24.0000	602.0000
33.0000	700.0000
19.0000	800.0000
44.0000	700.0000
30.0000	755.0000
29.0000	500.0000
39.0000	1600.0000
20.0000	800.0000
24.0000	233.0000
47.0000	2132.0000
73.0000	425.0000
31.0000	1000.0000
41.0000	1300.0000
44.0000	1976.0000
49.0000	2200.0000
27.0000	1300.0000
38.0000	550.0000
17.0000	600.0000
45.0000	800.0000
55.0000	1200.0000
24.0000	985.0000
47.0000	500.0000
37.0000	700.0000
34.0000	1100.0000
20.0000	770.0000
42.0000	784.0000
18.0000	450.0000
76.0000	2200.0000
30.0000	650.0000
28.0000	440.0000
40.0000	900.0000
41.0000	500.0000
56.0000	100.0000
42.0000	1305.0000
41.0000	300.0000
23.0000	900.0000
29.0000	1800.0000
22.0000	850.0000
24.0000	425.0000
39.0000	575.0000
44.0000	1787.0000
39.0000	1898.0000
32.0000	495.0000
24.0000	1100.0000
17.0000	430.0000
52.0000	937.0000
40.0000	1300.0000
68.0000	490.0000
30.0000	1400.0000
32.0000	1000.0000
35.0000	1100.0000
18.0000	525.0000
23.0000	600.0000
43.0000	1800.0000
24.0000	250.0000
51.0000	500.0000
38.0000	868.0000
27.0000	956.0000
32.0000	400.0000
52.0000	1820.0000
37.0000	550.0000
23.0000	565.0000
51.0000	1135.0000
36.0000	850.0000
38.0000	600.0000
28.0000	435.0000
24.0000	547.0000
39.0000	500.0000
38.0000	800.0000
30.0000	700.0000
71.0000	1200.0000
36.0000	1762.0000
22.0000	700.0000
41.0000	1000.0000
50.0000	1188.0000
33.0000	1500.0000
19.0000	500.0000
32.0000	655.0000
51.0000	690.0000
43.0000	1800.0000
21.0000	475.0000
65.0000	500.0000
21.0000	600.0000
33.0000	800.0000
49.0000	1850.0000
29.0000	825.0000
24.0000	750.0000
27.0000	650.0000
26.0000	1500.0000
17.0000	455.0000
22.0000	575.0000
32.0000	1000.0000
50.0000	615.0000
36.0000	600.0000
16.0000	500.0000
49.0000	850.0000
56.0000	750.0000
51.0000	900.0000
53.0000	1400.0000
38.0000	1356.0000
55.0000	1149.0000
17.0000	425.0000
23.0000	800.0000
45.0000	900.0000
19.0000	425.0000
34.0000	1300.0000
34.0000	1000.0000
25.0000	600.0000
41.0000	500.0000
43.0000	1245.0000
46.0000	1100.0000
23.0000	800.0000
40.0000	650.0000
43.0000	1239.0000
60.0000	1500.0000
29.0000	699.0000
51.0000	2295.0000
30.0000	900.0000
40.0000	425.0000
24.0000	1150.0000
56.0000	1500.0000
31.0000	945.0000
45.0000	1500.0000
34.0000	252.0000
19.0000	500.0000
58.0000	1600.0000
58.0000	425.0000
35.0000	1112.0000
17.0000	475.0000
51.0000	900.0000
21.0000	500.0000
43.0000	1000.0000
67.0000	900.0000
20.0000	725.0000
52.0000	1600.0000
32.0000	600.0000
38.0000	1400.0000
32.0000	1720.0000
42.0000	1311.0000
21.0000	450.0000
46.0000	425.0000
37.0000	600.0000
42.0000	1200.0000
52.0000	800.0000
33.0000	1050.0000
32.0000	832.0000
42.0000	1100.0000
60.0000	1987.0000
24.0000	750.0000
22.0000	700.0000
30.0000	213.0000
24.0000	650.0000
41.0000	1160.0000
21.0000	500.0000
28.0000	700.0000
18.0000	430.0000
42.0000	700.0000
37.0000	1607.0000
24.0000	1050.0000
31.0000	550.0000
33.0000	1100.0000
27.0000	500.0000
52.0000	2600.0000
37.0000	1700.0000
20.0000	637.0000
58.0000	1000.0000
17.0000	425.0000
41.0000	1500.0000
65.0000	505.0000
63.0000	565.0000
31.0000	800.0000
44.0000	1017.0000
36.0000	950.0000
53.0000	901.0000
21.0000	740.0000
39.0000	550.0000
29.0000	638.0000
54.0000	900.0000
35.0000	1400.0000
51.0000	1500.0000
16.0000	450.0000
28.0000	810.0000
44.0000	700.0000
47.0000	756.0000
32.0000	895.0000
27.0000	465.0000
59.0000	5000.0000
19.0000	500.0000
60.0000	946.0000
26.0000	1200.0000
30.0000	1235.0000
19.0000	435.0000
40.0000	1310.0000
36.0000	1272.0000
47.0000	600.0000
46.0000	1297.0000
19.0000	550.0000
44.0000	1000.0000
31.0000	800.0000
29.0000	900.0000
23.0000	505.0000
37.0000	1200.0000
29.0000	600.0000
47.0000	1365.0000
17.0000	465.0000
24.0000	725.0000
18.0000	500.0000
30.0000	1325.0000
22.0000	850.0000
56.0000	700.0000
23.0000	600.0000
45.0000	1350.0000
39.0000	1729.0000
24.0000	475.0000
19.0000	515.0000
41.0000	1150.0000
54.0000	1040.0000
36.0000	1700.0000
22.0000	550.0000
45.0000	1300.0000
18.0000	600.0000
35.0000	1000.0000
19.0000	475.0000
23.0000	465.0000
37.0000	678.0000
37.0000	1005.0000
54.0000	2000.0000
29.0000	500.0000
37.0000	2300.0000
22.0000	700.0000
18.0000	630.0000
25.0000	745.0000
52.0000	1450.0000
55.0000	500.0000
56.0000	1100.0000
42.0000	500.0000
57.0000	1100.0000
90.0000	735.0000
23.0000	835.0000
32.0000	950.0000
26.0000	756.0000
63.0000	560.0000
25.0000	500.0000
42.0000	1050.0000
31.0000	500.0000
45.0000	450.0000
39.0000	1474.0000
34.0000	830.0000
34.0000	1500.0000
27.0000	1784.0000
18.0000	600.0000
42.0000	1025.0000
16.0000	500.0000
50.0000	1000.0000
41.0000	637.0000
33.0000	750.0000
28.0000	1677.0000
22.0000	799.0000
19.0000	450.0000
31.0000	475.0000
40.0000	1600.0000
29.0000	500.0000
28.0000	1000.0000
49.0000	450.0000
56.0000	600.0000
52.0000	1088.0000
18.0000	500.0000
49.0000	1100.0000
56.0000	721.0000
42.0000	1600.0000
20.0000	625.0000
58.0000	400.0000
61.0000	1500.0000
15.0000	400.0000
51.0000	732.0000
24.0000	600.0000
20.0000	750.0000
17.0000	600.0000
43.0000	900.0000
30.0000	2100.0000
31.0000	700.0000
49.0000	465.0000
59.0000	715.0000
34.0000	750.0000
24.0000	525.0000
49.0000	1140.0000
34.0000	610.0000
43.0000	950.0000
20.0000	850.0000
38.0000	635.0000
30.0000	213.0000
69.0000	2500.0000
41.0000	1200.0000
37.0000	1375.0000
54.0000	900.0000
56.0000	600.0000
36.0000	963.0000
23.0000	800.0000
57.0000	1300.0000
39.0000	1550.0000
51.0000	700.0000
32.0000	2000.0000
31.0000	650.0000
45.0000	1800.0000
24.0000	808.0000
32.0000	1300.0000
26.0000	975.0000
47.0000	910.0000
27.0000	700.0000
24.0000	800.0000
38.0000	800.0000
25.0000	575.0000
32.0000	885.0000
28.0000	600.0000
41.0000	600.0000
34.0000	600.0000
63.0000	600.0000
38.0000	600.0000
25.0000	930.0000
37.0000	2500.0000
40.0000	675.0000
37.0000	450.0000
33.0000	2451.0000
30.0000	1000.0000
48.0000	725.0000
51.0000	1731.0000
25.0000	1210.0000
52.0000	964.0000
19.0000	425.0000
27.0000	800.0000
30.0000	1000.0000
45.0000	942.0000
59.0000	500.0000
49.0000	500.0000
43.0000	600.0000
67.0000	1000.0000
26.0000	900.0000
59.0000	600.0000
21.0000	435.0000
37.0000	600.0000
48.0000	950.0000
22.0000	450.0000
42.0000	2538.0000
39.0000	1428.0000
19.0000	600.0000
40.0000	820.0000
39.0000	1308.0000
37.0000	800.0000
24.0000	425.0000
18.0000	700.0000
39.0000	2067.0000
53.0000	2100.0000
35.0000	600.0000
50.0000	1000.0000
49.0000	400.0000
43.0000	825.0000
42.0000	1750.0000
33.0000	400.0000
41.0000	1202.0000
34.0000	1276.0000
50.0000	900.0000
43.0000	449.0000
43.0000	700.0000
54.0000	1500.0000
51.0000	800.0000
36.0000	1950.0000
22.0000	1100.0000
44.0000	525.0000
60.0000	1050.0000
29.0000	1100.0000
47.0000	860.0000
28.0000	950.0000
61.0000	700.0000
18.0000	500.0000
24.0000	710.0000
60.0000	730.0000
39.0000	660.0000
31.0000	715.0000
31.0000	825.0000
27.0000	1035.0000
35.0000	600.0000
35.0000	1556.0000
56.0000	1028.0000
61.0000	710.0000
35.0000	2000.0000
24.0000	425.0000
41.0000	1160.0000
60.0000	1700.0000
23.0000	500.0000
32.0000	1200.0000
23.0000	600.0000
51.0000	1800.0000
66.0000	1300.0000
51.0000	1100.0000
34.0000	844.0000
56.0000	1100.0000
27.0000	500.0000
42.0000	2100.0000
37.0000	860.0000
29.0000	706.0000
48.0000	870.0000
60.0000	530.0000
39.0000	811.0000
40.0000	1600.0000
42.0000	787.0000
25.0000	435.0000
45.0000	1449.0000
59.0000	1200.0000
19.0000	550.0000
34.0000	1255.0000
46.0000	535.0000
25.0000	800.0000
40.0000	1350.0000
30.0000	1500.0000
42.0000	2200.0000
37.0000	500.0000
43.0000	1050.0000
41.0000	600.0000
40.0000	750.0000
49.0000	1994.0000
19.0000	700.0000
25.0000	1100.0000
24.0000	725.0000
34.0000	1590.0000
34.0000	1600.0000
39.0000	1600.0000
54.0000	1000.0000
32.0000	600.0000
36.0000	782.0000
18.0000	550.0000
44.0000	800.0000
30.0000	1000.0000
24.0000	845.0000
55.0000	1000.0000
24.0000	991.0000
34.0000	425.0000
23.0000	500.0000
45.0000	1429.0000
24.0000	600.0000
59.0000	550.0000
39.0000	3000.0000
44.0000	731.0000
40.0000	1157.0000
34.0000	550.0000
38.0000	810.0000
29.0000	500.0000
69.0000	435.0000
52.0000	425.0000
26.0000	450.0000
18.0000	425.0000
54.0000	1200.0000
68.0000	2400.0000
27.0000	400.0000
48.0000	550.0000
24.0000	735.0000
23.0000	650.0000
28.0000	900.0000
62.0000	1864.0000
19.0000	440.0000
42.0000	2350.0000
67.0000	530.0000
19.0000	500.0000
37.0000	1045.0000
33.0000	810.0000
46.0000	1800.0000
54.0000	600.0000
36.0000	500.0000
18.0000	290.0000
59.0000	550.0000
41.0000	1050.0000
33.0000	1303.0000
38.0000	2000.0000
30.0000	3200.0000
55.0000	525.0000
22.0000	550.0000
51.0000	1200.0000
19.0000	450.0000
17.0000	425.0000
59.0000	1400.0000
29.0000	932.0000
17.0000	425.0000
47.0000	2000.0000
17.0000	600.0000
57.0000	946.0000
57.0000	750.0000
30.0000	789.0000
41.0000	1800.0000
17.0000	500.0000
33.0000	1100.0000
24.0000	500.0000
67.0000	700.0000
42.0000	1479.0000
37.0000	2740.0000
34.0000	756.0000
36.0000	850.0000
23.0000	425.0000
37.0000	1550.0000
35.0000	800.0000
28.0000	832.0000
71.0000	325.0000
37.0000	800.0000
39.0000	3750.0000
28.0000	1500.0000
54.0000	445.0000
55.0000	1397.0000
43.0000	800.0000
17.0000	400.0000
29.0000	1721.0000
39.0000	825.0000
22.0000	700.0000
21.0000	825.0000
56.0000	845.0000
40.0000	675.0000
30.0000	750.0000
41.0000	595.0000
41.0000	800.0000
18.0000	303.0000
64.0000	1850.0000
40.0000	1280.0000
33.0000	1800.0000
34.0000	2500.0000
62.0000	600.0000
36.0000	600.0000
15.0000	435.0000
20.0000	825.0000
36.0000	1200.0000
49.0000	1000.0000
38.0000	800.0000
16.0000	425.0000
33.0000	1200.0000
18.0000	750.0000
47.0000	2050.0000
56.0000	1000.0000
26.0000	650.0000
29.0000	3300.0000
40.0000	2020.0000
21.0000	540.0000
35.0000	700.0000
48.0000	1036.0000
55.0000	800.0000
53.0000	1923.0000
25.0000	425.0000
41.0000	600.0000
27.0000	650.0000
25.0000	700.0000
38.0000	1700.0000
56.0000	700.0000
47.0000	636.0000
31.0000	1000.0000
28.0000	700.0000
25.0000	500.0000
62.0000	800.0000
47.0000	669.0000
31.0000	1200.0000
39.0000	835.0000
32.0000	500.0000
36.0000	1100.0000
62.0000	215.0000
60.0000	460.0000
40.0000	1200.0000
40.0000	771.0000
23.0000	900.0000
44.0000	760.0000
26.0000	1700.0000
33.0000	1300.0000
23.0000	230.0000
36.0000	825.0000
44.0000	1250.0000
33.0000	1258.0000
33.0000	700.0000
78.0000	2952.0000
48.0000	2290.0000
39.0000	475.0000
29.0000	1500.0000
24.0000	800.0000
28.0000	1300.0000
51.0000	979.0000
56.0000	1800.0000
65.0000	435.0000
44.0000	1805.0000
36.0000	1400.0000
50.0000	600.0000
42.0000	1200.0000
59.0000	600.0000
25.0000	425.0000
41.0000	450.0000
19.0000	520.0000
28.0000	425.0000
26.0000	850.0000
53.0000	964.0000
26.0000	400.0000
59.0000	800.0000
52.0000	950.0000
16.0000	400.0000
39.0000	678.0000
52.0000	1200.0000
20.0000	750.0000
41.0000	1365.0000
47.0000	3205.0000
35.0000	2035.0000
33.0000	1800.0000
37.0000	900.0000
41.0000	850.0000
60.0000	800.0000
25.0000	600.0000
39.0000	1500.0000
18.0000	500.0000
44.0000	988.0000
26.0000	803.0000
49.0000	2200.0000
17.0000	525.0000
61.0000	965.0000
36.0000	766.0000
33.0000	450.0000
39.0000	825.0000
57.0000	1100.0000
41.0000	1600.0000
39.0000	1854.0000
51.0000	730.0000
18.0000	500.0000
48.0000	1215.0000
44.0000	800.0000
41.0000	950.0000
27.0000	1200.0000
22.0000	744.0000
23.0000	425.0000
75.0000	435.0000
21.0000	475.0000
20.0000	425.0000
26.0000	800.0000
68.0000	425.0000
37.0000	2100.0000
37.0000	1400.0000
47.0000	1200.0000
35.0000	1900.0000
37.0000	2500.0000
41.0000	830.0000
38.0000	951.0000
45.0000	1030.0000
47.0000	600.0000
30.0000	1313.0000
46.0000	1096.0000
39.0000	832.0000
34.0000	1538.0000
33.0000	1500.0000
18.0000	425.0000
56.0000	715.0000
44.0000	1756.0000
53.0000	725.0000
34.0000	800.0000
34.0000	450.0000
23.0000	458.0000
21.0000	425.0000
27.0000	900.0000
27.0000	730.0000
21.0000	800.0000
60.0000	800.0000
21.0000	600.0000
40.0000	1500.0000
34.0000	700.0000
23.0000	700.0000
47.0000	1800.0000
47.0000	1500.0000
18.0000	500.0000
27.0000	500.0000
52.0000	2000.0000
26.0000	800.0000
55.0000	700.0000
46.0000	1871.0000
31.0000	1000.0000
31.0000	600.0000
45.0000	832.0000
21.0000	500.0000
57.0000	800.0000
38.0000	550.0000
28.0000	1500.0000
24.0000	700.0000
41.0000	1150.0000
54.0000	1150.0000
42.0000	800.0000
31.0000	850.0000
27.0000	1000.0000
24.0000	435.0000
55.0000	675.0000
20.0000	525.0000
36.0000	888.0000
25.0000	1105.0000
36.0000	1759.0000
22.0000	425.0000
46.0000	1592.0000
23.0000	600.0000
52.0000	4000.0000
19.0000	425.0000
56.0000	1919.0000
37.0000	565.0000
36.0000	610.0000
48.0000	980.0000
20.0000	525.0000
29.0000	700.0000
22.0000	525.0000
52.0000	1442.0000
62.0000	825.0000
47.0000	800.0000
22.0000	425.0000
35.0000	700.0000
33.0000	1000.0000
31.0000	425.0000
46.0000	1300.0000
45.0000	1300.0000
37.0000	525.0000
23.0000	650.0000
33.0000	986.0000
36.0000	2375.0000
43.0000	700.0000
38.0000	1100.0000
44.0000	975.0000
30.0000	1566.0000
58.0000	1800.0000
38.0000	425.0000
41.0000	475.0000
31.0000	1000.0000
24.0000	750.0000
24.0000	525.0000
23.0000	475.0000
27.0000	1500.0000
27.0000	450.0000
33.0000	708.0000
46.0000	1600.0000
56.0000	1200.0000
53.0000	650.0000
38.0000	800.0000
44.0000	1250.0000
35.0000	956.0000
36.0000	1222.0000
39.0000	700.0000
29.0000	500.0000
17.0000	465.0000
30.0000	500.0000
24.0000	600.0000
34.0000	653.0000
15.0000	435.0000
21.0000	425.0000
20.0000	500.0000
24.0000	213.0000
30.0000	1550.0000
24.0000	650.0000
56.0000	500.0000
45.0000	787.0000
46.0000	1200.0000
31.0000	900.0000
35.0000	1163.0000
39.0000	525.0000
18.0000	650.0000
37.0000	500.0000
58.0000	425.0000
34.0000	600.0000
59.0000	1532.0000
27.0000	1251.0000
53.0000	2150.0000
58.0000	700.0000
22.0000	425.0000
27.0000	575.0000
57.0000	3100.0000
36.0000	500.0000
29.0000	1200.0000
29.0000	1724.0000
63.0000	550.0000
43.0000	1042.0000
61.0000	900.0000
38.0000	1465.0000
27.0000	700.0000
31.0000	700.0000
59.0000	550.0000
55.0000	750.0000
24.0000	1800.0000
37.0000	700.0000
43.0000	980.0000
29.0000	700.0000
68.0000	611.0000
50.0000	700.0000
26.0000	500.0000
36.0000	891.0000
20.0000	5000.0000
46.0000	1700.0000
44.0000	875.0000
22.0000	500.0000
59.0000	1121.0000
51.0000	1800.0000
24.0000	650.0000
52.0000	1250.0000
58.0000	500.0000
61.0000	725.0000
18.0000	425.0000
41.0000	800.0000
41.0000	887.0000
24.0000	850.0000
37.0000	550.0000
45.0000	1225.0000
27.0000	750.0000
38.0000	700.0000
33.0000	700.0000
45.0000	2116.0000
47.0000	805.0000
34.0000	1400.0000
17.0000	475.0000
36.0000	1905.0000
42.0000	600.0000
24.0000	500.0000
25.0000	1471.0000
46.0000	1400.0000
30.0000	1530.0000
50.0000	1250.0000
24.0000	615.0000
49.0000	825.0000
55.0000	800.0000
42.0000	906.0000
37.0000	1800.0000
45.0000	500.0000
36.0000	500.0000
19.0000	600.0000
27.0000	1059.0000
47.0000	1000.0000
63.0000	689.0000
29.0000	950.0000
35.0000	500.0000
30.0000	1000.0000
37.0000	611.0000
22.0000	725.0000
17.0000	700.0000
56.0000	750.0000
22.0000	435.0000
22.0000	1000.0000
42.0000	495.0000
38.0000	2100.0000
45.0000	1440.0000
20.0000	500.0000
29.0000	1215.0000
40.0000	2250.0000
61.0000	500.0000
32.0000	650.0000
57.0000	850.0000
29.0000	600.0000
36.0000	750.0000
34.0000	700.0000
54.0000	820.0000
33.0000	400.0000
23.0000	550.0000
35.0000	900.0000
17.0000	430.0000
22.0000	700.0000
69.0000	1100.0000
30.0000	585.0000
59.0000	575.0000
28.0000	725.0000
49.0000	1600.0000
39.0000	830.0000
47.0000	685.0000
46.0000	1342.0000
51.0000	1000.0000
49.0000	750.0000
48.0000	550.0000
40.0000	790.0000
30.0000	1045.0000
42.0000	2200.0000
34.0000	1650.0000
19.0000	500.0000
34.0000	850.0000
15.0000	435.0000
45.0000	1600.0000
52.0000	1100.0000
22.0000	1100.0000
31.0000	1915.0000
46.0000	1350.0000
47.0000	1100.0000
40.0000	400.0000
37.0000	1300.0000
52.0000	525.0000
27.0000	698.0000
37.0000	600.0000
22.0000	600.0000
25.0000	1000.0000
53.0000	1057.0000
22.0000	450.0000
46.0000	1200.0000
58.0000	1000.0000
50.0000	1200.0000
37.0000	750.0000
24.0000	650.0000
22.0000	800.0000
19.0000	675.0000
56.0000	1150.0000
25.0000	550.0000
21.0000	600.0000
39.0000	2500.0000
23.0000	425.0000
55.0000	875.0000
50.0000	1297.0000
43.0000	1700.0000
26.0000	750.0000
48.0000	747.0000
29.0000	1000.0000
41.0000	500.0000
30.0000	1186.0000
48.0000	1400.0000
26.0000	400.0000
36.0000	735.0000
51.0000	1296.0000
54.0000	700.0000
30.0000	900.0000
58.0000	1864.0000
36.0000	1000.0000
32.0000	1800.0000
45.0000	900.0000
38.0000	1875.0000
39.0000	625.0000
43.0000	1200.0000
23.0000	1000.0000
46.0000	1600.0000
34.0000	950.0000
39.0000	640.0000
20.0000	800.0000
47.0000	700.0000
20.0000	475.0000
35.0000	1100.0000
22.0000	500.0000
25.0000	850.0000
29.0000	1200.0000
31.0000	700.0000
37.0000	525.0000
37.0000	532.0000
26.0000	1067.0000
34.0000	700.0000
39.0000	600.0000
29.0000	781.0000
33.0000	900.0000
39.0000	600.0000
25.0000	1730.0000
55.0000	800.0000
30.0000	750.0000
16.0000	425.0000
25.0000	600.0000
48.0000	1940.0000
38.0000	1500.0000
52.0000	1300.0000
55.0000	625.0000
50.0000	1210.0000
27.0000	345.0000
20.0000	505.0000
37.0000	755.0000
28.0000	788.0000
21.0000	1050.0000
29.0000	500.0000
24.0000	550.0000
42.0000	2500.0000
19.0000	700.0000
47.0000	1489.0000
33.0000	1400.0000
40.0000	600.0000
54.0000	5500.0000
37.0000	721.0000
48.0000	600.0000
16.0000	500.0000
23.0000	600.0000
50.0000	1123.0000
31.0000	1035.0000
43.0000	695.0000
46.0000	2700.0000
34.0000	627.0000
22.0000	650.0000
22.0000	600.0000
41.0000	1100.0000
40.0000	800.0000
25.0000	2100.0000
44.0000	1000.0000
40.0000	1120.0000
46.0000	525.0000
34.0000	1175.0000
22.0000	781.0000
50.0000	2000.0000
34.0000	600.0000
31.0000	850.0000
17.0000	450.0000
22.0000	1058.0000
34.0000	550.0000
52.0000	670.0000
17.0000	1500.0000
20.0000	675.0000
35.0000	800.0000
36.0000	425.0000
41.0000	870.0000
55.0000	425.0000
25.0000	775.0000
24.0000	1000.0000
52.0000	1250.0000
41.0000	1400.0000
34.0000	772.0000
25.0000	450.0000
33.0000	1500.0000
29.0000	600.0000
40.0000	400.0000
46.0000	1300.0000
33.0000	600.0000
39.0000	1950.0000
26.0000	700.0000
29.0000	800.0000
60.0000	580.0000
32.0000	700.0000
21.0000	580.0000
27.0000	1000.0000
16.0000	450.0000
30.0000	300.0000
42.0000	400.0000
30.0000	550.0000
20.0000	425.0000
42.0000	900.0000
24.0000	872.0000
48.0000	800.0000
53.0000	1195.0000
26.0000	990.0000
19.0000	525.0000
52.0000	100.0000
17.0000	450.0000
43.0000	850.0000
43.0000	1150.0000
44.0000	2500.0000
38.0000	680.0000
30.0000	2200.0000
65.0000	1000.0000
29.0000	500.0000
57.0000	879.0000
48.0000	945.0000
26.0000	2100.0000
16.0000	425.0000
57.0000	1450.0000
34.0000	550.0000
24.0000	1400.0000
44.0000	590.0000
49.0000	500.0000
45.0000	1480.0000
50.0000	546.0000
27.0000	800.0000
39.0000	779.0000
30.0000	800.0000
52.0000	1700.0000
51.0000	1300.0000
31.0000	535.0000
65.0000	1000.0000
58.0000	500.0000
37.0000	1360.0000
19.0000	425.0000
37.0000	1100.0000
23.0000	1200.0000
41.0000	850.0000
31.0000	1700.0000
20.0000	750.0000
33.0000	1500.0000
63.0000	500.0000
37.0000	700.0000
32.0000	255.0000
47.0000	600.0000
47.0000	1226.0000
24.0000	515.0000
49.0000	925.0000
52.0000	550.0000
27.0000	425.0000
68.0000	928.0000
66.0000	1450.0000
25.0000	1486.0000
43.0000	1272.0000
30.0000	975.0000
15.0000	475.0000
42.0000	1500.0000
17.0000	500.0000
55.0000	1538.0000
25.0000	1450.0000
18.0000	425.0000
42.0000	1140.0000
36.0000	579.0000
46.0000	920.0000
35.0000	500.0000
32.0000	809.0000
25.0000	800.0000
39.0000	863.0000
42.0000	1825.0000
17.0000	445.0000
37.0000	665.0000
28.0000	435.0000
47.0000	500.0000
25.0000	1300.0000
58.0000	1102.0000
45.0000	1100.0000
46.0000	675.0000
30.0000	1200.0000
47.0000	600.0000
29.0000	2000.0000
39.0000	600.0000
31.0000	575.0000
23.0000	900.0000
22.0000	600.0000
38.0000	1722.0000
49.0000	700.0000
44.0000	725.0000
24.0000	200.0000
23.0000	650.0000
48.0000	500.0000
20.0000	425.0000
52.0000	1805.0000
28.0000	425.0000
28.0000	700.0000
18.0000	400.0000
22.0000	748.0000
23.0000	845.0000
54.0000	875.0000
46.0000	1832.0000
44.0000	1268.0000
47.0000	750.0000
52.0000	3300.0000
18.0000	450.0000
39.0000	1371.0000
39.0000	1900.0000
26.0000	600.0000
30.0000	143.0000
46.0000	561.0000
37.0000	1065.0000
31.0000	755.0000
28.0000	1500.0000
30.0000	1800.0000
63.0000	730.0000
37.0000	515.0000
17.0000	565.0000
39.0000	6000.0000
21.0000	515.0000
39.0000	1500.0000
37.0000	3200.0000
23.0000	450.0000
17.0000	400.0000
69.0000	525.0000
23.0000	800.0000
35.0000	300.0000
34.0000	425.0000
20.0000	550.0000
18.0000	600.0000
20.0000	750.0000
43.0000	1400.0000
17.0000	450.0000
43.0000	1993.0000
25.0000	600.0000
23.0000	725.0000
66.0000	800.0000
45.0000	1600.0000
20.0000	600.0000
18.0000	600.0000
16.0000	550.0000
27.0000	1150.0000
21.0000	490.0000
40.0000	1800.0000
37.0000	700.0000
37.0000	650.0000
26.0000	890.0000
35.0000	900.0000
30.0000	1000.0000
57.0000	1500.0000
38.0000	1297.0000
30.0000	850.0000
36.0000	1039.0000
46.0000	1200.0000
41.0000	1000.0000
29.0000	780.0000
47.0000	700.0000
33.0000	530.0000
17.0000	125.0000
20.0000	625.0000
25.0000	850.0000
25.0000	600.0000
37.0000	4000.0000
23.0000	1300.0000
37.0000	3000.0000
41.0000	1235.0000
17.0000	550.0000
37.0000	525.0000
47.0000	1000.0000
45.0000	635.0000
17.0000	465.0000
31.0000	1150.0000
53.0000	400.0000
30.0000	825.0000
28.0000	1040.0000
43.0000	1050.0000
24.0000	600.0000
35.0000	1500.0000
64.0000	845.0000
46.0000	1200.0000
28.0000	720.0000
34.0000	425.0000
61.0000	1200.0000
33.0000	913.0000
17.0000	500.0000
55.0000	500.0000
35.0000	1225.0000
36.0000	1300.0000
59.0000	700.0000
18.0000	500.0000
50.0000	900.0000
51.0000	1500.0000
27.0000	902.0000
32.0000	1270.0000
22.0000	590.0000
40.0000	1027.0000
27.0000	1460.0000
56.0000	1200.0000
31.0000	2100.0000
24.0000	1000.0000
44.0000	1027.0000
27.0000	900.0000
30.0000	1025.0000
22.0000	435.0000
20.0000	500.0000
36.0000	665.0000
29.0000	777.0000
40.0000	1800.0000
55.0000	675.0000
21.0000	475.0000
36.0000	1500.0000
72.0000	800.0000
62.0000	946.0000
49.0000	2370.0000
44.0000	870.0000
35.0000	730.0000
52.0000	1600.0000
36.0000	625.0000
41.0000	1900.0000
42.0000	700.0000
17.0000	500.0000
24.0000	547.0000
54.0000	1600.0000
31.0000	550.0000
22.0000	213.0000
53.0000	500.0000
47.0000	1300.0000
55.0000	2200.0000
33.0000	1056.0000
16.0000	500.0000
30.0000	850.0000
25.0000	925.0000
25.0000	700.0000
48.0000	1000.0000
18.0000	450.0000
27.0000	1256.0000
16.0000	475.0000
20.0000	850.0000
19.0000	600.0000
35.0000	850.0000
41.0000	2100.0000
58.0000	580.0000
40.0000	1400.0000
62.0000	630.0000
22.0000	650.0000
48.0000	700.0000
28.0000	1200.0000
51.0000	530.0000
34.0000	750.0000
27.0000	667.0000
49.0000	800.0000
34.0000	950.0000
19.0000	730.0000
34.0000	1400.0000
30.0000	500.0000
41.0000	2012.0000
26.0000	600.0000
37.0000	650.0000
40.0000	2300.0000
28.0000	920.0000
57.0000	1850.0000
33.0000	700.0000
28.0000	875.0000
36.0000	1440.0000
52.0000	700.0000
57.0000	670.0000
53.0000	953.0000
45.0000	1651.0000
55.0000	700.0000
21.0000	700.0000
18.0000	707.0000
47.0000	1700.0000
23.0000	450.0000
24.0000	720.0000
50.0000	2000.0000
32.0000	1150.0000
26.0000	690.0000
26.0000	475.0000
26.0000	600.0000
65.0000	3300.0000
45.0000	2202.0000
25.0000	800.0000
40.0000	600.0000
19.0000	568.0000
38.0000	900.0000
23.0000	289.0000
58.0000	700.0000
41.0000	1100.0000
53.0000	2613.0000
31.0000	560.0000
17.0000	450.0000
26.0000	650.0000
43.0000	550.0000
56.0000	1149.0000
28.0000	950.0000
19.0000	825.0000
35.0000	575.0000
38.0000	850.0000
23.0000	1100.0000
28.0000	800.0000
52.0000	600.0000
45.0000	874.0000
27.0000	850.0000
58.0000	700.0000
20.0000	400.0000
40.0000	1300.0000
22.0000	900.0000
28.0000	1200.0000
20.0000	570.0000
71.0000	1600.0000
26.0000	600.0000
46.0000	1200.0000
30.0000	1000.0000
54.0000	550.0000
53.0000	1473.0000
30.0000	979.0000
40.0000	900.0000
20.0000	500.0000
56.0000	2536.0000
59.0000	450.0000
36.0000	865.0000
33.0000	865.0000
40.0000	1120.0000
25.0000	1730.0000
53.0000	1000.0000
61.0000	785.0000
33.0000	700.0000
41.0000	1824.0000
53.0000	700.0000
22.0000	786.0000
35.0000	1260.0000
69.0000	550.0000
54.0000	800.0000
43.0000	750.0000
27.0000	915.0000
22.0000	500.0000
37.0000	860.0000
15.0000	300.0000
49.0000	1535.0000
30.0000	4807.0000
28.0000	1700.0000
21.0000	1000.0000
27.0000	525.0000
23.0000	757.0000
56.0000	954.0000
43.0000	700.0000
38.0000	1800.0000
53.0000	1150.0000
33.0000	1215.0000
45.0000	905.0000
39.0000	600.0000
64.0000	425.0000
30.0000	803.0000
22.0000	525.0000
46.0000	500.0000
25.0000	1300.0000
35.0000	756.0000
24.0000	1043.0000
25.0000	170.0000
55.0000	2500.0000
29.0000	525.0000
35.0000	550.0000
47.0000	740.0000
42.0000	2258.0000
57.0000	2100.0000
42.0000	2360.0000
28.0000	1600.0000
25.0000	525.0000
32.0000	700.0000
27.0000	900.0000
45.0000	775.0000
44.0000	600.0000
60.0000	500.0000
48.0000	700.0000
29.0000	1025.0000
20.0000	800.0000
29.0000	700.0000
59.0000	1000.0000
26.0000	2200.0000
61.0000	800.0000
58.0000	700.0000
33.0000	400.0000
48.0000	475.0000
58.0000	600.0000
43.0000	900.0000
32.0000	1600.0000
46.0000	715.0000
52.0000	600.0000
27.0000	500.0000
21.0000	970.0000
37.0000	550.0000
42.0000	820.0000
38.0000	988.0000
47.0000	750.0000
33.0000	550.0000
30.0000	955.0000
56.0000	800.0000
16.0000	515.0000
24.0000	800.0000
24.0000	700.0000
43.0000	1670.0000
40.0000	1706.0000
42.0000	1300.0000
35.0000	1900.0000
26.0000	1300.0000
44.0000	1200.0000
31.0000	800.0000
34.0000	1100.0000
19.0000	435.0000
46.0000	1000.0000
41.0000	2100.0000
32.0000	1200.0000
65.0000	700.0000
17.0000	465.0000
39.0000	1200.0000
34.0000	200.0000
19.0000	400.0000
39.0000	708.0000
64.0000	863.0000
23.0000	600.0000
46.0000	1257.0000
29.0000	1500.0000
43.0000	1394.0000
18.0000	400.0000
31.0000	725.0000
16.0000	425.0000
41.0000	550.0000
64.0000	550.0000
24.0000	700.0000
43.0000	1200.0000
35.0000	1412.0000
19.0000	300.0000
34.0000	700.0000
20.0000	500.0000
28.0000	750.0000
43.0000	780.0000
50.0000	650.0000
33.0000	1550.0000
19.0000	800.0000
37.0000	1900.0000
17.0000	500.0000
33.0000	650.0000
42.0000	1850.0000
42.0000	619.0000
43.0000	855.0000
52.0000	1516.0000
77.0000	1038.0000
37.0000	950.0000
30.0000	836.0000
34.0000	425.0000
52.0000	675.0000
57.0000	1050.0000
34.0000	900.0000
24.0000	455.0000
33.0000	1225.0000
53.0000	697.0000
23.0000	825.0000
20.0000	450.0000
47.0000	850.0000
15.0000	200.0000
45.0000	2050.0000
24.0000	800.0000
42.0000	500.0000
32.0000	600.0000
23.0000	800.0000
29.0000	850.0000
45.0000	1820.0000
37.0000	1500.0000
25.0000	684.0000
31.0000	700.0000
45.0000	500.0000
19.0000	500.0000
42.0000	355.0000
30.0000	1272.0000
31.0000	1000.0000
22.0000	705.0000
21.0000	950.0000
47.0000	700.0000
39.0000	858.0000
23.0000	350.0000
38.0000	650.0000
44.0000	6500.0000
39.0000	1360.0000
71.0000	545.0000
50.0000	2200.0000
50.0000	1300.0000
40.0000	800.0000
46.0000	1100.0000
39.0000	675.0000
31.0000	2600.0000
77.0000	2200.0000
55.0000	1900.0000
50.0000	500.0000
29.0000	750.0000
28.0000	1058.0000
33.0000	835.0000
31.0000	1011.0000
21.0000	540.0000
37.0000	1050.0000
65.0000	675.0000
32.0000	2730.0000
19.0000	675.0000
21.0000	750.0000
44.0000	1630.0000
16.0000	425.0000
23.0000	1050.0000
41.0000	400.0000
41.0000	1350.0000
55.0000	900.0000
33.0000	700.0000
53.0000	1419.0000
22.0000	700.0000
20.0000	700.0000
42.0000	1290.0000
49.0000	1000.0000
20.0000	425.0000
53.0000	500.0000
52.0000	920.0000
77.0000	285.0000
43.0000	1300.0000
16.0000	190.0000
42.0000	450.0000
34.0000	1130.0000
22.0000	435.0000
17.0000	435.0000
33.0000	700.0000
23.0000	1300.0000
32.0000	425.0000
24.0000	500.0000
19.0000	425.0000
43.0000	2200.0000
43.0000	850.0000
20.0000	425.0000
28.0000	1515.0000
31.0000	630.0000
45.0000	1085.0000
43.0000	1622.0000
32.0000	550.0000
58.0000	1600.0000
18.0000	500.0000
24.0000	600.0000
35.0000	1098.0000
17.0000	525.0000
41.0000	400.0000
21.0000	650.0000
28.0000	1200.0000
71.0000	625.0000
52.0000	1217.0000
29.0000	1300.0000
36.0000	560.0000
50.0000	530.0000
30.0000	1200.0000
51.0000	1600.0000
43.0000	1065.0000
18.0000	575.0000
69.0000	500.0000
19.0000	550.0000
43.0000	1000.0000
41.0000	435.0000
28.0000	1200.0000
19.0000	700.0000
46.0000	600.0000
24.0000	730.0000
17.0000	400.0000
31.0000	1500.0000
48.0000	1800.0000
46.0000	599.0000
45.0000	400.0000
38.0000	500.0000
16.0000	450.0000
27.0000	1200.0000
52.0000	600.0000
23.0000	425.0000
19.0000	500.0000
57.0000	1211.0000
34.0000	850.0000
29.0000	1250.0000
21.0000	1000.0000
39.0000	1200.0000
53.0000	1200.0000
24.0000	850.0000
59.0000	500.0000
38.0000	1285.0000
21.0000	400.0000
27.0000	546.0000
56.0000	2200.0000
23.0000	960.0000
50.0000	1050.0000
28.0000	1014.0000
26.0000	600.0000
72.0000	864.0000
43.0000	2000.0000
27.0000	1250.0000
31.0000	3000.0000
32.0000	1700.0000
28.0000	800.0000
42.0000	1935.0000
17.0000	450.0000
48.0000	1240.0000
24.0000	800.0000
27.0000	800.0000
24.0000	800.0000
32.0000	750.0000
32.0000	650.0000
18.0000	425.0000
59.0000	1000.0000
37.0000	803.0000
19.0000	505.0000
32.0000	500.0000
45.0000	765.0000
43.0000	800.0000
23.0000	525.0000
36.0000	1700.0000
18.0000	500.0000
48.0000	1100.0000
28.0000	425.0000
65.0000	400.0000
34.0000	400.0000
39.0000	1367.0000
21.0000	550.0000
20.0000	525.0000
56.0000	1479.0000
22.0000	683.0000
43.0000	425.0000
33.0000	928.0000
38.0000	780.0000
46.0000	875.0000
49.0000	475.0000
19.0000	1100.0000
17.0000	425.0000
42.0000	1350.0000
42.0000	635.0000
62.0000	875.0000
58.0000	1100.0000
30.0000	1050.0000
53.0000	500.0000
21.0000	525.0000
49.0000	1800.0000
48.0000	600.0000
49.0000	650.0000
48.0000	490.0000
27.0000	1000.0000
17.0000	450.0000
48.0000	1875.0000
17.0000	540.0000
23.0000	700.0000
43.0000	850.0000
21.0000	525.0000
48.0000	1700.0000
18.0000	400.0000
23.0000	800.0000
19.0000	550.0000
27.0000	800.0000
51.0000	2026.0000
38.0000	530.0000
34.0000	1075.0000
64.0000	675.0000
46.0000	650.0000
30.0000	1575.0000
23.0000	700.0000
31.0000	1105.0000
32.0000	600.0000
39.0000	945.0000
19.0000	450.0000
50.0000	900.0000
27.0000	1000.0000
42.0000	700.0000
29.0000	425.0000
35.0000	645.0000
51.0000	1000.0000
37.0000	500.0000
57.0000	675.0000
52.0000	769.0000
27.0000	1275.0000
15.0000	500.0000
24.0000	750.0000
21.0000	650.0000
16.0000	500.0000
27.0000	1300.0000
59.0000	1349.0000
51.0000	1345.0000
28.0000	1000.0000
40.0000	500.0000
25.0000	750.0000
30.0000	850.0000
44.0000	800.0000
26.0000	860.0000
50.0000	1800.0000
49.0000	2200.0000
29.0000	575.0000
28.0000	1450.0000
28.0000	1600.0000
21.0000	500.0000
28.0000	600.0000
21.0000	550.0000
52.0000	1465.0000
42.0000	1020.0000
46.0000	448.0000
66.0000	600.0000
46.0000	1643.0000
60.0000	1800.0000
22.0000	1050.0000
29.0000	800.0000
15.0000	600.0000
53.0000	650.0000
35.0000	1625.0000
37.0000	1363.0000
29.0000	600.0000
62.0000	950.0000
29.0000	555.0000
64.0000	1040.0000
19.0000	450.0000
18.0000	425.0000
29.0000	425.0000
15.0000	435.0000
31.0000	1400.0000
28.0000	1325.0000
47.0000	800.0000
46.0000	900.0000
56.0000	1175.0000
31.0000	600.0000
72.0000	425.0000
40.0000	2100.0000
60.0000	425.0000
48.0000	1365.0000
44.0000	1000.0000
34.0000	1219.0000
32.0000	1613.0000
31.0000	800.0000
33.0000	650.0000
47.0000	650.0000
52.0000	1400.0000
62.0000	9400.0000
44.0000	1198.0000
24.0000	650.0000
44.0000	755.0000
42.0000	435.0000
26.0000	1020.0000
33.0000	1100.0000
51.0000	2582.0000
50.0000	1000.0000
23.0000	550.0000
48.0000	950.0000
50.0000	1900.0000
32.0000	500.0000
44.0000	400.0000
41.0000	900.0000
54.0000	400.0000
55.0000	720.0000
35.0000	900.0000
49.0000	825.0000
23.0000	850.0000
46.0000	1758.0000
40.0000	1500.0000
36.0000	1188.0000
32.0000	1311.0000
42.0000	950.0000
16.0000	460.0000
60.0000	1300.0000
67.0000	750.0000
48.0000	1900.0000
34.0000	1700.0000
38.0000	700.0000
24.0000	725.0000
31.0000	1134.0000
41.0000	900.0000
60.0000	500.0000
32.0000	1500.0000
44.0000	1100.0000
47.0000	2500.0000
50.0000	310.0000
56.0000	1100.0000
46.0000	850.0000
44.0000	640.0000
37.0000	1100.0000
26.0000	1035.0000
36.0000	2485.0000
37.0000	1067.0000
53.0000	1808.0000
43.0000	600.0000
43.0000	1100.0000
34.0000	500.0000
73.0000	400.0000
23.0000	1100.0000
50.0000	20.0000
53.0000	1800.0000
19.0000	425.0000
26.0000	1030.0000
62.0000	590.0000
33.0000	1025.0000
46.0000	1400.0000
27.0000	700.0000
42.0000	2751.0000
42.0000	747.0000
29.0000	650.0000
58.0000	550.0000
34.0000	1032.0000
18.0000	450.0000
38.0000	550.0000
76.0000	900.0000
46.0000	575.0000
56.0000	1060.0000
66.0000	520.0000
28.0000	500.0000
53.0000	610.0000
33.0000	1576.0000
46.0000	1251.0000
16.0000	500.0000
50.0000	700.0000
26.0000	1130.0000
43.0000	900.0000
59.0000	800.0000
39.0000	650.0000
37.0000	1615.0000
24.0000	1075.0000
24.0000	600.0000
52.0000	688.0000
57.0000	732.0000
20.0000	435.0000
20.0000	425.0000
32.0000	1719.0000
51.0000	576.0000
56.0000	1500.0000
21.0000	750.0000
41.0000	425.0000
34.0000	1388.0000
45.0000	760.0000
17.0000	425.0000
18.0000	700.0000
48.0000	1840.0000
30.0000	700.0000
28.0000	835.0000
31.0000	850.0000
28.0000	213.0000
28.0000	600.0000
21.0000	800.0000
39.0000	500.0000
53.0000	2375.0000
18.0000	440.0000
53.0000	2110.0000
42.0000	1250.0000
66.0000	1100.0000
33.0000	1085.0000
43.0000	1750.0000
25.0000	535.0000
21.0000	550.0000
48.0000	600.0000
20.0000	600.0000
57.0000	1150.0000
37.0000	1700.0000
23.0000	700.0000
42.0000	871.0000
39.0000	1570.0000
58.0000	675.0000
19.0000	500.0000
46.0000	1600.0000
20.0000	624.0000
42.0000	545.0000
59.0000	474.0000
27.0000	750.0000
58.0000	1050.0000
20.0000	600.0000
48.0000	1350.0000
18.0000	400.0000
22.0000	450.0000
34.0000	500.0000
37.0000	900.0000
38.0000	1179.0000
22.0000	735.0000
21.0000	650.0000
28.0000	1000.0000
27.0000	1000.0000
63.0000	735.0000
36.0000	1067.0000
23.0000	736.0000
17.0000	450.0000
31.0000	1000.0000
40.0000	1600.0000
31.0000	1010.0000
26.0000	1000.0000
22.0000	425.0000
41.0000	1100.0000
30.0000	1000.0000
35.0000	2000.0000
29.0000	970.0000
58.0000	1100.0000
66.0000	1250.0000
60.0000	1600.0000
51.0000	1200.0000
53.0000	1085.0000
35.0000	1200.0000
45.0000	800.0000
55.0000	650.0000
43.0000	2000.0000
16.0000	475.0000
17.0000	400.0000
35.0000	1371.0000
36.0000	1200.0000
71.0000	2952.0000
29.0000	1000.0000
51.0000	800.0000
58.0000	1700.0000
39.0000	650.0000
29.0000	1400.0000
22.0000	465.0000
29.0000	635.0000
26.0000	700.0000
29.0000	700.0000
50.0000	1270.0000
39.0000	560.0000
34.0000	1000.0000
24.0000	629.0000
38.0000	2000.0000
31.0000	819.0000
37.0000	600.0000
19.0000	745.0000
47.0000	812.0000
31.0000	900.0000
46.0000	996.0000
43.0000	860.0000
26.0000	650.0000
42.0000	2000.0000
25.0000	950.0000
36.0000	570.0000
46.0000	1200.0000
45.0000	800.0000
42.0000	650.0000
31.0000	840.0000
46.0000	715.0000
37.0000	1000.0000
25.0000	600.0000
18.0000	500.0000
39.0000	2400.0000
47.0000	2026.0000
49.0000	500.0000
19.0000	400.0000
41.0000	1810.0000
28.0000	1105.0000
63.0000	1500.0000
20.0000	550.0000
34.0000	800.0000
27.0000	600.0000
17.0000	475.0000
48.0000	796.0000
33.0000	715.0000
30.0000	1584.0000
19.0000	475.0000
31.0000	995.0000
57.0000	1800.0000
41.0000	1700.0000
39.0000	695.0000
19.0000	725.0000
38.0000	1825.0000
16.0000	435.0000
28.0000	805.0000
32.0000	425.0000
33.0000	500.0000
78.0000	400.0000
52.0000	1080.0000
48.0000	1367.0000
