C1	C2
15.0000	0.1010
7.0000	0.0485
9.0000	0.1415
10.0000	0.1140
7.0000	0.0395
8.0000	0.0775
20.0000	0.1415
16.0000	0.1495
9.0000	0.1125
19.0000	0.1510
14.0000	0.1475
10.0000	0.0810
11.0000	0.0950
10.0000	0.1710
10.0000	0.0805
12.0000	0.1330
7.0000	0.0395
10.0000	0.0870
7.0000	0.0430
9.0000	0.0750
11.0000	0.0620
10.0000	0.0490
12.0000	0.2140
9.0000	0.2100
10.0000	0.3010
11.0000	0.1880
11.0000	0.2720
12.0000	0.2340
15.0000	0.2190
11.0000	0.2270
10.0000	0.2420
15.0000	0.2805
18.0000	0.3575
19.0000	0.3925
13.0000	0.4115
8.0000	0.1240
16.0000	0.3075
8.0000	0.1165
11.0000	0.2035
9.0000	0.0860
9.0000	0.0910
14.0000	0.1960
5.0000	0.0235
5.0000	0.0150
4.0000	0.0125
7.0000	0.0450
9.0000	0.2270
7.0000	0.1100
6.0000	0.0255
9.0000	0.2135
8.0000	0.1110
7.0000	0.0600
10.0000	0.0960
10.0000	0.1055
7.0000	0.0915
8.0000	0.1755
8.0000	0.0955
8.0000	0.1200
4.0000	0.0140
7.0000	0.1300
7.0000	0.1125
9.0000	0.1600
10.0000	0.1935
7.0000	0.0800
8.0000	0.1315
8.0000	0.1015
12.0000	0.1935
13.0000	0.2240
10.0000	0.1155
6.0000	0.0405
13.0000	0.1680
8.0000	0.0985
20.0000	0.2250
11.0000	0.2610
13.0000	0.2895
15.0000	0.2210
9.0000	0.1890
10.0000	0.1940
11.0000	0.1595
14.0000	0.2355
9.0000	0.2520
12.0000	0.1920
16.0000	0.2250
21.0000	0.2340
14.0000	0.2160
12.0000	0.2225
13.0000	0.2050
10.0000	0.2075
9.0000	0.1140
12.0000	0.2310
15.0000	0.1675
12.0000	0.1525
13.0000	0.2540
10.0000	0.3180
15.0000	0.3425
14.0000	0.3880
9.0000	0.1385
8.0000	0.1320
7.0000	0.1330
10.0000	0.0850
7.0000	0.0460
15.0000	0.1915
15.0000	0.1640
10.0000	0.1675
12.0000	0.2405
12.0000	0.1835
11.0000	0.1830
10.0000	0.1315
9.0000	0.1790
9.0000	0.0980
9.0000	0.1345
9.0000	0.1070
9.0000	0.0635
9.0000	0.0630
11.0000	0.1460
11.0000	0.1585
11.0000	0.1020
10.0000	0.0955
9.0000	0.1720
8.0000	0.0595
9.0000	0.1035
7.0000	0.0575
14.0000	0.1725
6.0000	0.0510
6.0000	0.0505
5.0000	0.0235
6.0000	0.0545
8.0000	0.0610
19.0000	0.2635
18.0000	0.2610
17.0000	0.2830
9.0000	0.0630
7.0000	0.0360
7.0000	0.0560
7.0000	0.0205
8.0000	0.0810
7.0000	0.0345
9.0000	0.0295
9.0000	0.0630
9.0000	0.0575
10.0000	0.2055
10.0000	0.1435
16.0000	0.3060
11.0000	0.1900
10.0000	0.1165
10.0000	0.1075
10.0000	0.1080
9.0000	0.0390
5.0000	0.0065
4.0000	0.0080
15.0000	0.2620
9.0000	0.2585
10.0000	0.3050
10.0000	0.2355
12.0000	0.1495
10.0000	0.1310
13.0000	0.2425
16.0000	0.2615
13.0000	0.2135
13.0000	0.1785
13.0000	0.2475
13.0000	0.2575
12.0000	0.2970
18.0000	0.3980
16.0000	0.2895
14.0000	0.4830
20.0000	0.4515
20.0000	0.4080
14.0000	0.3085
12.0000	0.4090
14.0000	0.5410
7.0000	0.1690
8.0000	0.2330
8.0000	0.1845
5.0000	0.0180
7.0000	0.0370
5.0000	0.0375
8.0000	0.0475
4.0000	0.0150
11.0000	0.2165
14.0000	0.2000
21.0000	0.2660
10.0000	0.2680
10.0000	0.2140
12.0000	0.3670
13.0000	0.2965
12.0000	0.3360
10.0000	0.3315
11.0000	0.3350
9.0000	0.2710
13.0000	0.2165
12.0000	0.2405
14.0000	0.1815
8.0000	0.0600
10.0000	0.1965
12.0000	0.1535
11.0000	0.1450
16.0000	0.2635
15.0000	0.1780
10.0000	0.2130
9.0000	0.0950
13.0000	0.2050
12.0000	0.1465
13.0000	0.1550
8.0000	0.0710
9.0000	0.1085
9.0000	0.0670
8.0000	0.0850
13.0000	0.1685
7.0000	0.0520
10.0000	0.1625
7.0000	0.0415
12.0000	0.0785
9.0000	0.1355
14.0000	0.1280
10.0000	0.1635
8.0000	0.1110
7.0000	0.0700
10.0000	0.1150
8.0000	0.0755
9.0000	0.1125
11.0000	0.1235
9.0000	0.1440
11.0000	0.1250
10.0000	0.0785
9.0000	0.1055
7.0000	0.0820
7.0000	0.0485
11.0000	0.2095
15.0000	0.1580
13.0000	0.1625
14.0000	0.1930
22.0000	0.2870
7.0000	0.0290
12.0000	0.0830
9.0000	0.0320
1.0000	0.0005
3.0000	0.0030
3.0000	0.0020
5.0000	0.0045
17.0000	0.2185
5.0000	0.0245
5.0000	0.0105
8.0000	0.0265
8.0000	0.0390
10.0000	0.0345
13.0000	0.0325
9.0000	0.0415
7.0000	0.0380
7.0000	0.0545
7.0000	0.0350
13.0000	0.2805
12.0000	0.2165
15.0000	0.2170
15.0000	0.2775
15.0000	0.2065
19.0000	0.1750
10.0000	0.1655
15.0000	0.2970
13.0000	0.2555
11.0000	0.1940
12.0000	0.1725
11.0000	0.2390
4.0000	0.0245
6.0000	0.0280
11.0000	0.1525
14.0000	0.1860
8.0000	0.0635
9.0000	0.0885
13.0000	0.1000
22.0000	0.2855
16.0000	0.2705
14.0000	0.2505
15.0000	0.3335
13.0000	0.1970
22.0000	0.3270
12.0000	0.2450
18.0000	0.3345
20.0000	0.3115
11.0000	0.1605
15.0000	0.1585
7.0000	0.0570
9.0000	0.1040
14.0000	0.1270
14.0000	0.1580
10.0000	0.1965
10.0000	0.1595
17.0000	0.1325
9.0000	0.0815
10.0000	0.1795
17.0000	0.2260
12.0000	0.2790
15.0000	0.2205
19.0000	0.2070
26.0000	0.1900
6.0000	0.0340
6.0000	0.0285
4.0000	0.0295
11.0000	0.1275
9.0000	0.0585
9.0000	0.0895
13.0000	0.1740
8.0000	0.0595
6.0000	0.0495
10.0000	0.1140
4.0000	0.0095
3.0000	0.0050
13.0000	0.3690
14.0000	0.1635
10.0000	0.2355
21.0000	0.3055
14.0000	0.2045
19.0000	0.3235
23.0000	0.2700
23.0000	0.2945
8.0000	0.0670
14.0000	0.2475
10.0000	0.1015
18.0000	0.1385
6.0000	0.0255
5.0000	0.0220
4.0000	0.0065
11.0000	0.0750
5.0000	0.0410
7.0000	0.0560
7.0000	0.0530
7.0000	0.0415
12.0000	0.1665
8.0000	0.0530
8.0000	0.0400
12.0000	0.1610
8.0000	0.0565
5.0000	0.0420
5.0000	0.0150
16.0000	0.4085
11.0000	0.3175
14.0000	0.2655
16.0000	0.2760
13.0000	0.3250
15.0000	0.2505
14.0000	0.2275
14.0000	0.2565
12.0000	0.3065
12.0000	0.1495
8.0000	0.1520
13.0000	0.2185
9.0000	0.1730
6.0000	0.0555
8.0000	0.0740
14.0000	0.2455
8.0000	0.2905
22.0000	0.1635
12.0000	0.2065
9.0000	0.2590
16.0000	0.2860
20.0000	0.4900
13.0000	0.3360
18.0000	0.3885
17.0000	0.4720
16.0000	0.3920
18.0000	0.2870
12.0000	0.2460
20.0000	0.2995
16.0000	0.2705
12.0000	0.3015
19.0000	0.2440
11.0000	0.1655
10.0000	0.2735
12.0000	0.2765
17.0000	0.2990
16.0000	0.3455
16.0000	0.3265
19.0000	0.4530
14.0000	0.3140
13.0000	0.2920
20.0000	0.3695
11.0000	0.3365
10.0000	0.2875
15.0000	0.1830
12.0000	0.3135
15.0000	0.2805
10.0000	0.1890
10.0000	0.1370
12.0000	0.1220
10.0000	0.2100
9.0000	0.1245
12.0000	0.1520
10.0000	0.1225
14.0000	0.1435
9.0000	0.1190
10.0000	0.0595
10.0000	0.1150
10.0000	0.1370
9.0000	0.0545
6.0000	0.0535
11.0000	0.0640
10.0000	0.1760
8.0000	0.1440
12.0000	0.1390
11.0000	0.2075
9.0000	0.1310
9.0000	0.1625
7.0000	0.0985
10.0000	0.1520
7.0000	0.0830
12.0000	0.1985
8.0000	0.1045
16.0000	0.1820
11.0000	0.2460
8.0000	0.2215
15.0000	0.2425
14.0000	0.2115
11.0000	0.2385
12.0000	0.1715
14.0000	0.2465
15.0000	0.2240
20.0000	0.2670
20.0000	0.3490
16.0000	0.1990
13.0000	0.1600
14.0000	0.3580
11.0000	0.1390
13.0000	0.1230
8.0000	0.0235
6.0000	0.0200
13.0000	0.2030
18.0000	0.2435
19.0000	0.1735
21.0000	0.1290
18.0000	0.1705
18.0000	0.1665
20.0000	0.1960
18.0000	0.1560
22.0000	0.1300
13.0000	0.0905
11.0000	0.1370
7.0000	0.0435
14.0000	0.0550
9.0000	0.0645
13.0000	0.1380
10.0000	0.0525
8.0000	0.0585
19.0000	0.1625
10.0000	0.0325
10.0000	0.0770
9.0000	0.1290
13.0000	0.1360
16.0000	0.1575
12.0000	0.2320
18.0000	0.1590
16.0000	0.4725
16.0000	0.3175
17.0000	0.3540
11.0000	0.2195
14.0000	0.3045
11.0000	0.1735
15.0000	0.2590
9.0000	0.0450
10.0000	0.0570
11.0000	0.1525
11.0000	0.0610
12.0000	0.2240
6.0000	0.0180
5.0000	0.0120
6.0000	0.0200
5.0000	0.0035
12.0000	0.3035
13.0000	0.2735
17.0000	0.3050
21.0000	0.2665
9.0000	0.1715
10.0000	0.1405
9.0000	0.0645
11.0000	0.1415
10.0000	0.1455
17.0000	0.1395
9.0000	0.0910
17.0000	0.2540
21.0000	0.3405
16.0000	0.2635
29.0000	0.3215
17.0000	0.2445
15.0000	0.1765
19.0000	0.2120
12.0000	0.2370
13.0000	0.1615
11.0000	0.2385
15.0000	0.3065
11.0000	0.1795
14.0000	0.2195
14.0000	0.1900
13.0000	0.1810
11.0000	0.2855
15.0000	0.2635
17.0000	0.2185
15.0000	0.2235
12.0000	0.2595
19.0000	0.2090
11.0000	0.2315
10.0000	0.2020
12.0000	0.1635
23.0000	0.2700
15.0000	0.2145
13.0000	0.2560
17.0000	0.2305
15.0000	0.2470
12.0000	0.1570
15.0000	0.2210
11.0000	0.2040
16.0000	0.2090
10.0000	0.2450
10.0000	0.1265
10.0000	0.1810
6.0000	0.0365
5.0000	0.0215
6.0000	0.0195
9.0000	0.0575
5.0000	0.0215
4.0000	0.0340
6.0000	0.0590
3.0000	0.0085
5.0000	0.0385
9.0000	0.0445
5.0000	0.0080
4.0000	0.0095
4.0000	0.0060
3.0000	0.0030
14.0000	0.1590
12.0000	0.2550
9.0000	0.0590
20.0000	0.1560
13.0000	0.1055
12.0000	0.1055
9.0000	0.0860
10.0000	0.1225
11.0000	0.0800
11.0000	0.1450
7.0000	0.0255
5.0000	0.0200
10.0000	0.0660
15.0000	0.1415
11.0000	0.0925
15.0000	0.0570
8.0000	0.0695
10.0000	0.0510
11.0000	0.0380
8.0000	0.0180
7.0000	0.0055
12.0000	0.1555
11.0000	0.2005
17.0000	0.2030
13.0000	0.1950
12.0000	0.1735
13.0000	0.1310
9.0000	0.1410
10.0000	0.1665
14.0000	0.2050
12.0000	0.2980
13.0000	0.2625
13.0000	0.1055
8.0000	0.0805
13.0000	0.1790
11.0000	0.0920
11.0000	0.1630
14.0000	0.1260
10.0000	0.0385
12.0000	0.1320
12.0000	0.1055
7.0000	0.0265
11.0000	0.1005
16.0000	0.1090
14.0000	0.0875
20.0000	0.2275
17.0000	0.2010
10.0000	0.2000
11.0000	0.2355
10.0000	0.1975
10.0000	0.2495
11.0000	0.2090
17.0000	0.3035
11.0000	0.2470
14.0000	0.1710
19.0000	0.3435
13.0000	0.1330
11.0000	0.0650
11.0000	0.1620
10.0000	0.1740
13.0000	0.1905
14.0000	0.0760
13.0000	0.0580
13.0000	0.1675
9.0000	0.0570
18.0000	0.2070
19.0000	0.2975
12.0000	0.1530
13.0000	0.1825
9.0000	0.1860
13.0000	0.2010
12.0000	0.2255
16.0000	0.2245
17.0000	0.1965
10.0000	0.0635
13.0000	0.0600
11.0000	0.1080
12.0000	0.1135
13.0000	0.0795
9.0000	0.0455
10.0000	0.1130
10.0000	0.0675
12.0000	0.0420
12.0000	0.0825
4.0000	0.0080
9.0000	0.0355
18.0000	0.0705
15.0000	0.1000
13.0000	0.0700
12.0000	0.0950
7.0000	0.0470
9.0000	0.0335
7.0000	0.0105
10.0000	0.0425
18.0000	0.1300
12.0000	0.1380
17.0000	0.1095
15.0000	0.1160
12.0000	0.1125
10.0000	0.0610
8.0000	0.0525
21.0000	0.1850
10.0000	0.0460
9.0000	0.1235
7.0000	0.0950
10.0000	0.0945
9.0000	0.1065
9.0000	0.0525
8.0000	0.0410
7.0000	0.0540
6.0000	0.0485
14.0000	0.1080
13.0000	0.1365
7.0000	0.0380
13.0000	0.2655
19.0000	0.1560
7.0000	0.0450
9.0000	0.0795
11.0000	0.0840
6.0000	0.0265
9.0000	0.1300
11.0000	0.1050
9.0000	0.0810
5.0000	0.0140
6.0000	0.0400
11.0000	0.0990
7.0000	0.0240
10.0000	0.0465
7.0000	0.0295
17.0000	0.2315
16.0000	0.2245
18.0000	0.2540
11.0000	0.1615
18.0000	0.3445
11.0000	0.1555
10.0000	0.0885
12.0000	0.0615
19.0000	0.0665
10.0000	0.0540
11.0000	0.1440
15.0000	0.1400
13.0000	0.2430
13.0000	0.1230
14.0000	0.1080
17.0000	0.1430
19.0000	0.1690
21.0000	0.1240
23.0000	0.1400
22.0000	0.1100
12.0000	0.1680
11.0000	0.1480
23.0000	0.1915
8.0000	0.0260
7.0000	0.0465
10.0000	0.1415
7.0000	0.0940
16.0000	0.1725
10.0000	0.1665
15.0000	0.2325
13.0000	0.2125
16.0000	0.1425
11.0000	0.2055
11.0000	0.2425
10.0000	0.1450
5.0000	0.0205
11.0000	0.1065
9.0000	0.0655
4.0000	0.0025
7.0000	0.0400
4.0000	0.0035
5.0000	0.0285
13.0000	0.1145
16.0000	0.0910
12.0000	0.0685
14.0000	0.1420
9.0000	0.1030
12.0000	0.0595
9.0000	0.0900
10.0000	0.1015
11.0000	0.0370
10.0000	0.0435
10.0000	0.0570
7.0000	0.0245
7.0000	0.0355
11.0000	0.0475
7.0000	0.0275
8.0000	0.0530
9.0000	0.0385
7.0000	0.0205
8.0000	0.0190
6.0000	0.0115
4.0000	0.0055
2.0000	0.0040
3.0000	0.0055
13.0000	0.2280
15.0000	0.2120
15.0000	0.2430
11.0000	0.1250
17.0000	0.1070
10.0000	0.0705
12.0000	0.1195
13.0000	0.1590
15.0000	0.2015
11.0000	0.1825
13.0000	0.1695
15.0000	0.1805
13.0000	0.1785
18.0000	0.1760
10.0000	0.1835
12.0000	0.1720
12.0000	0.1735
14.0000	0.1525
10.0000	0.0740
14.0000	0.2175
8.0000	0.0570
14.0000	0.1860
17.0000	0.1830
20.0000	0.1945
17.0000	0.2260
17.0000	0.4805
9.0000	0.2035
14.0000	0.1810
15.0000	0.4105
13.0000	0.1500
10.0000	0.1615
13.0000	0.3045
13.0000	0.3005
20.0000	0.2720
13.0000	0.3680
20.0000	0.2360
15.0000	0.2655
13.0000	0.2315
15.0000	0.1670
15.0000	0.2020
16.0000	0.1825
17.0000	0.2210
14.0000	0.3610
14.0000	0.2960
11.0000	0.1905
13.0000	0.2340
9.0000	0.0500
11.0000	0.2270
17.0000	0.2395
11.0000	0.2815
8.0000	0.1230
8.0000	0.0825
9.0000	0.1580
10.0000	0.1670
11.0000	0.1700
15.0000	0.1790
13.0000	0.1420
15.0000	0.1505
15.0000	0.1375
13.0000	0.2370
12.0000	0.1520
10.0000	0.2060
6.0000	0.0380
5.0000	0.0165
15.0000	0.2325
9.0000	0.1300
12.0000	0.1375
9.0000	0.2025
12.0000	0.2460
10.0000	0.2575
10.0000	0.1315
9.0000	0.1285
12.0000	0.2250
12.0000	0.2600
15.0000	0.1635
11.0000	0.1685
9.0000	0.0960
11.0000	0.1570
11.0000	0.0810
10.0000	0.1170
10.0000	0.1055
9.0000	0.0935
7.0000	0.0450
10.0000	0.2095
7.0000	0.0905
6.0000	0.0300
15.0000	0.1790
10.0000	0.1155
12.0000	0.1790
12.0000	0.1740
21.0000	0.1315
6.0000	0.0125
5.0000	0.0210
7.0000	0.0345
7.0000	0.0345
6.0000	0.0400
6.0000	0.0575
6.0000	0.0480
7.0000	0.0640
7.0000	0.0445
6.0000	0.0455
7.0000	0.0585
6.0000	0.0635
7.0000	0.0630
7.0000	0.0800
6.0000	0.0840
6.0000	0.0600
6.0000	0.0655
7.0000	0.0755
6.0000	0.0505
6.0000	0.0645
9.0000	0.0840
7.0000	0.0860
7.0000	0.1000
8.0000	0.1405
8.0000	0.0935
9.0000	0.1185
8.0000	0.1130
9.0000	0.0960
8.0000	0.0960
9.0000	0.1290
9.0000	0.1275
8.0000	0.1855
8.0000	0.1425
9.0000	0.1915
11.0000	0.1725
10.0000	0.2015
8.0000	0.1750
10.0000	0.2015
10.0000	0.1755
9.0000	0.1680
10.0000	0.2400
9.0000	0.2155
10.0000	0.1755
9.0000	0.1815
9.0000	0.2440
12.0000	0.2055
10.0000	0.2280
8.0000	0.2960
6.0000	0.2310
12.0000	0.2440
11.0000	0.2875
10.0000	0.1695
11.0000	0.2760
10.0000	0.2325
9.0000	0.3015
12.0000	0.3300
10.0000	0.2605
9.0000	0.3315
12.0000	0.2815
11.0000	0.2750
9.0000	0.2545
11.0000	0.1620
11.0000	0.2850
14.0000	0.2755
9.0000	0.3050
10.0000	0.3610
9.0000	0.2605
8.0000	0.3320
11.0000	0.3150
9.0000	0.2910
17.0000	0.3415
15.0000	0.2120
10.0000	0.2980
10.0000	0.2945
12.0000	0.3910
9.0000	0.3405
11.0000	0.3220
11.0000	0.3775
11.0000	0.4220
17.0000	0.4190
6.0000	0.0120
5.0000	0.0140
3.0000	0.0135
6.0000	0.0215
4.0000	0.0215
6.0000	0.0250
4.0000	0.0290
5.0000	0.0500
4.0000	0.0265
6.0000	0.0365
5.0000	0.0310
6.0000	0.0375
8.0000	0.0305
5.0000	0.0265
6.0000	0.0445
6.0000	0.0305
7.0000	0.0440
7.0000	0.0380
5.0000	0.0455
7.0000	0.0425
7.0000	0.0535
6.0000	0.0580
7.0000	0.0690
6.0000	0.0600
6.0000	0.0370
7.0000	0.0695
7.0000	0.0745
6.0000	0.0610
6.0000	0.0810
5.0000	0.0920
6.0000	0.0795
6.0000	0.0960
6.0000	0.0720
7.0000	0.0825
7.0000	0.0870
8.0000	0.0610
6.0000	0.0780
6.0000	0.0835
7.0000	0.0670
6.0000	0.1095
7.0000	0.0945
7.0000	0.1270
8.0000	0.0930
7.0000	0.0855
7.0000	0.1530
7.0000	0.1260
6.0000	0.1055
7.0000	0.0930
7.0000	0.0945
7.0000	0.0925
7.0000	0.0980
7.0000	0.0905
6.0000	0.1060
8.0000	0.1500
8.0000	0.0920
9.0000	0.1215
6.0000	0.1100
6.0000	0.1065
6.0000	0.1405
8.0000	0.0990
7.0000	0.1170
7.0000	0.0955
8.0000	0.1240
8.0000	0.1295
7.0000	0.1435
6.0000	0.1535
8.0000	0.1030
7.0000	0.1290
7.0000	0.1200
9.0000	0.1410
8.0000	0.1310
9.0000	0.1330
8.0000	0.1205
8.0000	0.1455
7.0000	0.1225
7.0000	0.1585
8.0000	0.1340
8.0000	0.1815
8.0000	0.2000
7.0000	0.1370
8.0000	0.1730
11.0000	0.1575
8.0000	0.1970
8.0000	0.2320
7.0000	0.1605
8.0000	0.1960
8.0000	0.1595
8.0000	0.2290
9.0000	0.1780
9.0000	0.1610
9.0000	0.2070
8.0000	0.1665
10.0000	0.2565
10.0000	0.2100
8.0000	0.2550
8.0000	0.2195
7.0000	0.1935
9.0000	0.2745
9.0000	0.2210
7.0000	0.2255
8.0000	0.2595
10.0000	0.2115
8.0000	0.2200
9.0000	0.2565
11.0000	0.2615
8.0000	0.2425
8.0000	0.2445
11.0000	0.1780
11.0000	0.2205
9.0000	0.2435
9.0000	0.2095
9.0000	0.2205
9.0000	0.2645
9.0000	0.2455
11.0000	0.2620
11.0000	0.2580
10.0000	0.2390
8.0000	0.2595
11.0000	0.2760
10.0000	0.2780
10.0000	0.2710
10.0000	0.2475
9.0000	0.3035
9.0000	0.3020
8.0000	0.2750
11.0000	0.2840
8.0000	0.2480
11.0000	0.2705
10.0000	0.3000
10.0000	0.2655
11.0000	0.3260
10.0000	0.2910
10.0000	0.2360
11.0000	0.3420
8.0000	0.3555
8.0000	0.3080
11.0000	0.2990
10.0000	0.3270
10.0000	0.2055
9.0000	0.3120
11.0000	0.3080
10.0000	0.3225
9.0000	0.3310
10.0000	0.3365
11.0000	0.3025
9.0000	0.2970
10.0000	0.3595
6.0000	0.2940
11.0000	0.3145
10.0000	0.2995
12.0000	0.3615
12.0000	0.3215
8.0000	0.3620
10.0000	0.4015
10.0000	0.3960
12.0000	0.4200
11.0000	0.5225
10.0000	0.4185
11.0000	0.3830
11.0000	0.4400
12.0000	0.5090
4.0000	0.0075
3.0000	0.0060
4.0000	0.0050
4.0000	0.0090
4.0000	0.0125
4.0000	0.0130
5.0000	0.0155
7.0000	0.0175
6.0000	0.0200
5.0000	0.0240
5.0000	0.0205
6.0000	0.0265
6.0000	0.0270
6.0000	0.0295
5.0000	0.0475
6.0000	0.0265
6.0000	0.0455
6.0000	0.0420
7.0000	0.0495
6.0000	0.0530
7.0000	0.0440
7.0000	0.0570
6.0000	0.0720
7.0000	0.0700
7.0000	0.0635
6.0000	0.0510
7.0000	0.0865
7.0000	0.0865
6.0000	0.0960
7.0000	0.0735
7.0000	0.0840
7.0000	0.1015
7.0000	0.0905
8.0000	0.0935
8.0000	0.0985
6.0000	0.1075
7.0000	0.0785
6.0000	0.1000
6.0000	0.0885
7.0000	0.0980
7.0000	0.1395
6.0000	0.1075
6.0000	0.0990
7.0000	0.1110
8.0000	0.1085
7.0000	0.1300
7.0000	0.1120
9.0000	0.1160
8.0000	0.1135
6.0000	0.1170
7.0000	0.1500
8.0000	0.1395
6.0000	0.1150
9.0000	0.1195
8.0000	0.1135
8.0000	0.1265
9.0000	0.1845
8.0000	0.1330
8.0000	0.1295
7.0000	0.1985
8.0000	0.1245
9.0000	0.1285
9.0000	0.1555
8.0000	0.1395
8.0000	0.1270
9.0000	0.1490
10.0000	0.1380
7.0000	0.1815
9.0000	0.1405
9.0000	0.1270
8.0000	0.1855
8.0000	0.1950
10.0000	0.1765
9.0000	0.1775
8.0000	0.2175
8.0000	0.1765
8.0000	0.1885
9.0000	0.2395
8.0000	0.1825
9.0000	0.2375
9.0000	0.2035
8.0000	0.2170
8.0000	0.1600
7.0000	0.2290
10.0000	0.2140
9.0000	0.1910
9.0000	0.1970
9.0000	0.1970
10.0000	0.2155
9.0000	0.2175
9.0000	0.1945
8.0000	0.2155
9.0000	0.4260
9.0000	0.1915
9.0000	0.1815
8.0000	0.1975
9.0000	0.2460
9.0000	0.1825
7.0000	0.2360
8.0000	0.2320
9.0000	0.2495
8.0000	0.2395
8.0000	0.2620
10.0000	0.2465
9.0000	0.2275
9.0000	0.2570
10.0000	0.2365
9.0000	0.2195
8.0000	0.2120
9.0000	0.2255
9.0000	0.2420
10.0000	0.2720
9.0000	0.1825
9.0000	0.2500
8.0000	0.2005
8.0000	0.1525
8.0000	0.2445
9.0000	0.2715
8.0000	0.2900
8.0000	0.2110
10.0000	0.3065
9.0000	0.3080
10.0000	0.3415
10.0000	0.2945
10.0000	0.2540
9.0000	0.3390
11.0000	0.3135
11.0000	0.3690
10.0000	0.3725
11.0000	0.2705
8.0000	0.2790
9.0000	0.2910
9.0000	0.3025
14.0000	0.3655
10.0000	0.3685
9.0000	0.3105
12.0000	0.4050
9.0000	0.3485
10.0000	0.3715
9.0000	0.3355
12.0000	0.4180
9.0000	0.3070
9.0000	0.2360
11.0000	0.3810
12.0000	0.4070
10.0000	0.3130
10.0000	0.4800
10.0000	0.4690
8.0000	0.1945
12.0000	0.4255
12.0000	0.3800
11.0000	0.5500
11.0000	0.4585
11.0000	0.5195
11.0000	0.5130
10.0000	0.4015
11.0000	0.4985
6.0000	0.1045
4.0000	0.0140
5.0000	0.0140
5.0000	0.0150
6.0000	0.0295
5.0000	0.0205
5.0000	0.0150
5.0000	0.0310
5.0000	0.0235
6.0000	0.0320
7.0000	0.0395
5.0000	0.0320
7.0000	0.0405
6.0000	0.0330
6.0000	0.0370
5.0000	0.0370
6.0000	0.0360
8.0000	0.0305
4.0000	0.0350
6.0000	0.0420
7.0000	0.0375
7.0000	0.0490
7.0000	0.0655
6.0000	0.0350
5.0000	0.0410
7.0000	0.0450
6.0000	0.0405
6.0000	0.0415
8.0000	0.0480
7.0000	0.0390
6.0000	0.0535
8.0000	0.0420
9.0000	0.0595
8.0000	0.0380
7.0000	0.0615
5.0000	0.0420
7.0000	0.0575
8.0000	0.0595
8.0000	0.0625
5.0000	0.0610
5.0000	0.0605
6.0000	0.0505
7.0000	0.0705
6.0000	0.0615
7.0000	0.0450
7.0000	0.0600
7.0000	0.0650
8.0000	0.0860
8.0000	0.0800
7.0000	0.0715
9.0000	0.0830
9.0000	0.0890
8.0000	0.0755
8.0000	0.1080
8.0000	0.0775
7.0000	0.0990
9.0000	0.0770
8.0000	0.1045
11.0000	0.0730
8.0000	0.0855
8.0000	0.1050
8.0000	0.0885
8.0000	0.0910
8.0000	0.0885
8.0000	0.1100
9.0000	0.1010
8.0000	0.1120
8.0000	0.0835
8.0000	0.1045
7.0000	0.1160
8.0000	0.1375
9.0000	0.1040
9.0000	0.1415
9.0000	0.1375
9.0000	0.1625
7.0000	0.1240
9.0000	0.1205
8.0000	0.1100
7.0000	0.1435
8.0000	0.1030
7.0000	0.1295
13.0000	0.1440
9.0000	0.1255
10.0000	0.1365
9.0000	0.1310
9.0000	0.1385
9.0000	0.1415
9.0000	0.1110
10.0000	0.1110
9.0000	0.1235
9.0000	0.1205
9.0000	0.1210
8.0000	0.1350
9.0000	0.1440
9.0000	0.1445
10.0000	0.1630
9.0000	0.1445
8.0000	0.1480
9.0000	0.1630
10.0000	0.1315
8.0000	0.1185
11.0000	0.1710
9.0000	0.1370
9.0000	0.1905
10.0000	0.1555
9.0000	0.1545
9.0000	0.1560
10.0000	0.1435
9.0000	0.1650
9.0000	0.1765
9.0000	0.1850
9.0000	0.1305
10.0000	0.3225
9.0000	0.1615
11.0000	0.2100
8.0000	0.1685
8.0000	0.1840
11.0000	0.1300
10.0000	0.2195
8.0000	0.1415
9.0000	0.2525
10.0000	0.1830
10.0000	0.1785
9.0000	0.1835
10.0000	0.1470
9.0000	0.2095
10.0000	0.1760
10.0000	0.2730
10.0000	0.1670
8.0000	0.1560
9.0000	0.1965
10.0000	0.2535
10.0000	0.2340
10.0000	0.2345
10.0000	0.2290
10.0000	0.1990
8.0000	0.1855
9.0000	0.1745
9.0000	0.2270
10.0000	0.1880
10.0000	0.1960
12.0000	0.1120
10.0000	0.2720
11.0000	0.1885
10.0000	0.2465
11.0000	0.2500
10.0000	0.1715
11.0000	0.1890
11.0000	0.2260
10.0000	0.2060
11.0000	0.1740
9.0000	0.2195
12.0000	0.2215
10.0000	0.1835
12.0000	0.2570
10.0000	0.2335
9.0000	0.1725
10.0000	0.2900
10.0000	0.1970
10.0000	0.1930
10.0000	0.2195
10.0000	0.2280
12.0000	0.1955
10.0000	0.3020
9.0000	0.3195
10.0000	0.2115
10.0000	0.2385
12.0000	0.2540
10.0000	0.3135
10.0000	0.2685
9.0000	0.2345
11.0000	0.2560
9.0000	0.3260
12.0000	0.2390
9.0000	0.3450
11.0000	0.2950
12.0000	0.1785
10.0000	0.2195
12.0000	0.2210
10.0000	0.1865
9.0000	0.2645
9.0000	0.2725
10.0000	0.2695
10.0000	0.2255
15.0000	0.3720
10.0000	0.2995
11.0000	0.2385
10.0000	0.3515
11.0000	0.2450
11.0000	0.2740
11.0000	0.3780
11.0000	0.3585
9.0000	0.3735
10.0000	0.3490
10.0000	0.3215
13.0000	0.3595
10.0000	0.3865
10.0000	0.2940
10.0000	0.3525
10.0000	0.3125
10.0000	0.3420
11.0000	0.4870
10.0000	0.2710
13.0000	0.3135
9.0000	0.4160
11.0000	0.3990
12.0000	0.3740
10.0000	0.4865
11.0000	0.3830
12.0000	0.4195
11.0000	0.3450
13.0000	0.3890
12.0000	0.5640
11.0000	0.3585
11.0000	0.4345
12.0000	0.4600
9.0000	0.4460
14.0000	0.5190
14.0000	0.4200
3.0000	0.0025
4.0000	0.0145
7.0000	0.0470
5.0000	0.0345
6.0000	0.0410
7.0000	0.0460
5.0000	0.0440
5.0000	0.0665
6.0000	0.0455
7.0000	0.0610
8.0000	0.0640
7.0000	0.0750
6.0000	0.0610
5.0000	0.0630
9.0000	0.0650
6.0000	0.0905
6.0000	0.0745
5.0000	0.0800
8.0000	0.0920
9.0000	0.0890
6.0000	0.1260
7.0000	0.0995
8.0000	0.0960
9.0000	0.1105
6.0000	0.1165
6.0000	0.0835
8.0000	0.1360
7.0000	0.0930
7.0000	0.1170
7.0000	0.1025
6.0000	0.1075
8.0000	0.1030
6.0000	0.1050
7.0000	0.1285
9.0000	0.1245
9.0000	0.1565
8.0000	0.0960
8.0000	0.1810
7.0000	0.1245
8.0000	0.1390
8.0000	0.1450
9.0000	0.1415
8.0000	0.1510
9.0000	0.1775
8.0000	0.2180
9.0000	0.2035
8.0000	0.1610
9.0000	0.1835
8.0000	0.2070
9.0000	0.2065
8.0000	0.2465
9.0000	0.2205
9.0000	0.2165
8.0000	0.2300
8.0000	0.2150
9.0000	0.2390
8.0000	0.2205
9.0000	0.2655
8.0000	0.2085
9.0000	0.1985
11.0000	0.1930
9.0000	0.2875
9.0000	0.2945
11.0000	0.2290
8.0000	0.1915
10.0000	0.2310
8.0000	0.2360
9.0000	0.2350
10.0000	0.3220
11.0000	0.3245
9.0000	0.2600
10.0000	0.2680
9.0000	0.2745
11.0000	0.2425
10.0000	0.2590
10.0000	0.2655
8.0000	0.3180
9.0000	0.3345
10.0000	0.3650
11.0000	0.3585
11.0000	0.3015
10.0000	0.3260
10.0000	0.3045
9.0000	0.3040
8.0000	0.2435
11.0000	0.2960
11.0000	0.4095
10.0000	0.3510
10.0000	0.3240
11.0000	0.3740
10.0000	0.4475
10.0000	0.3880
12.0000	0.3255
11.0000	0.3060
12.0000	0.3325
11.0000	0.3265
11.0000	0.3665
10.0000	0.4095
12.0000	0.3630
13.0000	0.4130
10.0000	0.4270
11.0000	0.3970
5.0000	0.0110
5.0000	0.0170
6.0000	0.0155
6.0000	0.0175
6.0000	0.0340
5.0000	0.0355
5.0000	0.0245
6.0000	0.0315
7.0000	0.0495
8.0000	0.0560
7.0000	0.0440
7.0000	0.0365
7.0000	0.0525
6.0000	0.0460
7.0000	0.0925
7.0000	0.0665
6.0000	0.0395
8.0000	0.0505
7.0000	0.0590
8.0000	0.0560
7.0000	0.0530
7.0000	0.0620
7.0000	0.0465
8.0000	0.0710
8.0000	0.0575
7.0000	0.0625
8.0000	0.0480
7.0000	0.0585
7.0000	0.0700
6.0000	0.0800
8.0000	0.0640
7.0000	0.0850
10.0000	0.0855
7.0000	0.0830
7.0000	0.0810
9.0000	0.0815
8.0000	0.0735
8.0000	0.0985
8.0000	0.1370
7.0000	0.0990
8.0000	0.1305
9.0000	0.1035
8.0000	0.1140
8.0000	0.1060
7.0000	0.1285
8.0000	0.0945
8.0000	0.1285
8.0000	0.0910
8.0000	0.1265
8.0000	0.1430
8.0000	0.1470
9.0000	0.1350
7.0000	0.1430
6.0000	0.1310
9.0000	0.1250
10.0000	0.1230
8.0000	0.1400
8.0000	0.1265
9.0000	0.1595
7.0000	0.1095
8.0000	0.1635
9.0000	0.1470
8.0000	0.1590
7.0000	0.1600
9.0000	0.1605
7.0000	0.1410
10.0000	0.1455
9.0000	0.1305
11.0000	0.1670
7.0000	0.1620
9.0000	0.1815
9.0000	0.1395
9.0000	0.1725
10.0000	0.2550
9.0000	0.1175
10.0000	0.1690
8.0000	0.1545
9.0000	0.1455
8.0000	0.1155
8.0000	0.1120
10.0000	0.1685
9.0000	0.1345
12.0000	0.1485
8.0000	0.1600
8.0000	0.1760
9.0000	0.1245
8.0000	0.1500
11.0000	0.1580
10.0000	0.1870
8.0000	0.1490
10.0000	0.2210
9.0000	0.1860
9.0000	0.1490
9.0000	0.1825
10.0000	0.1735
8.0000	0.1850
9.0000	0.1480
9.0000	0.1660
10.0000	0.1440
9.0000	0.1705
12.0000	0.1720
8.0000	0.1805
10.0000	0.1960
10.0000	0.2380
9.0000	0.1880
10.0000	0.2175
8.0000	0.2470
9.0000	0.1465
10.0000	0.1760
8.0000	0.2180
9.0000	0.1980
13.0000	0.1660
8.0000	0.1515
10.0000	0.2225
10.0000	0.1730
9.0000	0.1405
10.0000	0.2205
10.0000	0.2350
10.0000	0.2680
11.0000	0.1785
8.0000	0.1700
10.0000	0.1940
10.0000	0.2065
8.0000	0.1925
8.0000	0.2045
9.0000	0.1960
9.0000	0.1965
8.0000	0.2225
10.0000	0.2455
9.0000	0.2410
10.0000	0.3045
9.0000	0.1775
8.0000	0.1905
9.0000	0.2265
8.0000	0.2345
9.0000	0.2240
11.0000	0.2640
10.0000	0.2280
10.0000	0.2515
12.0000	0.2915
9.0000	0.2345
10.0000	0.2230
9.0000	0.1900
9.0000	0.2405
7.0000	0.2855
10.0000	0.2395
9.0000	0.2610
12.0000	0.2560
12.0000	0.2605
13.0000	0.2410
11.0000	0.2435
11.0000	0.2460
12.0000	0.2695
9.0000	0.1600
10.0000	0.2265
12.0000	0.2575
9.0000	0.2225
11.0000	0.2615
10.0000	0.2355
9.0000	0.2200
12.0000	0.2055
10.0000	0.2615
9.0000	0.2865
9.0000	0.2660
8.0000	0.2325
11.0000	0.2730
10.0000	0.2315
11.0000	0.2710
13.0000	0.3445
12.0000	0.3090
10.0000	0.3130
9.0000	0.2665
10.0000	0.2695
10.0000	0.2925
11.0000	0.4205
10.0000	0.2615
12.0000	0.2880
14.0000	0.3715
9.0000	0.3450
10.0000	0.2215
9.0000	0.3090
9.0000	0.2760
10.0000	0.3080
10.0000	0.3620
9.0000	0.2735
12.0000	0.2905
9.0000	0.3195
11.0000	0.2300
11.0000	0.3370
9.0000	0.2905
10.0000	0.2810
9.0000	0.2230
12.0000	0.2745
11.0000	0.3805
9.0000	0.2690
12.0000	0.3125
10.0000	0.3295
14.0000	0.3545
11.0000	0.3845
11.0000	0.2530
11.0000	0.2925
12.0000	0.3200
9.0000	0.3140
12.0000	0.3110
11.0000	0.2865
13.0000	0.3095
10.0000	0.3390
11.0000	0.3305
13.0000	0.2755
10.0000	0.3175
10.0000	0.3910
11.0000	0.3390
11.0000	0.2930
11.0000	0.3750
12.0000	0.3675
10.0000	0.3935
15.0000	0.4800
11.0000	0.4565
11.0000	0.4475
12.0000	0.4925
10.0000	0.2870
11.0000	0.4540
10.0000	0.3660
13.0000	0.4425
7.0000	0.3215
14.0000	0.4870
11.0000	0.5195
11.0000	0.4030
12.0000	0.5185
11.0000	0.4825
12.0000	0.4210
12.0000	0.6415
12.0000	0.7600
5.0000	0.0570
6.0000	0.0910
7.0000	0.1310
7.0000	0.0955
8.0000	0.1390
7.0000	0.0900
6.0000	0.0865
8.0000	0.1715
8.0000	0.0855
10.0000	0.1535
7.0000	0.1395
8.0000	0.1230
9.0000	0.2455
9.0000	0.1850
8.0000	0.2150
9.0000	0.2230
9.0000	0.1980
8.0000	0.2495
10.0000	0.2225
7.0000	0.1550
8.0000	0.1715
8.0000	0.1815
8.0000	0.2295
8.0000	0.2195
10.0000	0.3180
9.0000	0.2445
10.0000	0.2940
10.0000	0.3110
9.0000	0.2145
10.0000	0.2245
10.0000	0.1715
10.0000	0.3240
10.0000	0.2685
8.0000	0.2035
11.0000	0.2840
9.0000	0.2205
9.0000	0.3055
10.0000	0.2320
11.0000	0.2575
10.0000	0.2380
10.0000	0.2715
9.0000	0.2860
11.0000	0.2535
11.0000	0.3115
10.0000	0.3070
8.0000	0.2295
9.0000	0.3260
11.0000	0.3685
10.0000	0.2785
9.0000	0.3140
10.0000	0.3330
11.0000	0.2930
10.0000	0.3300
9.0000	0.3775
10.0000	0.4015
11.0000	0.4360
13.0000	0.3675
9.0000	0.4265
11.0000	0.3750
11.0000	0.4090
5.0000	0.0055
4.0000	0.0130
7.0000	0.0275
6.0000	0.0335
7.0000	0.0420
6.0000	0.0325
7.0000	0.0375
6.0000	0.0445
8.0000	0.0525
6.0000	0.0670
7.0000	0.0345
7.0000	0.0640
6.0000	0.0615
6.0000	0.0565
8.0000	0.0625
11.0000	0.0625
8.0000	0.0665
7.0000	0.0785
7.0000	0.0945
8.0000	0.0555
7.0000	0.0560
8.0000	0.0670
7.0000	0.0960
8.0000	0.0990
9.0000	0.0800
7.0000	0.1780
8.0000	0.1025
9.0000	0.0965
8.0000	0.1165
8.0000	0.1480
8.0000	0.0975
9.0000	0.1060
11.0000	0.1175
8.0000	0.1425
10.0000	0.1105
10.0000	0.1520
10.0000	0.1335
8.0000	0.1600
8.0000	0.0915
9.0000	0.1335
9.0000	0.1460
7.0000	0.1700
10.0000	0.1560
9.0000	0.1200
8.0000	0.1535
9.0000	0.1590
8.0000	0.0965
9.0000	0.1275
9.0000	0.1150
9.0000	0.1480
9.0000	0.1765
9.0000	0.2005
9.0000	0.1550
8.0000	0.1580
10.0000	0.2310
9.0000	0.1405
10.0000	0.1905
6.0000	0.1405
8.0000	0.1645
8.0000	0.1465
7.0000	0.1585
9.0000	0.1755
9.0000	0.1710
9.0000	0.1790
11.0000	0.1785
7.0000	0.1545
11.0000	0.1830
9.0000	0.1580
9.0000	0.1950
10.0000	0.2150
11.0000	0.2050
11.0000	0.1740
9.0000	0.2285
13.0000	0.1955
9.0000	0.1525
9.0000	0.1930
9.0000	0.2145
10.0000	0.2225
11.0000	0.2085
10.0000	0.1615
9.0000	0.2020
10.0000	0.1620
11.0000	0.2115
9.0000	0.1925
9.0000	0.1730
9.0000	0.1730
10.0000	0.1850
10.0000	0.2185
10.0000	0.1645
9.0000	0.2005
10.0000	0.2010
11.0000	0.1955
11.0000	0.3370
10.0000	0.2195
11.0000	0.2885
10.0000	0.1935
9.0000	0.1985
10.0000	0.2565
8.0000	0.2615
10.0000	0.2945
8.0000	0.1975
11.0000	0.2785
11.0000	0.2825
9.0000	0.2830
12.0000	0.3195
10.0000	0.2270
11.0000	0.2525
9.0000	0.3020
11.0000	0.2130
15.0000	0.3460
9.0000	0.4405
12.0000	0.2315
11.0000	0.2120
9.0000	0.3005
10.0000	0.2405
11.0000	0.2965
11.0000	0.3510
11.0000	0.2000
9.0000	0.2460
11.0000	0.3065
11.0000	0.2960
11.0000	0.3140
12.0000	0.2460
12.0000	0.2130
10.0000	0.2975
11.0000	0.3000
10.0000	0.2400
10.0000	0.2555
10.0000	0.2505
9.0000	0.2690
11.0000	0.3465
12.0000	0.3220
11.0000	0.2375
16.0000	0.3655
10.0000	0.2960
13.0000	0.2780
10.0000	0.3840
11.0000	0.2485
10.0000	0.2605
9.0000	0.2230
10.0000	0.2775
11.0000	0.3030
10.0000	0.2955
12.0000	0.2675
12.0000	0.2900
12.0000	0.2465
11.0000	0.2845
11.0000	0.3025
12.0000	0.3540
10.0000	0.3790
10.0000	0.2145
11.0000	0.4020
13.0000	0.3835
13.0000	0.4470
12.0000	0.2985
13.0000	0.3470
10.0000	0.3835
12.0000	0.3605
11.0000	0.4305
11.0000	0.3150
11.0000	0.3660
13.0000	0.4915
4.0000	0.0065
4.0000	0.0050
5.0000	0.0120
6.0000	0.0265
7.0000	0.0185
6.0000	0.0230
5.0000	0.0205
6.0000	0.0235
6.0000	0.0220
6.0000	0.0255
7.0000	0.0355
6.0000	0.0440
7.0000	0.0465
6.0000	0.0335
9.0000	0.0525
6.0000	0.0380
7.0000	0.0340
6.0000	0.0470
7.0000	0.0500
7.0000	0.0680
7.0000	0.0630
8.0000	0.0795
7.0000	0.0675
8.0000	0.1020
7.0000	0.0840
8.0000	0.0820
7.0000	0.0990
10.0000	0.1525
10.0000	0.0865
8.0000	0.1095
9.0000	0.1385
12.0000	0.1315
10.0000	0.1035
9.0000	0.1540
9.0000	0.1450
9.0000	0.1495
9.0000	0.1855
9.0000	0.1565
11.0000	0.1905
10.0000	0.2435
9.0000	0.1840
9.0000	0.2120
10.0000	0.1560
9.0000	0.2705
10.0000	0.2730
10.0000	0.1770
12.0000	0.2085
10.0000	0.2280
14.0000	0.2520
9.0000	0.3530
5.0000	0.0185
5.0000	0.0225
5.0000	0.0220
6.0000	0.0225
8.0000	0.0330
8.0000	0.0305
8.0000	0.0610
7.0000	0.0620
7.0000	0.0705
8.0000	0.0600
7.0000	0.0760
6.0000	0.0650
9.0000	0.0910
8.0000	0.0825
8.0000	0.1045
8.0000	0.1160
8.0000	0.1175
7.0000	0.0885
7.0000	0.0850
9.0000	0.0740
7.0000	0.1315
8.0000	0.0995
8.0000	0.1345
8.0000	0.1035
9.0000	0.1575
8.0000	0.1430
7.0000	0.1490
8.0000	0.1005
8.0000	0.1895
8.0000	0.1565
10.0000	0.1160
9.0000	0.1675
9.0000	0.1855
9.0000	0.2115
11.0000	0.1370
9.0000	0.1735
8.0000	0.1475
7.0000	0.2070
11.0000	0.2115
9.0000	0.1765
10.0000	0.2595
8.0000	0.2000
8.0000	0.2675
9.0000	0.2440
9.0000	0.2225
8.0000	0.2355
10.0000	0.3395
11.0000	0.3870
12.0000	0.3975
10.0000	0.3725
10.0000	0.2815
11.0000	0.4480
12.0000	0.4825
10.0000	0.1965
17.0000	0.4755
8.0000	0.1555
10.0000	0.1355
11.0000	0.1075
7.0000	0.0575
7.0000	0.0685
11.0000	0.1320
7.0000	0.0825
8.0000	0.0885
10.0000	0.0695
10.0000	0.0505
19.0000	0.1365
9.0000	0.0820
9.0000	0.0565
11.0000	0.1280
10.0000	0.2650
14.0000	0.2105
15.0000	0.3705
27.0000	0.3910
13.0000	0.2555
5.0000	0.0510
9.0000	0.0995
8.0000	0.1975
7.0000	0.0495
4.0000	0.0065
3.0000	0.0100
6.0000	0.0385
7.0000	0.0725
8.0000	0.1405
9.0000	0.1265
7.0000	0.0725
9.0000	0.0965
11.0000	0.1000
6.0000	0.0675
7.0000	0.0940
8.0000	0.0755
10.0000	0.1260
7.0000	0.0710
12.0000	0.2265
12.0000	0.2105
9.0000	0.1850
6.0000	0.0385
10.0000	0.1625
9.0000	0.0885
8.0000	0.1130
12.0000	0.1660
9.0000	0.2130
10.0000	0.2455
16.0000	0.2770
14.0000	0.3370
10.0000	0.1050
7.0000	0.0355
9.0000	0.0865
10.0000	0.1015
9.0000	0.0830
9.0000	0.0765
11.0000	0.1625
12.0000	0.0845
8.0000	0.0735
7.0000	0.0180
10.0000	0.1035
18.0000	0.4370
8.0000	0.0465
5.0000	0.0115
10.0000	0.2095
16.0000	0.1965
12.0000	0.1850
17.0000	0.3285
14.0000	0.1795
12.0000	0.3315
19.0000	0.4720
17.0000	0.4650
11.0000	0.4920
9.0000	0.1840
5.0000	0.0565
9.0000	0.3110
6.0000	0.0610
5.0000	0.0535
6.0000	0.0345
4.0000	0.0030
7.0000	0.0285
6.0000	0.0150
5.0000	0.0050
10.0000	0.2000
13.0000	0.2740
12.0000	0.1970
20.0000	0.1870
14.0000	0.2060
15.0000	0.2035
14.0000	0.2475
21.0000	0.1650
16.0000	0.1985
13.0000	0.1735
6.0000	0.1155
6.0000	0.0310
9.0000	0.1035
9.0000	0.1715
14.0000	0.1225
12.0000	0.1325
10.0000	0.1150
11.0000	0.1985
15.0000	0.2785
14.0000	0.2640
6.0000	0.0140
13.0000	0.0935
5.0000	0.0255
11.0000	0.0545
10.0000	0.0705
6.0000	0.0195
21.0000	0.4075
13.0000	0.3600
25.0000	0.2285
19.0000	0.2185
18.0000	0.2375
7.0000	0.0960
6.0000	0.0285
5.0000	0.0235
8.0000	0.0930
16.0000	0.2595
27.0000	0.2050
18.0000	0.2970
17.0000	0.2580
13.0000	0.2190
17.0000	0.2815
8.0000	0.0995
10.0000	0.1325
7.0000	0.0385
13.0000	0.1960
14.0000	0.1890
13.0000	0.1155
8.0000	0.2005
17.0000	0.1865
13.0000	0.2445
14.0000	0.1950
9.0000	0.1500
13.0000	0.1740
7.0000	0.0525
7.0000	0.0190
12.0000	0.1500
7.0000	0.0510
13.0000	0.1635
9.0000	0.1550
9.0000	0.2045
17.0000	0.2290
14.0000	0.1845
13.0000	0.2735
15.0000	0.2435
17.0000	0.2355
8.0000	0.0745
8.0000	0.1050
12.0000	0.0900
11.0000	0.0915
7.0000	0.0700
10.0000	0.1185
11.0000	0.0455
9.0000	0.1045
10.0000	0.0740
9.0000	0.1495
6.0000	0.0530
12.0000	0.2495
11.0000	0.3765
13.0000	0.2815
14.0000	0.2205
11.0000	0.3050
14.0000	0.3390
12.0000	0.1385
8.0000	0.1565
13.0000	0.1340
8.0000	0.0935
13.0000	0.2525
10.0000	0.1825
11.0000	0.1760
17.0000	0.1960
13.0000	0.2875
14.0000	0.2185
13.0000	0.4050
14.0000	0.2610
15.0000	0.2160
13.0000	0.1890
12.0000	0.2175
18.0000	0.2675
14.0000	0.2190
15.0000	0.2835
13.0000	0.3480
15.0000	0.4255
20.0000	0.2215
14.0000	0.2450
19.0000	0.2475
9.0000	0.1580
10.0000	0.2160
9.0000	0.0965
8.0000	0.1340
10.0000	0.1790
7.0000	0.1120
9.0000	0.0785
9.0000	0.0890
9.0000	0.1730
7.0000	0.0745
6.0000	0.0360
10.0000	0.2300
6.0000	0.0435
10.0000	0.1205
9.0000	0.0750
6.0000	0.0525
12.0000	0.1465
10.0000	0.1725
13.0000	0.1810
8.0000	0.1200
7.0000	0.0800
8.0000	0.1235
10.0000	0.1445
10.0000	0.2015
9.0000	0.1190
11.0000	0.2570
11.0000	0.2245
23.0000	0.1790
12.0000	0.2180
16.0000	0.1290
11.0000	0.1275
13.0000	0.1640
13.0000	0.1005
7.0000	0.0630
8.0000	0.0315
16.0000	0.1505
14.0000	0.1650
17.0000	0.1625
13.0000	0.1770
13.0000	0.1540
12.0000	0.1175
15.0000	0.1530
10.0000	0.0635
14.0000	0.0925
12.0000	0.1315
8.0000	0.0735
17.0000	0.2815
10.0000	0.0820
11.0000	0.0550
13.0000	0.1645
15.0000	0.2090
15.0000	0.1210
9.0000	0.0795
15.0000	0.1485
9.0000	0.1270
13.0000	0.3835
23.0000	0.5900
23.0000	0.2025
18.0000	0.2150
11.0000	0.1695
17.0000	0.3580
17.0000	0.3040
11.0000	0.1905
7.0000	0.0315
6.0000	0.0180
6.0000	0.0055
21.0000	0.2455
17.0000	0.3365
13.0000	0.1715
11.0000	0.1890
16.0000	0.1945
9.0000	0.0935
12.0000	0.1110
19.0000	0.1840
18.0000	0.2330
17.0000	0.3415
11.0000	0.2420
13.0000	0.2105
13.0000	0.2040
17.0000	0.2120
20.0000	0.2205
13.0000	0.2565
11.0000	0.1875
12.0000	0.1590
18.0000	0.2910
18.0000	0.1905
15.0000	0.2035
12.0000	0.2160
19.0000	0.4350
15.0000	0.2960
16.0000	0.4230
12.0000	0.2175
8.0000	0.0640
3.0000	0.0055
12.0000	0.0725
12.0000	0.1260
12.0000	0.0675
10.0000	0.0430
8.0000	0.0955
12.0000	0.1415
12.0000	0.0510
10.0000	0.0370
5.0000	0.0075
5.0000	0.0050
11.0000	0.1610
16.0000	0.1310
11.0000	0.0830
12.0000	0.1170
14.0000	0.1445
11.0000	0.1465
10.0000	0.1410
11.0000	0.1125
16.0000	0.1020
10.0000	0.0450
10.0000	0.0410
7.0000	0.0335
14.0000	0.2730
14.0000	0.2410
14.0000	0.1845
17.0000	0.2520
14.0000	0.1610
17.0000	0.1520
13.0000	0.0755
12.0000	0.1460
16.0000	0.1050
10.0000	0.0260
15.0000	0.1905
15.0000	0.2830
10.0000	0.2000
12.0000	0.2970
15.0000	0.3045
8.0000	0.2705
10.0000	0.1200
9.0000	0.1085
7.0000	0.0340
12.0000	0.1900
9.0000	0.0785
10.0000	0.0370
18.0000	0.0565
11.0000	0.0330
18.0000	0.1030
10.0000	0.1125
13.0000	0.0465
15.0000	0.1420
12.0000	0.1140
10.0000	0.0655
6.0000	0.0270
13.0000	0.2145
14.0000	0.1680
6.0000	0.0200
10.0000	0.1510
9.0000	0.0340
11.0000	0.1150
18.0000	0.2485
11.0000	0.2320
16.0000	0.3365
16.0000	0.2920
14.0000	0.1095
23.0000	0.1560
9.0000	0.0390
16.0000	0.1755
9.0000	0.0510
13.0000	0.1350
10.0000	0.2080
9.0000	0.1070
11.0000	0.1140
9.0000	0.1490
12.0000	0.1265
14.0000	0.1645
6.0000	0.0185
7.0000	0.0415
9.0000	0.0585
10.0000	0.1100
10.0000	0.0560
9.0000	0.0650
8.0000	0.0225
5.0000	0.0235
6.0000	0.0140
5.0000	0.0170
5.0000	0.0185
4.0000	0.0080
20.0000	0.2325
14.0000	0.1580
13.0000	0.0950
8.0000	0.1015
17.0000	0.1460
11.0000	0.1370
11.0000	0.1680
9.0000	0.1065
16.0000	0.2155
8.0000	0.0625
13.0000	0.2260
11.0000	0.2895
20.0000	0.2000
14.0000	0.3840
14.0000	0.3430
14.0000	0.3285
12.0000	0.2455
18.0000	0.3120
13.0000	0.1930
8.0000	0.1165
14.0000	0.2005
13.0000	0.1905
8.0000	0.0600
12.0000	0.2010
14.0000	0.2410
14.0000	0.1070
8.0000	0.0380
13.0000	0.1295
11.0000	0.3490
14.0000	0.1950
15.0000	0.0960
7.0000	0.0870
10.0000	0.1700
11.0000	0.1180
8.0000	0.0735
9.0000	0.0675
12.0000	0.1245
15.0000	0.2065
12.0000	0.1775
15.0000	0.1800
19.0000	0.2130
12.0000	0.1550
9.0000	0.0500
5.0000	0.0265
6.0000	0.0300
6.0000	0.0650
6.0000	0.0400
7.0000	0.0300
7.0000	0.1065
6.0000	0.0705
6.0000	0.0835
8.0000	0.0500
6.0000	0.0825
8.0000	0.1130
8.0000	0.1445
8.0000	0.1150
8.0000	0.1455
10.0000	0.0975
7.0000	0.1015
8.0000	0.1600
7.0000	0.1420
9.0000	0.1725
9.0000	0.1455
11.0000	0.1500
9.0000	0.2355
11.0000	0.2770
9.0000	0.2215
9.0000	0.2725
10.0000	0.2015
9.0000	0.1910
8.0000	0.2835
9.0000	0.2175
10.0000	0.2750
10.0000	0.2590
10.0000	0.3125
12.0000	0.3310
11.0000	0.3140
12.0000	0.2990
11.0000	0.3615
15.0000	0.3180
13.0000	0.3580
13.0000	0.3710
9.0000	0.2655
14.0000	0.4195
10.0000	0.3650
10.0000	0.4180
4.0000	0.0110
4.0000	0.0130
5.0000	0.0135
4.0000	0.0220
5.0000	0.0265
5.0000	0.0240
6.0000	0.0275
6.0000	0.0370
7.0000	0.0325
7.0000	0.0395
6.0000	0.0565
6.0000	0.0405
7.0000	0.0590
6.0000	0.0660
7.0000	0.0715
7.0000	0.0835
6.0000	0.1110
6.0000	0.0865
7.0000	0.1100
6.0000	0.0890
8.0000	0.1065
7.0000	0.1045
6.0000	0.1115
7.0000	0.0885
6.0000	0.1020
7.0000	0.1005
9.0000	0.1035
7.0000	0.1025
8.0000	0.1115
8.0000	0.1015
7.0000	0.1660
7.0000	0.0900
7.0000	0.1420
9.0000	0.1365
7.0000	0.1890
8.0000	0.1705
6.0000	0.2080
6.0000	0.1415
8.0000	0.2275
9.0000	0.1595
8.0000	0.1590
7.0000	0.2240
9.0000	0.1850
8.0000	0.1960
7.0000	0.2060
8.0000	0.1815
8.0000	0.2215
7.0000	0.2630
9.0000	0.2690
9.0000	0.2200
11.0000	0.2745
8.0000	0.2245
8.0000	0.2740
9.0000	0.2735
8.0000	0.2740
10.0000	0.2495
10.0000	0.3015
8.0000	0.3200
9.0000	0.3230
10.0000	0.2530
9.0000	0.2330
10.0000	0.2680
9.0000	0.2365
8.0000	0.2165
11.0000	0.3360
9.0000	0.2660
8.0000	0.2710
11.0000	0.3170
11.0000	0.2985
9.0000	0.3345
12.0000	0.3755
9.0000	0.2955
9.0000	0.3690
13.0000	0.4290
8.0000	0.3855
10.0000	0.4420
12.0000	0.3890
13.0000	0.3935
10.0000	0.5005
12.0000	0.5120
10.0000	0.4820
4.0000	0.0100
5.0000	0.0190
5.0000	0.0220
6.0000	0.0330
6.0000	0.0475
6.0000	0.0380
8.0000	0.0795
6.0000	0.0770
7.0000	0.0820
7.0000	0.0800
7.0000	0.0735
7.0000	0.0765
7.0000	0.0580
6.0000	0.1080
7.0000	0.0975
7.0000	0.0875
7.0000	0.1190
8.0000	0.1120
8.0000	0.1150
8.0000	0.1005
7.0000	0.1205
8.0000	0.1320
9.0000	0.1350
7.0000	0.1490
8.0000	0.1085
8.0000	0.1190
9.0000	0.1175
9.0000	0.1295
9.0000	0.1700
7.0000	0.1545
7.0000	0.1850
9.0000	0.2150
8.0000	0.1440
8.0000	0.1995
8.0000	0.1330
9.0000	0.1885
9.0000	0.2170
9.0000	0.2040
9.0000	0.1590
8.0000	0.1905
8.0000	0.1725
7.0000	0.2030
8.0000	0.1290
8.0000	0.1640
9.0000	0.2165
8.0000	0.2615
8.0000	0.1660
9.0000	0.2325
9.0000	0.2255
10.0000	0.4190
10.0000	0.2835
9.0000	0.2460
7.0000	0.2095
9.0000	0.2090
10.0000	0.3095
9.0000	0.2475
10.0000	0.2430
11.0000	0.3005
9.0000	0.2770
10.0000	0.2445
11.0000	0.2465
10.0000	0.2620
8.0000	0.1880
9.0000	0.3110
9.0000	0.2595
9.0000	0.3520
9.0000	0.2830
9.0000	0.2775
10.0000	0.2765
9.0000	0.2980
9.0000	0.2280
10.0000	0.2980
9.0000	0.3175
11.0000	0.2985
13.0000	0.2975
13.0000	0.3685
11.0000	0.2790
11.0000	0.3115
10.0000	0.3615
13.0000	0.3060
11.0000	0.3980
9.0000	0.4265
11.0000	0.3870
12.0000	0.5265
11.0000	0.5235
3.0000	0.0050
4.0000	0.0080
4.0000	0.0080
5.0000	0.0210
6.0000	0.0325
6.0000	0.0380
6.0000	0.0385
7.0000	0.0505
5.0000	0.0315
7.0000	0.0395
8.0000	0.0625
7.0000	0.0545
7.0000	0.0735
8.0000	0.0445
8.0000	0.0535
7.0000	0.0625
7.0000	0.0610
8.0000	0.2075
7.0000	0.0530
6.0000	0.0635
8.0000	0.0575
8.0000	0.0750
7.0000	0.0670
8.0000	0.0635
8.0000	0.0830
7.0000	0.0855
9.0000	0.0765
8.0000	0.0785
7.0000	0.0625
8.0000	0.0655
8.0000	0.0770
8.0000	0.0870
7.0000	0.0880
11.0000	0.1280
8.0000	0.1180
8.0000	0.0925
10.0000	0.1260
9.0000	0.0970
9.0000	0.0950
8.0000	0.1400
9.0000	0.1320
7.0000	0.1370
8.0000	0.0980
8.0000	0.1250
10.0000	0.1470
8.0000	0.1285
9.0000	0.1140
10.0000	0.1690
8.0000	0.2390
10.0000	0.1520
10.0000	0.1710
9.0000	0.1805
10.0000	0.1700
9.0000	0.1740
11.0000	0.1575
8.0000	0.2440
10.0000	0.1390
11.0000	0.1030
11.0000	0.1685
10.0000	0.2025
9.0000	0.2325
10.0000	0.2705
11.0000	0.2155
9.0000	0.1850
10.0000	0.1670
10.0000	0.1625
9.0000	0.1345
8.0000	0.2065
9.0000	0.1730
10.0000	0.2025
10.0000	0.2170
8.0000	0.2685
11.0000	0.2635
9.0000	0.1550
9.0000	0.2745
10.0000	0.2915
11.0000	0.1715
10.0000	0.2010
9.0000	0.2195
10.0000	0.4365
10.0000	0.2165
10.0000	0.3105
12.0000	0.2520
10.0000	0.2520
12.0000	0.2325
10.0000	0.2565
11.0000	0.2110
10.0000	0.2220
10.0000	0.2820
11.0000	0.3770
10.0000	0.1755
9.0000	0.2880
12.0000	0.2705
9.0000	0.3375
11.0000	0.2995
9.0000	0.3520
13.0000	0.3730
9.0000	0.4170
11.0000	0.3210
10.0000	0.5250
9.0000	0.5410
5.0000	0.0160
4.0000	0.0170
4.0000	0.0210
7.0000	0.0335
6.0000	0.0645
7.0000	0.0395
8.0000	0.0435
5.0000	0.0420
6.0000	0.0595
7.0000	0.0540
7.0000	0.0795
7.0000	0.1070
7.0000	0.1180
8.0000	0.1215
9.0000	0.1085
8.0000	0.1230
9.0000	0.1615
7.0000	0.1420
9.0000	0.1800
7.0000	0.1715
9.0000	0.1805
9.0000	0.1875
8.0000	0.1745
8.0000	0.1650
9.0000	0.2010
8.0000	0.1820
9.0000	0.2330
10.0000	0.2055
9.0000	0.2435
9.0000	0.2240
9.0000	0.2560
10.0000	0.2250
10.0000	0.2470
10.0000	0.2500
10.0000	0.2830
8.0000	0.2045
9.0000	0.2590
10.0000	0.2730
10.0000	0.2750
12.0000	0.2950
9.0000	0.3155
8.0000	0.2890
11.0000	0.3095
11.0000	0.3460
11.0000	0.2635
11.0000	0.3575
11.0000	0.3630
11.0000	0.4070
10.0000	0.3250
12.0000	0.3255
10.0000	0.4630
11.0000	0.5115
6.0000	0.0265
4.0000	0.0280
5.0000	0.0340
6.0000	0.0305
7.0000	0.0410
5.0000	0.0455
7.0000	0.0425
7.0000	0.0485
8.0000	0.0730
6.0000	0.0515
8.0000	0.0865
7.0000	0.0580
7.0000	0.0900
9.0000	0.0870
8.0000	0.1020
8.0000	0.1170
8.0000	0.1090
8.0000	0.1365
9.0000	0.1040
8.0000	0.1065
9.0000	0.1375
8.0000	0.1435
8.0000	0.0960
9.0000	0.1430
8.0000	0.1300
8.0000	0.1155
8.0000	0.1990
8.0000	0.1130
10.0000	0.1870
8.0000	0.1990
11.0000	0.1365
10.0000	0.1500
8.0000	0.1530
10.0000	0.1580
8.0000	0.1940
8.0000	0.1630
9.0000	0.1740
8.0000	0.1435
9.0000	0.1730
8.0000	0.1800
9.0000	0.1950
8.0000	0.1900
8.0000	0.1965
10.0000	0.1935
9.0000	0.2320
9.0000	0.2120
11.0000	0.1945
11.0000	0.1955
9.0000	0.1870
9.0000	0.2650
9.0000	0.1500
10.0000	0.2070
10.0000	0.3865
10.0000	0.2555
9.0000	0.2035
10.0000	0.2435
10.0000	0.3255
9.0000	0.2225
11.0000	0.2345
13.0000	0.2715
9.0000	0.2900
10.0000	0.1985
11.0000	0.1955
12.0000	0.3315
11.0000	0.2250
11.0000	0.2385
11.0000	0.2590
9.0000	0.2305
10.0000	0.2470
10.0000	0.2865
9.0000	0.1865
10.0000	0.3365
11.0000	0.2810
10.0000	0.2065
11.0000	0.2070
10.0000	0.1735
10.0000	0.1800
10.0000	0.2770
9.0000	0.2560
10.0000	0.2485
7.0000	0.3065
11.0000	0.2885
11.0000	0.2690
10.0000	0.2775
8.0000	0.3045
11.0000	0.2820
11.0000	0.3125
11.0000	0.2660
12.0000	0.2315
11.0000	0.2925
12.0000	0.4080
15.0000	0.4400
12.0000	0.3670
11.0000	0.3725
12.0000	0.3090
13.0000	0.3190
10.0000	0.3970
10.0000	0.2985
9.0000	0.3220
12.0000	0.3530
9.0000	0.3025
9.0000	0.2675
10.0000	0.2925
11.0000	0.2625
12.0000	0.2970
10.0000	0.4055
13.0000	0.4655
11.0000	0.3805
13.0000	0.4780
12.0000	0.4740
12.0000	0.3360
6.0000	0.0670
8.0000	0.1080
6.0000	0.0825
8.0000	0.2285
8.0000	0.2015
7.0000	0.1120
8.0000	0.1195
9.0000	0.2920
8.0000	0.1980
10.0000	0.2750
8.0000	0.2080
13.0000	0.3265
10.0000	0.3420
9.0000	0.1845
9.0000	0.2015
9.0000	0.2105
8.0000	0.2310
8.0000	0.2070
11.0000	0.3960
9.0000	0.2610
9.0000	0.3035
10.0000	0.2200
9.0000	0.1915
9.0000	0.2710
11.0000	0.3180
9.0000	0.2245
11.0000	0.2920
10.0000	0.3905
10.0000	0.2965
11.0000	0.3395
13.0000	0.4080
11.0000	0.4035
14.0000	0.4220
12.0000	0.4230
4.0000	0.0165
6.0000	0.0415
8.0000	0.0395
7.0000	0.0590
8.0000	0.0340
6.0000	0.0500
6.0000	0.0645
7.0000	0.0500
8.0000	0.0650
9.0000	0.0740
8.0000	0.0825
8.0000	0.0700
9.0000	0.0765
8.0000	0.0855
8.0000	0.1040
9.0000	0.0990
7.0000	0.0950
8.0000	0.1030
8.0000	0.1230
7.0000	0.1435
11.0000	0.1555
11.0000	0.1245
8.0000	0.1260
9.0000	0.1515
8.0000	0.1655
10.0000	0.1630
10.0000	0.1465
11.0000	0.1570
9.0000	0.2095
9.0000	0.1385
10.0000	0.2235
10.0000	0.2110
9.0000	0.1960
8.0000	0.2005
10.0000	0.1405
9.0000	0.1935
10.0000	0.1685
11.0000	0.2620
9.0000	0.2395
8.0000	0.2360
9.0000	0.2615
12.0000	0.2395
9.0000	0.1825
9.0000	0.2025
11.0000	0.1950
12.0000	0.1955
11.0000	0.1980
11.0000	0.1760
13.0000	0.2080
11.0000	0.1670
11.0000	0.2590
11.0000	0.2470
10.0000	0.2950
11.0000	0.2270
9.0000	0.3035
9.0000	0.2315
11.0000	0.2505
9.0000	0.2310
11.0000	0.3515
12.0000	0.2605
11.0000	0.2385
9.0000	0.2615
11.0000	0.3165
10.0000	0.3020
10.0000	0.3045
11.0000	0.3405
11.0000	0.3935
11.0000	0.3855
10.0000	0.3775
11.0000	0.3340
11.0000	0.4285
13.0000	0.4575
14.0000	0.3565
11.0000	0.4655
4.0000	0.0120
5.0000	0.0130
6.0000	0.0210
7.0000	0.0460
7.0000	0.0745
8.0000	0.0670
8.0000	0.1110
10.0000	0.1150
10.0000	0.1065
11.0000	0.1335
11.0000	0.1575
9.0000	0.1470
9.0000	0.1635
9.0000	0.1375
11.0000	0.1245
8.0000	0.1220
9.0000	0.2605
10.0000	0.2075
11.0000	0.1820
8.0000	0.3150
11.0000	0.2425
10.0000	0.3795
5.0000	0.0185
5.0000	0.0260
5.0000	0.0505
7.0000	0.0400
7.0000	0.0465
8.0000	0.0680
8.0000	0.0665
7.0000	0.0735
7.0000	0.0810
7.0000	0.0815
6.0000	0.0945
10.0000	0.1715
8.0000	0.0890
8.0000	0.1835
10.0000	0.1380
9.0000	0.1310
7.0000	0.1945
8.0000	0.1965
9.0000	0.2090
10.0000	0.1655
10.0000	0.2160
11.0000	0.2930
9.0000	0.2710
10.0000	0.2115
10.0000	0.2045
11.0000	0.2850
11.0000	0.3570
10.0000	0.3525
9.0000	0.1155
8.0000	0.1105
9.0000	0.1145
11.0000	0.1505
10.0000	0.0845
10.0000	0.1510
11.0000	0.0240
20.0000	0.1390
5.0000	0.0070
5.0000	0.0125
4.0000	0.0070
9.0000	0.3055
13.0000	0.2405
14.0000	0.2760
13.0000	0.2995
12.0000	0.4065
24.0000	0.3125
10.0000	0.3515
21.0000	0.3025
11.0000	0.1420
9.0000	0.0920
7.0000	0.1065
9.0000	0.1555
10.0000	0.1800
9.0000	0.0890
9.0000	0.2030
6.0000	0.0210
7.0000	0.0130
6.0000	0.0365
15.0000	0.2380
9.0000	0.2125
13.0000	0.2810
9.0000	0.1580
18.0000	0.2710
15.0000	0.2505
15.0000	0.2910
10.0000	0.2710
14.0000	0.2390
13.0000	0.1455
11.0000	0.1235
6.0000	0.0575
9.0000	0.0765
11.0000	0.1310
12.0000	0.1355
15.0000	0.1330
8.0000	0.0535
8.0000	0.0135
7.0000	0.0560
11.0000	0.0715
10.0000	0.2620
11.0000	0.1785
13.0000	0.3870
11.0000	0.2340
6.0000	0.1270
8.0000	0.1450
16.0000	0.3985
7.0000	0.2135
5.0000	0.0075
13.0000	0.3470
14.0000	0.1915
20.0000	0.2045
12.0000	0.2255
18.0000	0.2070
5.0000	0.0330
7.0000	0.0315
11.0000	0.1150
9.0000	0.1255
10.0000	0.1450
6.0000	0.0570
17.0000	0.2840
17.0000	0.2950
15.0000	0.3205
9.0000	0.0375
8.0000	0.0295
15.0000	0.1045
9.0000	0.0340
14.0000	0.0610
12.0000	0.2440
10.0000	0.2700
14.0000	0.3260
13.0000	0.2430
14.0000	0.2750
11.0000	0.3075
16.0000	0.3075
10.0000	0.0870
14.0000	0.3105
16.0000	0.3205
11.0000	0.1380
9.0000	0.0515
18.0000	0.2135
8.0000	0.1710
16.0000	0.3075
9.0000	0.0965
10.0000	0.1060
13.0000	0.1370
9.0000	0.1025
12.0000	0.3280
11.0000	0.2385
12.0000	0.0810
13.0000	0.1625
12.0000	0.3225
13.0000	0.2380
14.0000	0.2565
8.0000	0.0580
18.0000	0.2890
14.0000	0.3025
15.0000	0.3180
15.0000	0.1585
14.0000	0.4005
15.0000	0.3030
14.0000	0.2825
19.0000	0.4395
13.0000	0.3005
13.0000	0.2190
15.0000	0.3060
11.0000	0.2800
6.0000	0.0390
9.0000	0.1145
8.0000	0.1060
12.0000	0.1420
6.0000	0.0855
7.0000	0.1005
5.0000	0.0420
12.0000	0.1930
9.0000	0.1500
7.0000	0.1020
18.0000	0.3035
13.0000	0.2145
12.0000	0.2880
14.0000	0.2925
17.0000	0.1970
12.0000	0.3175
14.0000	0.1395
11.0000	0.1635
10.0000	0.1205
11.0000	0.0885
12.0000	0.2415
13.0000	0.1775
17.0000	0.1230
11.0000	0.1075
13.0000	0.1175
18.0000	0.1240
12.0000	0.0820
12.0000	0.0785
15.0000	0.1075
12.0000	0.1575
18.0000	0.3180
24.0000	0.3530
11.0000	0.1570
13.0000	0.2600
11.0000	0.2350
11.0000	0.2170
13.0000	0.3025
14.0000	0.2270
12.0000	0.1455
15.0000	0.2250
15.0000	0.1640
12.0000	0.1220
9.0000	0.1700
11.0000	0.1350
13.0000	0.2430
14.0000	0.3000
14.0000	0.1315
14.0000	0.2050
17.0000	0.2780
13.0000	0.2300
16.0000	0.2700
16.0000	0.2270
11.0000	0.4875
15.0000	0.3705
12.0000	0.1805
16.0000	0.1830
16.0000	0.2160
10.0000	0.0515
9.0000	0.1165
5.0000	0.0240
9.0000	0.1220
13.0000	0.2380
12.0000	0.1365
17.0000	0.1335
11.0000	0.0570
11.0000	0.1080
9.0000	0.0410
16.0000	0.0705
7.0000	0.0105
4.0000	0.0045
19.0000	0.3235
16.0000	0.1565
11.0000	0.1270
15.0000	0.1505
12.0000	0.0755
12.0000	0.0585
10.0000	0.0370
12.0000	0.2015
16.0000	0.2595
13.0000	0.2840
10.0000	0.1450
10.0000	0.0555
11.0000	0.1650
13.0000	0.0875
12.0000	0.0865
8.0000	0.0380
12.0000	0.0790
11.0000	0.0900
15.0000	0.4005
16.0000	0.3090
12.0000	0.1785
17.0000	0.2200
12.0000	0.1250
14.0000	0.0850
13.0000	0.0460
13.0000	0.0980
12.0000	0.1410
14.0000	0.0730
11.0000	0.0575
13.0000	0.1615
10.0000	0.1080
11.0000	0.0645
13.0000	0.1355
15.0000	0.1685
8.0000	0.1180
10.0000	0.0980
10.0000	0.0730
6.0000	0.0735
8.0000	0.0555
5.0000	0.0230
20.0000	0.2165
19.0000	0.2345
9.0000	0.0735
9.0000	0.0690
10.0000	0.2075
11.0000	0.0365
11.0000	0.0820
5.0000	0.0200
17.0000	0.1870
13.0000	0.2640
17.0000	0.2570
12.0000	0.1065
10.0000	0.0340
16.0000	0.0905
19.0000	0.1940
10.0000	0.1715
10.0000	0.1805
6.0000	0.0310
5.0000	0.0160
8.0000	0.0345
8.0000	0.0260
5.0000	0.0050
19.0000	0.2665
15.0000	0.1610
14.0000	0.1725
7.0000	0.0335
13.0000	0.1455
13.0000	0.2535
18.0000	0.1960
13.0000	0.4505
16.0000	0.3525
10.0000	0.2785
13.0000	0.1740
19.0000	0.3155
10.0000	0.2220
13.0000	0.2530
13.0000	0.2020
18.0000	0.3320
12.0000	0.1215
9.0000	0.0515
8.0000	0.1025
10.0000	0.2165
18.0000	0.1405
13.0000	0.1250
9.0000	0.0590
8.0000	0.0575
7.0000	0.0405
8.0000	0.0400
6.0000	0.0465
7.0000	0.0500
7.0000	0.0720
6.0000	0.0830
7.0000	0.0745
8.0000	0.1060
9.0000	0.1235
7.0000	0.1005
9.0000	0.2025
7.0000	0.1820
9.0000	0.2210
8.0000	0.2700
8.0000	0.2790
10.0000	0.2140
11.0000	0.2230
9.0000	0.2175
11.0000	0.2540
10.0000	0.3070
10.0000	0.3410
13.0000	0.4400
13.0000	0.5750
4.0000	0.0185
6.0000	0.0285
6.0000	0.0305
5.0000	0.0490
6.0000	0.0405
6.0000	0.0475
6.0000	0.0645
7.0000	0.0620
6.0000	0.0655
8.0000	0.0490
6.0000	0.0785
8.0000	0.0955
7.0000	0.1100
7.0000	0.1180
8.0000	0.1155
7.0000	0.1075
9.0000	0.1325
8.0000	0.1305
8.0000	0.1040
8.0000	0.1325
7.0000	0.1570
7.0000	0.1660
7.0000	0.1590
8.0000	0.1950
8.0000	0.1975
8.0000	0.1710
8.0000	0.2145
9.0000	0.2295
12.0000	0.2380
10.0000	0.3150
8.0000	0.2360
8.0000	0.2925
9.0000	0.2505
11.0000	0.2825
10.0000	0.2415
11.0000	0.2930
10.0000	0.2985
9.0000	0.2345
9.0000	0.3575
10.0000	0.3810
11.0000	0.4070
10.0000	0.4095
11.0000	0.3850
9.0000	0.3595
3.0000	0.0045
4.0000	0.0065
6.0000	0.0525
6.0000	0.0585
7.0000	0.0590
6.0000	0.0710
7.0000	0.0945
7.0000	0.0790
8.0000	0.0925
6.0000	0.0345
7.0000	0.1020
7.0000	0.0840
8.0000	0.1505
7.0000	0.1335
8.0000	0.2390
8.0000	0.1155
8.0000	0.1220
8.0000	0.1165
10.0000	0.1515
8.0000	0.2010
8.0000	0.1685
8.0000	0.1460
9.0000	0.1630
8.0000	0.1700
8.0000	0.2195
9.0000	0.2420
10.0000	0.2400
9.0000	0.1905
8.0000	0.1960
12.0000	0.2635
10.0000	0.2835
11.0000	0.2570
10.0000	0.2740
10.0000	0.2540
9.0000	0.2580
11.0000	0.2390
9.0000	0.3410
10.0000	0.2665
9.0000	0.3335
11.0000	0.3600
11.0000	0.4020
9.0000	0.2805
10.0000	0.3645
12.0000	0.3905
11.0000	0.3965
11.0000	0.3275
11.0000	0.4435
10.0000	0.3470
11.0000	0.4010
3.0000	0.0090
4.0000	0.0005
4.0000	0.0190
6.0000	0.0265
6.0000	0.0260
6.0000	0.0300
7.0000	0.0355
6.0000	0.0340
6.0000	0.0350
7.0000	0.0370
7.0000	0.0510
7.0000	0.0390
6.0000	0.0595
6.0000	0.0680
9.0000	0.0605
8.0000	0.0920
6.0000	0.0800
7.0000	0.0715
8.0000	0.0810
8.0000	0.0785
8.0000	0.1045
8.0000	0.0900
8.0000	0.0680
9.0000	0.1105
8.0000	0.0925
7.0000	0.0990
9.0000	0.0835
7.0000	0.1100
9.0000	0.1030
8.0000	0.1190
9.0000	0.1215
8.0000	0.1075
9.0000	0.1395
8.0000	0.1245
8.0000	0.1690
9.0000	0.1225
8.0000	0.1770
10.0000	0.1870
10.0000	0.2455
10.0000	0.2315
9.0000	0.1505
8.0000	0.1915
8.0000	0.2095
9.0000	0.1715
9.0000	0.2210
9.0000	0.2110
10.0000	0.1845
10.0000	0.1650
11.0000	0.1855
9.0000	0.1660
9.0000	0.2275
9.0000	0.2500
10.0000	0.1795
9.0000	0.2245
8.0000	0.1830
11.0000	0.1900
11.0000	0.2235
10.0000	0.2475
9.0000	0.1585
10.0000	0.2210
9.0000	0.2145
10.0000	0.2875
9.0000	0.3020
11.0000	0.2375
9.0000	0.2235
11.0000	0.2400
10.0000	0.3055
12.0000	0.1805
11.0000	0.3135
11.0000	0.3905
9.0000	0.3485
11.0000	0.3110
8.0000	0.1255
12.0000	0.2880
11.0000	0.4220
10.0000	0.2990
11.0000	0.3830
12.0000	0.3525
12.0000	0.3645
4.0000	0.0080
8.0000	0.0515
5.0000	0.0625
7.0000	0.0755
8.0000	0.1235
8.0000	0.1145
7.0000	0.1180
8.0000	0.1325
7.0000	0.1440
9.0000	0.1960
9.0000	0.2210
10.0000	0.2400
10.0000	0.2575
11.0000	0.2500
11.0000	0.2585
9.0000	0.3050
14.0000	0.3115
9.0000	0.2000
11.0000	0.2955
12.0000	0.2645
9.0000	0.3375
8.0000	0.3030
10.0000	0.2620
10.0000	0.3505
9.0000	0.3450
10.0000	0.3680
10.0000	0.3310
10.0000	0.4360
13.0000	0.5145
6.0000	0.0185
7.0000	0.0185
5.0000	0.0270
5.0000	0.0280
5.0000	0.0155
6.0000	0.0515
6.0000	0.0550
8.0000	0.0455
6.0000	0.0835
8.0000	0.0810
8.0000	0.0590
7.0000	0.0825
9.0000	0.0935
8.0000	0.0990
8.0000	0.0615
7.0000	0.0990
9.0000	0.0860
9.0000	0.0790
8.0000	0.0965
9.0000	0.1030
9.0000	0.1340
8.0000	0.1405
10.0000	0.1505
10.0000	0.1820
9.0000	0.2005
9.0000	0.1855
9.0000	0.1730
11.0000	0.1080
7.0000	0.1560
10.0000	0.1480
9.0000	0.1500
10.0000	0.1315
10.0000	0.1760
8.0000	0.1325
9.0000	0.1495
9.0000	0.1755
9.0000	0.1800
8.0000	0.2150
11.0000	0.2225
10.0000	0.2145
9.0000	0.1530
8.0000	0.1990
10.0000	0.1840
10.0000	0.1715
10.0000	0.2400
12.0000	0.2525
10.0000	0.2015
10.0000	0.2560
11.0000	0.2220
10.0000	0.2525
10.0000	0.2495
9.0000	0.2730
11.0000	0.2870
11.0000	0.2795
10.0000	0.1965
11.0000	0.1710
10.0000	0.2575
14.0000	0.2675
11.0000	0.2570
11.0000	0.2120
9.0000	0.3305
13.0000	0.2925
12.0000	0.2960
11.0000	0.2885
11.0000	0.2305
10.0000	0.2695
10.0000	0.2460
13.0000	0.3060
12.0000	0.2025
10.0000	0.3155
11.0000	0.2960
10.0000	0.3090
10.0000	0.2335
11.0000	0.3615
11.0000	0.3045
11.0000	0.2735
9.0000	0.3280
11.0000	0.4020
11.0000	0.3180
9.0000	0.3750
10.0000	0.4100
11.0000	0.2470
11.0000	0.3255
10.0000	0.3940
11.0000	0.3725
11.0000	0.3670
11.0000	0.5745
5.0000	0.0370
7.0000	0.0630
7.0000	0.1055
7.0000	0.0435
7.0000	0.1325
9.0000	0.1630
9.0000	0.1590
9.0000	0.1125
7.0000	0.1990
9.0000	0.2285
8.0000	0.1815
7.0000	0.1570
10.0000	0.1560
9.0000	0.1420
9.0000	0.1550
9.0000	0.3010
10.0000	0.3770
10.0000	0.2730
10.0000	0.2955
9.0000	0.2325
10.0000	0.2975
9.0000	0.2315
9.0000	0.3220
9.0000	0.2485
11.0000	0.3180
12.0000	0.2955
13.0000	0.4025
12.0000	0.4215
5.0000	0.0210
5.0000	0.0285
7.0000	0.0370
6.0000	0.0610
6.0000	0.0735
7.0000	0.0650
8.0000	0.0760
7.0000	0.0710
8.0000	0.0900
8.0000	0.0990
8.0000	0.0880
8.0000	0.1270
9.0000	0.1350
10.0000	0.1290
9.0000	0.1080
9.0000	0.1710
9.0000	0.1395
10.0000	0.1560
8.0000	0.1010
11.0000	0.1525
10.0000	0.1365
9.0000	0.1845
10.0000	0.1715
10.0000	0.1935
9.0000	0.2200
9.0000	0.2325
9.0000	0.1390
10.0000	0.1505
9.0000	0.2185
9.0000	0.2070
9.0000	0.1020
8.0000	0.1975
13.0000	0.2155
9.0000	0.2365
9.0000	0.1515
10.0000	0.2975
10.0000	0.3150
10.0000	0.1820
11.0000	0.2400
12.0000	0.2655
11.0000	0.3740
9.0000	0.2780
10.0000	0.2480
12.0000	0.2240
8.0000	0.2975
10.0000	0.2400
10.0000	0.2620
11.0000	0.2580
13.0000	0.2700
14.0000	0.2290
10.0000	0.3790
12.0000	0.2780
11.0000	0.3180
13.0000	0.4780
10.0000	0.2815
11.0000	0.3180
12.0000	0.4695
3.0000	0.0110
6.0000	0.0305
7.0000	0.0275
7.0000	0.0420
9.0000	0.0875
8.0000	0.0710
8.0000	0.1210
10.0000	0.1285
8.0000	0.1170
8.0000	0.1190
9.0000	0.1550
12.0000	0.2825
8.0000	0.0430
6.0000	0.0485
8.0000	0.0875
8.0000	0.0970
8.0000	0.0905
9.0000	0.1605
8.0000	0.1605
10.0000	0.1955
10.0000	0.2070
9.0000	0.2305
9.0000	0.2630
7.0000	0.2635
11.0000	0.2565
10.0000	0.3950
11.0000	0.3235
11.0000	0.3510
12.0000	0.3800
14.0000	0.1250
10.0000	0.1775
14.0000	0.0830
11.0000	0.1870
6.0000	0.0400
7.0000	0.0755
9.0000	0.0720
4.0000	0.0085
8.0000	0.0495
8.0000	0.2050
9.0000	0.2040
11.0000	0.1500
9.0000	0.1950
16.0000	0.1685
14.0000	0.1895
11.0000	0.0970
6.0000	0.0560
9.0000	0.0870
14.0000	0.4255
6.0000	0.0850
7.0000	0.0575
10.0000	0.2020
12.0000	0.1860
9.0000	0.2610
11.0000	0.1830
8.0000	0.0850
9.0000	0.0405
16.0000	0.3375
12.0000	0.2440
9.0000	0.2070
14.0000	0.1940
14.0000	0.3385
10.0000	0.1725
18.0000	0.3140
5.0000	0.0225
19.0000	0.1405
10.0000	0.1745
15.0000	0.1635
8.0000	0.0945
9.0000	0.1710
15.0000	0.2040
12.0000	0.0820
9.0000	0.1445
5.0000	0.0350
12.0000	0.1510
9.0000	0.0460
16.0000	0.1545
15.0000	0.4055
10.0000	0.1185
15.0000	0.2385
7.0000	0.0560
10.0000	0.2645
15.0000	0.2565
10.0000	0.1530
9.0000	0.0590
7.0000	0.0740
7.0000	0.0880
9.0000	0.2630
12.0000	0.2220
12.0000	0.2630
16.0000	0.1840
12.0000	0.1960
13.0000	0.1120
9.0000	0.0740
12.0000	0.1425
13.0000	0.1920
14.0000	0.3860
17.0000	0.2440
10.0000	0.1925
4.0000	0.0035
15.0000	0.1015
12.0000	0.1660
4.0000	0.0045
16.0000	0.2280
16.0000	0.1790
6.0000	0.0515
4.0000	0.0135
13.0000	0.1340
9.0000	0.1165
10.0000	0.1110
13.0000	0.0935
10.0000	0.0370
15.0000	0.1460
11.0000	0.1810
19.0000	0.1440
11.0000	0.2530
10.0000	0.1530
13.0000	0.2260
18.0000	0.3565
11.0000	0.1775
8.0000	0.0285
10.0000	0.0430
10.0000	0.1600
12.0000	0.0660
20.0000	0.1455
8.0000	0.1270
14.0000	0.1900
12.0000	0.1560
10.0000	0.4405
16.0000	0.3230
21.0000	0.3500
17.0000	0.1690
11.0000	0.1175
6.0000	0.0145
5.0000	0.0175
11.0000	0.1570
13.0000	0.1025
13.0000	0.1610
10.0000	0.0465
14.0000	0.2575
11.0000	0.1800
15.0000	0.2295
11.0000	0.1440
14.0000	0.2150
20.0000	0.1680
6.0000	0.0200
13.0000	0.1985
16.0000	0.1445
12.0000	0.1975
13.0000	0.1710
13.0000	0.1660
13.0000	0.1570
5.0000	0.0450
8.0000	0.0915
7.0000	0.1040
9.0000	0.1125
12.0000	0.1255
10.0000	0.1855
9.0000	0.3735
11.0000	0.3655
11.0000	0.3800
10.0000	0.4665
10.0000	0.3820
4.0000	0.0310
5.0000	0.0170
6.0000	0.0295
6.0000	0.0280
6.0000	0.0400
6.0000	0.0605
6.0000	0.0625
6.0000	0.0660
6.0000	0.0575
8.0000	0.0870
7.0000	0.0755
8.0000	0.0935
6.0000	0.1005
7.0000	0.0945
7.0000	0.1300
8.0000	0.1345
6.0000	0.1430
7.0000	0.1630
8.0000	0.2050
6.0000	0.1925
6.0000	0.2075
10.0000	0.2455
11.0000	0.2555
10.0000	0.2830
11.0000	0.3130
8.0000	0.3020
11.0000	0.3735
10.0000	0.3845
9.0000	0.3105
10.0000	0.4045
12.0000	0.4110
4.0000	0.0065
5.0000	0.0180
6.0000	0.0285
6.0000	0.0390
6.0000	0.0430
6.0000	0.0570
7.0000	0.0855
6.0000	0.1270
8.0000	0.1345
8.0000	0.1265
10.0000	0.1265
9.0000	0.1835
9.0000	0.2545
11.0000	0.2105
12.0000	0.2230
8.0000	0.2460
9.0000	0.2370
9.0000	0.2095
8.0000	0.2385
8.0000	0.2265
10.0000	0.2590
10.0000	0.2290
9.0000	0.3115
11.0000	0.2850
8.0000	0.2740
10.0000	0.3555
11.0000	0.2820
10.0000	0.3615
11.0000	0.3830
6.0000	0.0225
6.0000	0.0320
7.0000	0.0425
7.0000	0.0360
6.0000	0.0490
8.0000	0.0615
7.0000	0.0775
7.0000	0.0725
8.0000	0.1195
8.0000	0.1320
10.0000	0.1155
7.0000	0.1550
11.0000	0.1375
8.0000	0.1590
10.0000	0.1670
11.0000	0.1365
11.0000	0.1780
12.0000	0.1690
10.0000	0.1660
10.0000	0.1945
8.0000	0.2080
10.0000	0.2490
9.0000	0.2140
11.0000	0.1490
11.0000	0.2195
13.0000	0.1920
9.0000	0.1945
9.0000	0.3170
10.0000	0.2580
13.0000	0.2470
10.0000	0.2960
10.0000	0.2920
9.0000	0.3355
11.0000	0.2515
11.0000	0.4090
10.0000	0.3310
8.0000	0.1365
8.0000	0.1445
10.0000	0.2145
9.0000	0.2570
11.0000	0.3205
9.0000	0.3470
6.0000	0.0560
7.0000	0.0505
6.0000	0.0725
7.0000	0.0655
8.0000	0.0920
7.0000	0.1095
8.0000	0.0900
8.0000	0.1055
9.0000	0.1075
8.0000	0.1455
8.0000	0.1625
8.0000	0.1900
9.0000	0.1585
10.0000	0.1590
8.0000	0.1625
8.0000	0.1355
11.0000	0.1645
9.0000	0.2215
10.0000	0.1640
10.0000	0.2485
11.0000	0.2410
8.0000	0.2135
10.0000	0.1840
9.0000	0.2190
9.0000	0.2490
11.0000	0.2815
12.0000	0.3030
11.0000	0.4105
11.0000	0.3080
13.0000	0.2945
11.0000	0.1975
12.0000	0.3005
9.0000	0.2695
9.0000	0.3315
9.0000	0.3430
9.0000	0.3055
11.0000	0.3040
11.0000	0.3640
10.0000	0.4385
11.0000	0.4565
9.0000	0.3535
11.0000	0.4225
7.0000	0.0775
7.0000	0.1275
8.0000	0.1270
9.0000	0.2910
8.0000	0.1595
9.0000	0.3500
8.0000	0.2140
9.0000	0.1890
10.0000	0.2665
9.0000	0.2625
9.0000	0.3020
9.0000	0.2780
4.0000	0.0225
7.0000	0.0365
9.0000	0.0745
8.0000	0.1020
8.0000	0.1335
8.0000	0.1305
9.0000	0.1740
11.0000	0.1485
10.0000	0.1420
8.0000	0.2275
10.0000	0.1400
10.0000	0.1765
11.0000	0.1605
10.0000	0.2395
11.0000	0.2830
9.0000	0.2225
11.0000	0.2670
9.0000	0.1900
11.0000	0.2260
11.0000	0.2900
10.0000	0.3085
10.0000	0.2385
11.0000	0.2810
13.0000	0.2935
13.0000	0.3255
11.0000	0.2935
11.0000	0.2970
10.0000	0.4095
11.0000	0.3600
11.0000	0.5260
6.0000	0.0215
7.0000	0.0365
6.0000	0.0355
7.0000	0.0545
8.0000	0.0715
6.0000	0.0750
6.0000	0.0895
8.0000	0.1070
8.0000	0.1045
8.0000	0.0890
9.0000	0.1615
11.0000	0.2170
11.0000	0.2630
8.0000	0.0680
7.0000	0.0695
7.0000	0.0635
7.0000	0.0505
10.0000	0.0885
9.0000	0.1265
8.0000	0.1230
10.0000	0.1800
10.0000	0.1955
8.0000	0.1720
11.0000	0.2390
10.0000	0.2145
9.0000	0.2875
10.0000	0.2610
12.0000	0.3765
