X1	X2	X3	X4	X5	X6	X7	X8	X9
0.474298	-3.208551	-4.403467	-4.342918	-3.238814	-2.276630	-1.235449	-0.053884	-2.299168
-1.584827	-3.488232	-4.226607	-2.576977	-2.072954	-2.806941	-3.218183	-0.248780	-2.553339
-0.632651	-2.638482	-3.009895	-0.746394	-2.876015	-2.067448	-2.553329	-0.097047	-0.335903
0.584227	-2.947502	-3.076932	-2.259670	-4.017801	-1.886850	-1.171485	-0.298586	0.448342
-0.026595	-2.157592	-4.139719	-1.435405	-4.589112	-2.857246	-2.230450	1.639403	2.029096
0.703785	-4.245554	-1.938256	-1.703801	-5.319152	-0.470434	-0.708324	0.401016	1.184261
-2.016433	-2.570988	-0.039845	-0.192757	-1.364821	0.246988	-1.286106	0.471654	2.276238
1.249051	1.030203	2.131815	1.570426	2.109977	0.808620	-1.011895	6.180414	-0.334172
2.933737	1.954120	4.522423	4.390647	4.426140	3.383064	0.674310	4.494497	-1.658569
3.309026	3.492462	2.921477	4.695706	4.040968	4.639720	0.911111	3.895199	1.326649
3.382817	0.670726	2.122278	4.194003	2.424057	4.911992	0.878306	4.917521	1.364483
3.224512	0.830613	1.340425	0.834236	0.247105	2.119179	0.012599	3.724861	2.183133
1.659510	-1.051578	-0.868483	-0.674294	-4.301589	1.145583	1.570788	3.013118	1.594101
-0.126189	1.698751	-0.022246	-1.864189	-4.053328	-1.957495	-0.986624	3.031791	-0.239412
-0.371584	0.427800	1.561735	-2.748947	-4.223713	1.095347	-0.163238	2.087178	-1.741406
-0.996675	2.508267	0.328359	-0.472871	-2.114447	0.646709	1.140748	-1.081022	-0.614079
-3.136561	3.593352	1.130727	-0.662060	-1.466031	0.679994	1.235134	-0.112409	-1.678731
-1.233744	2.770054	-0.062062	-0.031414	-2.478068	0.907101	1.504221	-1.464385	-0.114160
-1.719721	1.449071	-1.106010	0.233665	1.759740	-0.369568	1.875410	-1.431351	1.534034
0.720007	0.482204	-0.672615	-0.359722	3.114392	-3.052111	2.343301	-1.671207	-3.770549
-0.681661	-1.269149	1.517821	-1.413275	3.383886	-1.906528	-0.192005	-3.911556	-2.196906
-1.325922	-1.400390	-0.407002	-0.797496	0.073619	-4.023817	1.273293	-3.033597	-3.169238
-0.752478	-1.617318	-1.479884	-1.966985	-0.896510	-2.792277	2.083495	-3.606232	-3.595443
-2.546728	-2.076234	-4.958926	-3.904941	-3.320904	-3.241608	2.779102	-2.871862	-2.375921
-2.055872	-4.881140	-3.565629	-4.937965	-3.144863	-4.413708	0.287114	-4.102988	-1.209271
-0.748009	-1.766437	-0.539191	-1.667057	-2.146591	-3.965576	3.309932	-3.895610	-0.794092
-1.306440	-0.543025	2.280685	2.843582	0.795712	-0.323812	1.014257	-4.175230	-0.282384
-1.974763	-1.431405	2.550100	1.718251	1.365242	0.110887	-0.936911	-0.138448	-1.395245
-0.932080	0.537322	1.710054	0.742352	0.846799	-1.145580	-1.699772	-0.213865	-1.494875
-1.531789	1.063856	1.231146	1.010383	2.737781	0.335689	0.118276	0.586518	-2.411673
-0.340190	0.830894	2.708777	2.119545	3.739685	-0.104206	-0.108269	-0.315599	-1.436039
1.753217	1.707237	3.702045	2.726837	4.762810	1.227437	-2.399504	0.084682	-1.012171
-0.158968	1.715184	4.152350	0.903659	1.475355	0.442918	-3.024930	0.310661	-2.549470
-0.062245	1.486934	3.988493	2.197910	0.931116	-0.490362	-1.309346	-0.000362	0.119766
-0.190912	-0.969614	2.944973	0.660791	-0.652307	2.188398	1.820548	-1.610789	-0.031764
-0.269071	-1.293561	2.148290	-0.117998	-1.402016	2.396500	-0.420047	-1.467519	-0.211957
2.413380	-2.093408	0.500444	-1.135159	-3.336014	1.572742	0.472068	-1.223153	1.336985
-0.743560	-0.495155	1.613534	1.346410	-2.284701	2.324827	-0.372705	-1.445893	3.832664
1.597210	-1.796402	1.104961	4.283608	0.644620	2.336755	1.528733	-1.238538	3.094781
0.025490	-0.239752	-0.342176	4.216935	0.608549	0.582727	0.276082	-0.109888	2.263035
0.306181	-0.093205	-2.359676	3.426490	0.076082	1.639143	-1.451356	0.582255	3.095328
-0.286218	-0.653260	-0.645341	0.005174	-0.170681	0.613004	-0.844683	1.962592	-0.671541
-1.135706	-1.523320	-3.300370	-2.186014	-1.425742	-2.447589	-0.956797	2.338822	-0.131670
-1.932582	-2.645685	-4.279363	-3.484773	-2.832104	-3.279536	-3.303698	2.924545	-1.268059
-0.335747	-3.388255	-3.295620	-3.172803	-1.822966	-2.029236	-1.345387	3.736861	-1.904309
-1.929701	-2.660032	-3.812841	-1.387906	0.805568	-1.332989	-1.270863	2.731869	-4.024317
-0.780842	2.074385	-1.114226	0.433520	3.485997	-0.968894	-2.040726	0.793169	-4.634585
-1.193670	1.479794	1.593024	0.954175	4.074921	-2.435751	-2.416076	-0.712239	-1.978411
1.670114	2.603794	0.174209	0.526557	3.260736	0.726441	-0.723613	0.810146	-1.186296
1.991111	1.901085	-0.117569	0.523368	1.559042	-0.234218	-1.643937	-1.209678	-2.204339
0.500922	1.001466	1.804288	-1.398693	4.058137	-2.560727	-2.300648	1.776591	-3.040939
-0.404854	0.531237	-1.501520	-2.003726	1.722520	-1.489386	-2.720345	0.438251	-1.498497
-0.875416	-0.017903	0.716408	-2.520931	1.566289	-1.864695	-1.290029	0.974804	0.180988
-0.687863	1.727745	-1.036728	-0.416907	3.226642	-3.135153	-3.740201	1.756449	3.014716
-1.087896	1.157281	-1.090129	-0.100655	4.045978	-3.503260	-0.380559	0.529286	2.923088
-0.842414	0.931703	-1.180493	-0.560875	1.120996	-1.419417	-2.312704	2.662116	3.529203
-1.561017	1.101512	0.286678	-1.473566	3.333895	-2.431321	-1.633637	0.127039	4.073462
-2.413104	0.186307	-1.409316	-0.841829	2.383872	-1.690575	-0.536456	-0.686245	2.853464
-0.052775	0.940886	0.203227	-1.053364	1.991826	-1.631576	-1.952164	0.374264	2.601611
-0.793030	1.599750	-2.361294	0.359131	2.986557	-0.174126	-2.644558	2.576467	2.037002
-3.070769	4.045298	0.672020	0.028254	3.617962	2.675277	-0.357041	3.030665	1.281237
-0.405290	1.271629	5.492471	0.224005	2.591940	1.588231	1.359188	-0.479843	0.777917
-1.118294	3.228343	3.052259	0.580586	2.642890	1.519738	2.934929	-1.453855	0.528941
0.332520	1.062038	2.096682	0.647595	1.314811	1.140497	1.479082	-2.753171	-1.139691
-1.883049	-0.636084	1.855142	3.212134	-1.375299	-0.009492	0.460945	-4.187991	-1.067078
-0.555599	-0.236326	-2.514261	1.794201	-0.426140	0.477571	0.937020	-2.457714	-1.144221
-0.079230	-1.457488	0.299672	3.369398	-0.721615	2.205986	-0.020295	1.048561	0.172881
-2.037142	2.032931	-3.063057	1.476725	1.023675	-0.190347	0.047900	3.095935	-2.220573
-1.329435	-0.120472	-0.740950	2.001581	1.482130	-0.460929	-0.962495	4.097608	0.246517
-0.790408	2.390005	1.033894	2.490367	0.591448	-0.828658	-1.634881	4.572781	0.677652
0.125540	2.025559	1.559776	1.969982	-0.795073	-0.999236	-2.876657	3.493255	-0.732069
1.946908	2.437592	1.419196	2.332728	-0.661733	0.661537	-1.024225	4.125331	-0.458646
3.361696	3.037301	0.766053	1.222704	0.602867	0.544762	-0.989785	3.900911	-0.181880
5.006807	0.763587	-0.054252	-1.307190	0.104325	-1.894863	-1.512637	2.159694	0.656630
6.342739	0.193949	-1.141520	-1.097953	-4.222960	-2.540138	-3.519482	2.419883	1.916284
5.047793	-0.639613	-1.102548	-1.834685	-2.717088	-2.477562	-2.267220	1.282577	1.341981
5.303469	-1.817400	-0.910839	-1.263187	0.636738	-3.354536	-2.680251	0.127379	-0.555079
3.075269	1.148488	1.032709	0.646742	-0.084682	-1.165461	-3.161677	-1.291410	-0.127197
5.215391	2.331250	-3.065404	1.622903	2.109551	0.707763	2.029802	-0.013390	0.588629
5.035138	2.634586	0.902321	4.947395	4.430236	4.138835	2.287585	-0.124859	0.238696
4.634108	3.551495	4.157686	5.606119	3.368071	2.553656	3.006173	2.295285	0.995805
4.552803	4.010276	4.754090	3.969875	4.236157	4.521924	2.281664	3.708543	0.677755
3.599923	3.307330	3.845234	6.440863	4.716390	3.507339	2.260358	3.183916	0.089447
2.678768	4.407656	3.375517	2.911083	5.665872	2.030401	1.217054	1.710505	0.081679
1.036238	4.151154	0.020041	1.972335	-0.950000	-0.444091	3.581452	-0.049887	0.102852
2.191435	3.434522	0.384104	-3.015980	-2.520026	-1.223937	2.931150	-2.375059	-3.770736
-1.689242	-0.045939	-1.797992	-7.619562	-4.725507	-1.414339	1.049349	-3.616110	-2.080284
-0.131192	-0.702530	-1.306247	-7.473211	-5.177644	1.176203	2.605847	-2.850038	-0.856693
-0.411914	-1.900551	-1.150862	-4.245827	-3.248038	0.467988	3.012144	-2.165541	1.045337
-1.444109	-3.211203	-1.119336	-0.545509	-3.316390	2.355917	2.781239	0.863182	-0.097796
-1.629976	-3.816886	-3.467468	-0.624557	-2.661200	1.461687	-1.093069	2.339834	0.520209
0.624986	-6.879700	-4.899159	-2.176172	-4.121670	0.317899	3.203920	0.410115	1.194750
0.361277	-3.252947	-5.008808	-2.053652	-4.965501	2.968051	4.381304	-1.383571	1.011228
-0.116203	-7.149925	-5.034416	-5.933998	-6.041993	0.688543	1.483384	-2.434424	0.986342
-1.491453	-2.849537	0.100819	-4.661410	-1.769547	3.525873	2.999158	-3.306341	0.314591
-1.888873	1.832918	4.641996	3.326614	-1.145363	4.045442	4.340126	-6.581320	-0.392526
-0.538963	5.553640	2.390816	4.252572	1.323056	2.910248	2.658386	-7.109160	0.587191
-1.292221	0.861528	2.612978	3.063066	-0.101389	2.973090	1.699938	-7.794758	-0.517159
-2.167748	-0.843818	-0.116217	-1.247905	-1.688398	1.953167	3.305082	-8.351312	1.689524
-2.657844	-3.635499	-1.303268	-3.880440	-2.639774	-1.280821	0.821115	-4.636220	-1.372561
-1.562307	-4.168015	-5.239976	-4.513439	-1.868316	-3.726576	0.483138	-0.618479	-0.728816
-1.126437	-5.186966	-5.986641	-3.658102	-4.309926	-4.461798	0.167950	1.663211	-0.669940
-1.930935	-4.646354	-5.198762	-3.500129	-4.659004	-1.019489	-0.928451	2.275255	0.921565
-0.259199	-3.787077	-4.469138	-4.156219	-3.344750	0.780251	-2.766465	-0.578847	1.893300
-0.374129	-2.952037	0.355530	-3.417173	-2.863065	1.265120	1.050707	-0.153192	2.130062
-1.383225	-0.004133	-1.519058	-3.943889	0.748550	4.009918	-0.403536	-2.906677	1.279451
-3.047386	0.532733	0.769698	-0.254368	1.774794	3.349342	2.201105	-1.325300	3.543367
-2.204512	1.309561	-0.735000	-3.123010	1.647367	0.144493	1.266130	-0.964959	2.423508
-0.592203	0.032452	1.080747	-1.637415	0.637068	3.293869	4.034537	-0.858050	4.268474
-2.166458	-0.970096	1.285539	-3.269181	2.306897	3.398970	4.674626	-4.130973	4.373764
-0.879277	-0.155683	-1.131123	-3.134810	1.411753	3.683392	2.700295	-5.550824	4.028776
0.074141	-1.251808	-0.686340	-3.212400	2.819836	-0.111463	3.879244	-6.586601	3.648610
-2.095204	-0.118573	-2.003311	-0.308152	2.412844	1.666202	3.094872	-7.594600	4.189266
-0.350212	1.547723	-0.292636	0.289435	0.994778	-0.677014	2.854978	-7.507921	0.524341
-1.239182	0.268578	0.388686	1.908160	1.085037	-2.765911	1.179561	-5.261659	0.799636
-3.186414	-0.602006	-1.927447	2.516625	-1.829179	-0.695892	-0.508680	-2.455812	-2.201751
-2.677507	-2.304532	0.090268	0.281428	-3.415171	-2.297157	-2.698146	-0.863978	-4.825122
-0.573462	0.275402	-2.767971	0.262171	1.039060	0.122693	-0.912938	-0.336254	0.117025
-0.515177	-0.787406	-1.861462	0.841953	-0.671486	-1.077245	-3.228856	1.089363	-2.200414
-3.008153	0.484644	-0.781707	0.874475	2.214691	-0.449370	-1.732402	-0.424925	-1.112039
0.302711	-2.509948	-1.623404	2.573837	1.712490	0.935915	-0.785777	0.554986	-0.806051
-1.666085	1.418718	-0.995154	2.204939	0.226910	0.479509	-0.546881	-2.196102	0.546050
-2.772040	-1.547859	0.510544	1.195981	-0.361047	0.671112	-0.175716	-4.460786	1.779761
-3.406354	-0.284178	2.874790	2.000263	-1.261384	-0.268079	2.736818	-3.268364	0.668882
-0.316727	2.118058	3.797184	0.462985	0.037199	-0.030165	3.123920	-2.628032	0.448112
-0.131958	4.270651	2.875126	0.027649	3.774503	0.124254	1.384189	-2.382587	0.341850
-2.130647	3.134400	3.541516	2.357752	3.516027	-2.172425	-0.385576	-1.917727	-0.526006
-1.131794	4.535805	2.656555	1.883297	4.729670	-0.308302	-1.861777	0.824551	-0.666556
-0.803599	2.829464	1.384542	1.709683	3.035933	-2.457380	-2.779713	-0.239149	-0.695202
-2.150161	2.655579	2.758278	1.479310	-2.004486	-0.703358	-2.932286	-0.473826	-1.311845
-0.333279	3.219448	1.083763	-0.395022	-1.826686	1.028360	-0.682697	-0.009275	-3.245385
-2.178254	1.560372	-0.239703	-0.919613	-2.857068	0.767275	-0.153946	-0.044894	-0.325325
-2.310185	-1.455651	1.012280	0.960738	-1.739232	3.490484	-1.089335	-2.695881	0.221934
-2.466772	-4.150619	1.246512	-1.175269	-0.287578	2.884086	1.156335	-3.058331	0.899392
-1.975715	-1.794835	2.082494	0.704565	-1.144207	2.130680	0.200064	-5.429943	1.903648
-3.551113	-2.841398	2.464925	0.086441	-1.994218	1.692165	1.099451	-2.392313	1.637099
-4.436567	-2.875708	1.978605	-0.265541	-0.234813	2.400139	1.250895	-1.937337	-0.262054
-0.880075	-0.209266	3.863236	1.177318	1.589709	1.931700	1.498394	-3.705214	1.415386
-0.949039	1.222128	3.924016	-0.230780	1.418548	3.937048	-0.044451	-1.945040	2.850518
0.358344	2.566973	1.207446	0.249364	2.942902	3.612080	1.894359	-1.264312	-0.142758
2.138372	2.012670	1.212026	2.472550	1.698273	3.076496	0.896321	3.105173	1.709755
4.045646	2.488917	-1.182044	0.710378	-0.657540	3.013694	0.286136	3.829418	1.033358
3.165667	-0.954885	-1.841863	2.762549	-2.685338	1.760173	1.962403	3.133426	1.324548
5.116534	-0.807836	-3.011233	0.732661	-3.207721	1.795531	-1.726579	4.467700	0.605824
5.505547	0.870862	-2.088652	1.184317	-1.825188	-3.245732	-2.179911	5.188344	1.286385
2.105607	-2.096691	-2.972920	0.244414	-1.176439	-2.328820	-2.190194	5.082359	2.474229
-1.662086	-2.396094	-4.801838	1.234254	-0.004076	0.599868	-1.537829	4.208249	-0.896243
-1.345431	-3.341049	-2.592906	1.119437	1.259302	1.705830	-0.889215	-1.564982	-2.661835
-2.098130	-1.210055	-0.904322	1.748662	3.868894	3.544365	1.978344	-3.612833	0.542753
-0.600480	0.665387	1.652712	3.561529	3.969102	4.346670	-0.617750	-4.264899	1.892520
2.434016	2.369677	4.737796	4.048239	4.218123	3.902545	1.484202	-4.106378	3.312064
4.849161	1.395614	3.516732	4.317192	2.572660	5.235089	2.495497	-7.870367	1.583284
5.509553	3.096598	3.002018	0.339187	2.399010	2.752999	3.846537	-6.247362	-0.414921
6.552093	2.369028	2.388856	0.525125	1.155574	1.071276	1.522919	-4.915562	-1.085652
5.145081	3.057305	4.938644	0.859905	2.334253	-1.198883	3.526844	-2.513063	-0.658611
4.889318	2.998328	3.551683	0.686028	2.260946	0.024020	1.973110	2.271739	0.103300
8.212302	2.922696	3.374673	4.101493	1.243752	-1.613814	-0.544383	4.700645	-0.735518
5.503235	2.019009	4.048415	4.106101	2.424872	1.658012	2.389764	5.184060	1.504431
2.401316	1.011868	4.764007	0.497851	2.002406	-0.128303	-0.137649	3.265585	0.828048
2.438946	1.090070	1.066251	-0.329957	-0.549646	-0.508259	-0.924624	1.879723	2.095430
-1.252376	-3.455383	-3.021454	-2.525922	-2.120184	-1.173460	-2.100761	0.714779	3.066177
-2.196149	-4.953793	-2.395508	-4.520845	-2.504609	-1.375305	-2.025360	0.956253	4.349387
-2.262074	-4.074259	-1.788311	0.117474	-3.346221	-4.148095	-4.504923	4.382650	2.941960
-2.899250	-0.097382	1.840837	0.759236	-0.182718	-1.195533	-1.955150	4.167272	2.355192
-1.579278	2.747137	0.352836	2.696939	0.476797	-0.967520	-0.935841	5.057322	1.721085
-4.162557	2.581098	1.677087	1.627785	-0.504373	-1.700756	-2.508898	3.032403	-0.319665
-3.178188	2.739301	1.637989	1.177572	2.506169	-0.015342	-1.465020	4.071817	1.804442
-0.973770	3.926346	1.759842	3.542701	0.263226	3.341619	-3.475509	1.369667	-1.586995
1.704796	4.236431	1.697346	2.174572	2.245795	2.452527	-0.590664	0.579056	0.331222
2.753210	3.210657	-0.561299	2.678485	0.280178	1.875781	0.367112	-1.318514	-1.315608
1.864373	0.917223	-1.374793	3.334439	-0.059225	1.174079	1.111421	-0.028439	-1.226986
6.289684	0.165829	-0.340136	-3.193865	-1.673315	0.262521	-0.602939	-0.238217	0.213987
5.578743	-0.629526	-2.233627	-3.207028	-1.623292	-0.748595	0.493731	1.203654	-0.428591
4.745450	-1.292842	-1.592768	-2.943650	-2.265555	-3.233570	-0.534368	0.368777	-0.764121
5.018705	-1.783919	-3.665957	-2.828731	-3.035305	-4.484905	-1.856137	0.752954	-2.605704
2.860507	-3.344658	-1.029296	-2.801471	-3.778641	-4.391501	-2.024477	0.243589	-4.579741
-1.634242	-2.220159	-1.136383	-2.952269	-1.498464	-4.618358	-2.742489	-0.334917	-1.658834
2.359755	1.667178	1.565680	-1.489828	-2.633673	-4.973879	-4.083472	-1.125861	-1.148383
-2.108699	2.440051	0.712494	-1.170345	-0.865269	-2.245764	-4.645428	1.675260	-1.493991
1.066393	2.509560	0.900059	1.055477	1.568449	-0.813314	-2.030056	1.466348	-2.582057
-1.826368	3.258306	0.726675	2.441440	1.390780	-1.488930	-0.826857	-0.173596	0.244616
-0.993482	0.826088	0.542641	2.405743	0.204325	-1.192013	0.815568	-3.038768	-0.606172
-1.347349	0.917105	-0.661742	0.721086	0.361183	0.915636	-0.288581	2.505034	-0.220523
-2.349470	-0.810044	-2.912875	-0.742532	1.306856	-1.312784	1.295295	2.752012	-0.969037
-1.407045	-2.324157	-2.750357	-1.116409	2.406241	-1.754674	-2.616703	1.645768	0.222683
1.020926	1.090763	1.230511	-1.279948	2.643341	-1.944735	-0.760776	2.722505	1.194038
0.118943	2.249317	1.862930	2.309953	3.050554	-0.026967	-1.728725	0.386624	0.371225
1.049905	4.905804	2.897298	3.906092	3.308481	2.486029	-2.590050	1.678528	0.376345
1.916812	5.749823	2.230517	4.333871	2.345222	2.207351	0.130348	-0.548382	2.576295
1.458264	3.377775	1.799186	2.088588	0.752076	1.697199	1.423270	2.122697	1.732974
0.402561	0.807959	1.564805	-1.981056	-1.155155	1.365272	0.928915	-2.126233	3.007483
-0.014098	1.509674	-0.540826	-4.045763	-4.964673	-0.146730	2.744883	-3.728271	4.009518
-1.129514	-0.739379	-2.635208	-5.904431	-4.128077	-1.855809	1.433573	-2.256615	1.948080
-0.655485	-3.449902	-2.755240	-4.634962	-3.217967	-1.897464	0.960485	-0.834762	1.315568
-1.764214	-4.128395	-0.937923	-0.279955	-0.858943	-2.586598	-0.813181	1.612989	1.758580
-0.639100	-1.501159	-0.190156	1.336589	0.268595	-2.232210	-2.241626	2.694640	0.572115
-1.021143	-1.500293	-0.749239	-0.328629	2.578447	-2.396002	-4.378049	2.963392	-1.634828
-2.203344	-3.435598	-0.033974	-0.085811	1.565013	-2.048473	-2.352852	2.403948	-0.326949
-0.234103	0.679125	4.426640	2.644744	2.995193	0.824575	-1.801133	4.025008	-1.578749
-1.606021	1.215076	0.979104	2.354835	3.975187	-0.429257	-1.540795	3.352875	-2.057430
-1.877799	2.318655	-0.003484	3.177462	1.708595	-0.982572	-1.620836	3.932049	-2.770093
-2.305935	0.529960	-0.773724	1.868025	0.559617	0.258231	-0.200557	5.362533	-2.244137
-2.143832	-0.615908	-0.641515	-0.969076	-0.967647	-0.610448	0.158042	4.308228	-1.647266
-2.630189	-3.441150	-2.308557	-3.240642	-2.432797	-2.194711	0.948160	0.908335	-1.471778
0.665793	-2.384266	-0.587852	-3.932673	-3.155633	-1.633157	2.293698	-2.135145	-0.846975
0.745014	-3.926257	0.740102	-1.212269	0.610945	-1.233988	1.598055	-2.176610	1.032142
3.936172	3.756177	1.280003	0.289069	-2.026362	2.993896	0.181831	-4.171759	1.113472
2.956669	0.543435	1.343052	0.720742	0.170044	2.370295	1.456526	-3.596891	2.467514
2.686503	1.771317	1.032049	-1.520151	-1.197736	1.913309	0.646039	-4.159304	2.868168
2.211473	-0.514478	-3.068807	-0.989611	-3.432202	1.868037	0.483371	-3.898998	1.966033
1.063980	-4.585250	-3.795016	-3.517637	-3.812354	3.072078	1.484622	-1.681172	3.425908
-1.625478	-2.061999	-3.900678	-6.369530	-5.209391	1.105333	1.272391	-3.292524	2.444992
-1.574101	-4.630627	-6.164093	-3.193390	-2.548315	2.330500	0.485078	2.443146	0.064785
2.603411	-2.231933	-2.192462	0.298082	-1.513425	0.950180	0.487383	1.925439	1.142486
1.138857	2.656982	-1.892485	1.661987	-3.532522	0.836573	0.215106	1.368257	-0.699806
1.843336	1.868118	1.586639	0.582624	-1.398804	0.391277	0.234547	2.029099	-2.577792
-0.447452	0.175574	-1.621291	-1.457108	0.004627	-2.156107	-2.174294	1.137566	-1.359772
0.976493	-1.603551	-1.113476	-1.389009	-2.606428	-4.002779	-2.324218	0.318060	-3.024348
-0.689032	-1.829856	-5.038215	-3.744578	-3.362070	-5.651240	-0.851924	1.501080	-3.571718
-2.097125	-3.154743	-3.180009	-2.259017	-2.778698	-3.922289	-0.361013	-0.605072	-5.217485
-2.851987	-3.935211	-5.029358	-1.205225	-2.350512	-1.794628	-1.513584	2.238204	-2.754549
-1.789820	-3.736962	-2.521262	-0.995403	-0.999714	-2.761856	0.569962	4.481708	-3.599410
-1.300924	1.089605	0.517579	1.357048	-0.043702	-0.467273	1.341126	4.791941	-3.427368
-1.741100	3.211188	1.224564	4.122429	2.491224	0.041920	2.089207	4.375303	-3.294926
-1.023547	2.652188	1.602092	3.760839	3.662062	0.458424	2.889105	-0.114905	-0.551182
-2.115567	5.404404	2.136465	2.353278	0.746013	-1.177061	4.019021	1.921716	-2.183638
-1.812561	2.681235	1.545781	1.873645	0.731777	-0.375137	1.833953	-1.420233	-1.508094
-1.547129	3.413481	0.588640	-1.015960	-3.166746	0.945998	0.092703	0.073048	-2.255351
-1.858672	0.184641	0.514643	-3.127437	-4.380657	-2.236357	-0.474430	-2.490141	-1.516209
-2.971491	-2.878784	-0.678012	-4.523286	-3.744955	-2.799901	0.729054	-4.536500	-3.017568
-1.744586	-5.655296	-0.512125	-3.270709	-2.160841	-2.982935	2.115955	-3.250628	-3.686728
-0.360157	-5.273795	1.312204	0.691195	-0.740714	0.725241	1.914973	-3.126926	-2.144492
-0.590907	-2.987181	3.228276	2.214726	1.080324	-2.686873	2.577108	-1.146095	-2.488457
-1.345635	-4.281455	2.162388	1.383783	1.407374	-0.815276	3.901661	0.415667	-2.274526
-2.208542	-0.924518	2.441542	2.731165	1.455636	-1.524569	5.404630	1.982158	-1.633498
-1.305228	-0.000469	1.522237	4.309373	2.255509	-0.428651	3.889417	2.170679	-0.285674
-0.876196	-0.390710	2.896172	0.962505	1.355594	1.270677	2.218420	3.734029	-0.375054
-0.966145	-0.982341	-0.088753	3.182363	2.234390	0.003516	2.605441	3.325008	-0.839938
-2.476076	-2.304361	-0.585037	-1.857456	0.286796	0.027166	0.406379	3.636115	1.237073
-1.348190	-1.613373	-2.296683	-0.836450	0.155114	0.459127	-1.648265	5.155850	2.150579
-1.673387	-2.293176	-2.421789	-1.028221	0.288942	0.268900	-2.147293	5.205612	1.472180
-1.867369	-1.269770	-2.247056	-1.360969	2.410080	-4.522416	-1.615203	5.106601	2.700176
-0.388636	1.243543	-0.796685	0.210906	4.835228	-3.327121	-3.690996	6.096417	2.552966
4.775011	1.099564	1.717924	1.740003	3.430986	-1.049214	-4.571172	2.538659	2.666351
4.900471	2.947691	1.652671	-0.771877	4.316153	-0.930494	-1.679630	0.886625	0.827829
4.598944	2.765325	1.605955	0.401364	3.380330	-1.773063	-1.213671	0.880116	-1.835798
2.785729	4.308565	1.050476	0.085826	4.039416	-1.344619	-2.226195	-0.255370	-0.778832
2.727824	5.141610	3.662834	1.500610	3.501510	-0.031462	-0.953101	-0.911033	0.462928
1.118830	1.100361	3.775528	3.061814	4.893213	4.160707	0.115910	-1.154074	0.782182
-1.603256	1.643715	4.948458	3.254938	3.909424	1.409490	-0.320561	1.535706	2.879228
-1.084232	1.810574	0.080322	2.599482	2.785543	4.651887	0.022986	-0.118594	2.231269
-3.106401	0.662737	1.307322	-2.052054	2.943370	3.987697	0.070650	1.175224	3.319702
-1.825863	0.227702	-1.758544	-1.887571	2.279304	3.157722	0.837832	1.010861	3.958829
3.073681	-0.469430	-0.164675	-2.321970	0.740845	-0.306439	-1.886868	1.261615	2.274749
3.132430	0.538640	1.059427	1.223350	-0.160408	-0.675285	-2.178551	3.489985	-0.717238
5.156684	1.843012	0.575862	1.795188	-0.068854	2.103584	-1.451815	3.539069	1.275868
3.073941	0.836885	2.250530	2.257843	1.737606	2.512968	-1.038562	4.427367	-1.581232
2.687402	2.252259	0.196930	3.175816	4.036071	0.144069	-1.299591	6.032278	0.025161
1.586664	3.431233	3.031362	3.820805	3.465642	0.949285	-1.935702	5.313999	0.209147
1.790728	3.062207	3.297825	2.089711	4.761818	2.740718	-0.076394	5.745330	0.490826
3.683692	2.482780	2.287820	1.833233	2.440998	2.515368	2.194531	4.417569	-0.334801
2.123855	1.186152	-0.286756	1.454170	-0.627818	1.067435	1.928575	4.371016	-1.789235
0.397118	-0.032378	-0.577301	-0.437577	-2.206830	-2.342780	3.627937	3.109968	0.430925
1.411978	-1.103810	-1.104617	-1.989409	-2.373538	-0.253878	2.568517	5.262225	-1.071121
-1.506264	-2.694944	-5.244204	-1.267226	-0.481244	-0.216057	0.283516	5.437284	-0.970974
-1.639810	-5.276982	-2.265162	1.544170	-1.795547	-0.118317	1.528433	5.801345	-0.097333
0.107040	-3.578923	0.884207	0.635280	2.101052	2.995442	1.658868	2.840705	-0.703397
-1.117516	1.014632	2.270404	3.611704	2.719953	0.704621	1.357022	4.247664	0.218033
-2.666277	1.696383	2.222128	1.136741	1.823056	-0.014381	0.530295	3.378519	-0.622943
0.014354	4.410929	0.828778	2.190990	0.786759	-1.709562	-1.285714	2.556870	-0.565425
0.311478	2.252469	3.054454	0.966152	-0.957137	-1.317722	-1.905704	1.012614	0.352189
1.823594	0.942604	3.299956	-0.474975	-0.183833	-0.363861	-3.357575	-0.509651	-1.944202
3.752600	3.932332	2.039982	1.106410	-0.870430	-2.539978	-2.930527	1.685875	-2.768999
2.863197	3.494354	0.292933	-0.063093	-3.094627	-3.123774	-4.147961	-0.286311	-0.892499
1.918583	-1.381432	-1.572893	-0.952386	-1.307426	-2.084447	-1.421576	0.076589	-2.767404
-0.629843	-2.747525	-1.695495	-3.460469	-2.388326	-0.048997	-2.347571	2.225874	-1.234714
0.875419	-4.008127	-4.026775	-5.064242	-2.497129	2.980476	-1.334348	-0.283157	-1.243827
0.953968	-2.435137	-3.119632	-1.679305	-3.283334	0.959672	-1.263506	-1.778208	-2.453143
0.465203	-2.855056	-2.692068	-1.292859	-1.021942	3.206493	-0.099144	-2.916678	0.810337
3.406923	-0.039685	-0.865783	2.264196	0.294345	2.570738	0.717436	-2.403472	0.149114
-0.903272	0.310977	-2.349878	2.379560	-0.606371	2.454608	2.323636	-1.362789	3.270288
-2.031782	-0.185272	-1.024852	-2.025669	-1.128592	4.828403	1.881455	-2.928133	0.472460
-1.448210	-1.106832	-2.264208	-2.185989	-0.013018	3.505124	1.513094	-2.712005	2.304030
-2.753455	-2.150103	-2.036744	-0.613002	-0.065449	1.276471	0.546151	-2.273307	0.471798
-1.447419	-1.470386	-0.951863	0.253891	2.779313	0.924044	2.011828	-3.062841	-0.710236
-0.944501	0.976118	1.771636	2.499892	2.939469	-0.499555	2.187025	-2.132108	4.578229
-1.413903	-1.261189	2.515852	3.595199	0.508818	-0.326028	2.312741	-5.219212	1.514194
-0.018525	0.890690	2.130484	1.922311	-0.764941	-0.902373	3.822477	-3.327753	1.572457
-3.042068	-1.505145	3.795232	1.301530	-0.030608	-2.614090	1.592832	-7.664934	1.037120
-2.500834	-2.825794	2.974796	0.322253	-2.141984	-1.509978	3.968706	-6.573456	-0.441716
-2.593421	-2.116657	-0.143926	-1.795919	0.154231	-2.168438	1.068001	-3.280823	-1.773852
1.264869	-1.760134	1.233166	-0.416886	0.339836	-0.870069	0.293315	-3.317935	-3.371688
0.305834	-1.278728	2.439871	0.757651	-1.496869	-0.979870	-2.289351	-1.114295	-1.449722
-0.529924	-0.443237	2.451689	0.642792	0.231316	-1.627141	-0.303398	-0.842405	-3.950055
0.071892	-1.066662	2.112319	-0.209364	-0.765911	0.888518	-0.288324	-2.934767	-1.391786
3.719683	0.760196	0.830161	-1.577717	-1.311149	1.921007	1.306969	0.904817	-0.282115
-0.714452	-1.577063	-1.886486	-2.799967	-4.779800	2.940227	0.319282	-4.001355	-0.509942
2.353386	-4.515240	-2.395622	-5.886215	-4.024764	2.276379	0.992815	-4.713784	1.269635
-0.341104	-4.231934	-4.197249	-6.846360	-4.131041	1.484262	2.524368	-3.959074	-0.199886
0.530579	0.789453	-1.190167	-5.748904	-4.416132	-1.573224	2.367541	-4.224026	-0.091302
-1.439068	-0.209379	0.757924	-1.686447	-1.766338	-0.176177	1.455933	-7.231843	-1.312615
2.950857	4.458970	2.367823	-1.062288	0.129542	-3.932197	2.618546	-0.860325	-0.477524
0.863452	5.648300	2.548229	1.365271	0.144906	-3.224485	0.262079	-2.446176	-1.485328
2.357817	3.221309	3.715242	0.872330	2.455253	0.383460	-0.436268	0.010302	-1.353927
0.264751	5.565298	1.803161	2.221890	0.623085	-0.925862	-2.038294	-0.576392	1.172379
0.257954	1.066365	-0.263514	-0.336751	0.214199	1.717050	-0.354101	-1.339761	1.949191
0.013125	-0.994788	-0.999984	-2.702792	-2.211704	2.998896	-1.693187	-0.772006	1.499809
-0.445436	-0.991864	-2.074750	-3.780635	-1.392026	0.044576	-1.232654	-1.438730	2.225933
-1.390230	0.356739	0.569487	-1.746379	-0.045966	1.954190	-1.992800	0.608065	-0.032736
-0.835557	1.058718	1.306328	-0.189224	-1.574926	-2.296861	-1.955925	0.061777	1.202802
-1.019617	2.191575	3.225572	1.489129	-0.126305	-2.732178	-2.902231	-0.715096	-1.361352
-4.181312	4.311108	1.249917	2.954280	1.264096	-2.601759	-2.085316	0.111345	-0.743699
-1.307941	1.184718	2.802864	0.587128	-1.610725	-2.016505	-1.798781	0.230096	1.125962
-4.097505	2.281703	3.232612	0.543573	-0.792566	-0.807816	-0.612525	0.074956	2.246632
0.385296	-0.811137	2.736659	1.517815	0.076470	0.869209	-1.192149	-0.326077	2.438510
-1.133439	-2.342901	2.086207	1.033954	0.469384	-2.640531	0.747048	-0.419905	0.491298
-1.755909	-1.424391	5.425553	1.987088	2.001275	0.099466	-1.514235	-0.659031	0.931094
-2.586017	1.176893	2.715998	2.904019	0.497343	2.546398	-2.168197	0.499744	-0.866399
-1.823560	1.039351	-0.634659	4.114346	1.265787	0.366667	-0.118539	0.017918	-0.155283
-1.302941	2.067282	-1.702119	2.518668	1.583907	0.002273	-0.895361	-0.791611	-0.947257
-2.264859	1.056186	1.613817	-1.018415	3.940501	-1.583385	-2.460161	0.826255	-0.365620
-2.422015	1.180663	-1.212650	-0.669803	2.899670	-1.237807	-2.817641	2.631213	0.061328
-0.841708	1.371312	-1.596121	-0.885497	2.057514	-1.182192	-2.080601	2.527062	-1.741813
-1.568740	-0.870468	-3.474797	-1.986496	-1.641569	1.741461	-1.143839	2.639000	0.221457
-2.493610	-2.695276	-4.289479	-1.569302	-2.385179	2.167050	-2.133157	1.233225	0.527938
-0.117318	-2.399212	-3.453567	-2.078913	-2.011317	2.600576	-0.309154	0.694635	-0.134168
-3.001866	-1.836279	-2.878662	-0.103632	-0.005882	3.252640	0.734169	3.752027	0.613537
-0.793752	-1.648174	-2.103463	1.652443	0.934325	2.247940	-0.724786	7.608001	1.300755
0.172423	-0.780700	-0.328573	2.107411	1.190202	1.231078	0.521079	6.092554	-1.557115
-0.504342	-1.283457	-2.027890	2.029872	1.248851	-0.842247	-1.145434	4.736084	-0.618972
-2.423846	-0.579044	-1.688116	-0.904875	-1.198531	-1.909335	0.319873	3.548790	-1.643316
-3.607790	0.136938	-5.079051	-2.944030	-2.770142	-1.861985	-4.376299	2.777069	-0.994047
-0.924173	-2.869712	-2.973996	-3.357593	-3.201884	-0.734498	-4.157050	-0.088480	-0.241364
-2.184696	-3.501193	-2.356151	-4.274064	-3.094457	-0.894873	-0.331679	0.035841	-1.160969
-1.191959	0.217693	-2.635617	-0.781644	2.357138	-0.781211	-2.827988	2.352929	-0.777959
0.346338	1.166547	-0.265894	1.494467	1.540401	1.002288	-0.183275	-0.263216	-0.706236
1.631995	1.697968	-1.383083	0.684869	0.737932	0.917324	0.184659	-1.230397	-1.855299
2.737013	1.914255	-1.648183	-1.179637	-1.487569	-1.048202	1.845314	-0.518716	0.299852
1.065490	-1.010690	-1.276396	-0.236154	-0.543904	0.314809	1.156690	-0.705173	0.286418
0.897027	-2.494470	-3.299423	-3.439980	-3.185573	2.948057	3.491188	-0.097972	3.219997
1.323425	-3.369884	-3.255162	-2.959516	-1.250676	2.019842	4.830407	-0.266313	2.035191
-1.051718	-1.677733	-2.848816	1.406638	-0.798113	3.489165	4.155647	-5.097799	2.591399
-0.986500	-3.091716	-0.590084	0.216081	-0.868685	1.368824	5.705209	-7.070831	3.654622
-1.112822	-0.895134	-0.419067	0.202914	-0.110592	2.146120	1.869392	-7.335710	0.571559
0.525517	1.743412	0.030436	1.433836	0.176466	0.621653	3.067097	-7.141840	0.489311
2.176016	0.197022	-0.730478	2.173347	1.783787	2.068923	3.095624	-6.433220	-1.680822
4.118975	0.616597	-1.581807	3.201547	-0.013628	4.205029	3.874472	-8.011153	0.389159
4.925595	2.841835	-0.631653	0.957436	1.117920	3.730271	5.788742	-9.574141	2.829955
1.197976	3.176236	1.305085	2.614313	0.361132	3.704550	4.835434	-8.744685	2.730666
0.323319	-0.015600	-2.558795	1.303478	-0.924994	0.385965	2.698248	-5.130387	0.849891
-1.482578	-1.202872	-3.107692	0.594732	-1.233658	0.180516	1.739683	-0.169948	1.495531
-1.289412	-0.625183	0.321993	-0.400727	0.209040	-1.975497	-2.015359	1.483330	-0.096615
-2.236685	-1.604531	-0.101840	-2.103698	-0.276700	-2.121075	-3.218980	1.960246	-2.001046
-2.737996	-2.764717	-0.856591	-1.866081	-0.666579	-2.660417	-2.503378	2.189798	-3.872863
1.456855	-1.604241	-0.550961	-3.016377	-0.742597	-1.741324	-3.251955	1.902284	-1.078966
2.081169	-0.238203	1.552750	1.733114	-0.796854	-3.084496	-3.247509	4.189603	-0.884154
4.007046	0.441195	1.722541	2.565592	-0.873851	-0.952932	-2.132641	5.112554	-0.783428
0.057686	-1.080346	2.279313	4.053557	-1.427088	-1.352734	-2.522550	3.633435	-2.098989
0.326889	-0.457725	-1.731836	0.240409	0.383635	-1.768302	-1.357637	4.584744	-0.158535
-1.440843	-3.451345	-2.829504	0.893048	-0.724382	-1.901835	-4.810002	2.542280	-0.943368
-0.498711	-3.601603	-4.207193	-2.411227	-1.224641	-3.881134	-2.566544	1.689143	0.452312
-1.408215	-2.182102	-2.766203	-2.929116	-2.065240	-2.177600	-3.873763	0.974829	0.813606
-1.614953	0.627659	-2.145634	-1.700518	-0.444780	-3.663531	-3.869160	0.377238	-1.497288
-1.418826	3.140679	2.698414	1.048466	2.073738	-1.916730	-3.068534	0.852569	-0.429968
-2.915933	5.167959	5.319840	4.754035	5.744614	-0.532895	-2.027385	-0.816780	1.179664
-0.389273	5.163499	3.971545	3.559890	3.137549	1.225673	-0.217214	-0.363510	-0.374292
-1.081446	3.949597	3.410628	2.389931	4.225941	3.108673	1.318181	1.756677	1.245764
-1.520952	3.721354	3.620889	3.079158	2.550591	2.605706	1.324499	0.728681	2.358232
-0.204390	4.038370	0.994328	0.628170	-1.940702	3.637270	0.060140	5.812299	1.888312
-2.102860	0.248845	0.185244	0.422667	-1.974938	2.908667	0.974503	4.247931	1.623802
-0.035460	-1.344723	-2.945062	-0.833750	-1.764416	1.214995	1.349191	5.501675	0.448803
0.365609	-2.340132	-3.704790	-1.130583	-1.904838	1.800454	-0.851299	3.877130	0.629015
-0.089052	-2.626383	-3.683342	-2.496930	-0.295704	1.277644	-0.545165	2.728795	-0.110063
0.019158	-2.501976	-5.221917	-2.422893	-3.841413	0.473965	0.589693	0.530769	0.965768
-1.270161	-3.206111	-3.438014	-7.802471	-3.534065	0.405916	0.030474	-0.147850	3.561808
-1.084508	-3.871088	-4.649035	-4.298764	-4.044662	1.548997	1.897979	-1.677463	4.445558
-0.530582	-3.455909	-3.204379	-6.355172	-4.665802	-1.468192	3.811007	-3.045970	2.616715
2.168517	-1.822771	-1.929746	-3.807396	-2.857487	-1.229252	1.728259	-1.002874	1.075681
1.278890	-0.880877	-1.796236	-1.268036	-2.382916	-1.682582	2.882435	0.581924	0.659554
0.152437	0.454175	-0.660850	-2.105791	0.137310	-2.306384	2.174735	1.079925	-0.748366
0.977960	-1.858416	3.662412	0.942638	0.928392	-3.335157	1.425860	1.314225	-1.121979
-0.293241	-2.592251	2.246451	2.757951	1.316029	-3.943602	1.095608	2.458725	-2.090287
-1.558166	-0.275328	3.165867	1.085048	0.362621	-0.614819	2.379180	-0.030376	-4.166989
-1.877513	-0.042048	6.554959	1.447830	1.036668	-0.937609	-0.266423	-1.562081	-0.914386
-2.285282	-2.223312	3.162227	1.317795	-0.888130	0.585229	0.143998	-1.778490	-0.738278
-2.931272	-0.660719	1.419472	-0.309356	-0.116073	1.271993	-2.748057	0.915897	-0.818667
0.021218	-1.958669	-1.700507	-2.063023	-0.832862	-4.383415	-1.010887	0.713477	-0.955953
-0.983112	-4.588663	-0.083209	-1.554006	-0.941596	-2.178098	-2.358492	-0.948049	-2.684736
-0.453961	-2.267800	1.814366	1.727895	0.031225	-0.790355	-1.313673	-1.083084	-1.574118
-2.047927	-1.291581	0.917516	1.855279	1.143000	-0.749686	0.347570	0.976872	-0.559298
0.708689	2.181995	-0.385756	-0.030453	3.255930	0.797108	-0.903761	1.273118	1.072223
3.150990	2.789228	0.359848	-0.347101	2.317314	2.146727	-2.038768	-1.326347	1.157644
1.600274	2.084817	2.370529	0.948834	5.474752	2.214671	-0.038849	-0.522024	0.742164
2.837945	3.877862	1.458687	1.237352	3.320945	0.936538	0.264294	-0.298714	2.870482
-0.214899	3.295264	1.008022	2.031554	4.350592	-0.632570	-3.605238	-0.264618	4.361798
-0.875755	2.664823	0.264634	0.253640	2.988793	-1.745255	-1.875244	-0.383736	2.019212
-1.752923	1.440338	0.955223	0.578709	-0.410853	-3.851116	-1.575226	0.989229	2.010822
-2.112202	-0.387890	-3.653611	-2.784239	-2.582643	-2.565955	-0.192682	0.319378	-2.038473
-1.433691	-1.861062	-0.466467	-0.554204	-3.990980	-2.835771	-2.135712	1.570509	-2.106272
-1.212290	-2.141177	0.336855	-2.229985	-1.926363	-3.243364	-0.358418	1.349222	-1.858478
-0.507196	-2.716035	2.974254	0.784617	-0.553792	-2.107536	-0.750098	0.437815	-2.741990
-3.156210	-2.467136	1.400831	2.787803	1.225433	-1.509986	0.688947	-0.811411	-3.413210
-1.210731	0.138320	2.931386	1.947871	0.315912	0.084485	2.364718	-3.838159	-1.342338
-0.739357	1.811432	5.001219	-0.375377	2.359845	5.464877	1.417315	-3.006529	-2.158376
-0.024887	0.836402	3.045630	1.841858	0.682132	2.438689	4.177937	-4.176122	0.274277
-0.657421	5.104429	4.914021	0.918676	2.734573	4.980822	6.349285	-3.775138	0.127418
3.121442	3.389413	6.850490	2.522677	3.083868	2.518475	6.903258	-5.132078	1.928347
4.018304	4.091455	5.348637	3.160161	5.531917	1.154548	3.831657	-4.828244	-1.200136
1.902665	3.313154	2.403065	2.737429	3.596420	-0.001860	2.263082	-6.235636	0.491767
1.622127	1.680611	-0.302429	3.188280	2.201377	1.053151	3.573533	-6.105754	0.422755
1.226690	0.532426	0.210157	1.603513	1.392588	-0.599020	2.880709	-7.795300	-2.010072
1.121955	-2.730001	-3.969977	-0.180270	-1.875047	-1.257472	2.158212	-5.338575	-2.703516
0.284824	-3.014670	-3.279030	-2.882270	-2.588928	-2.472705	-0.949060	-2.592678	0.351923
1.012797	-3.983281	-2.027404	-3.690587	-3.027955	-0.712921	-0.582605	-2.018812	2.551543
2.621975	0.561567	-3.150697	-2.006221	-1.704428	0.076980	-3.187725	0.224125	2.460944
3.522860	0.586173	-0.410909	-1.331171	-1.802647	-1.736701	-2.983719	2.415829	0.091124
3.713052	-1.262861	1.949761	1.273861	-0.998411	1.103135	-1.780387	-1.051198	-0.869618
1.536953	-0.746637	2.289211	1.455877	-0.614821	1.593387	-0.629229	-2.055358	-0.547182
0.261162	0.252747	-1.952257	-1.302925	-0.496377	1.946356	0.297855	-0.849551	-1.954969
0.423583	-2.883210	-0.801042	0.171657	0.817721	4.874940	0.717665	0.005322	1.579618
-1.895785	-2.374407	-2.641646	-0.816378	-0.283426	3.704341	0.311502	-1.679541	2.530980
-1.125241	-0.671544	-2.919267	1.599270	-0.044619	3.758557	0.712764	-1.180838	2.091916
-3.138683	-2.700121	-1.636705	1.141201	0.032442	3.553088	0.886452	-2.525972	2.314123
-1.215311	-5.386738	-1.285360	0.317615	-1.328941	3.217235	0.889566	-0.145443	3.056001
-1.037823	-3.170994	-0.739031	-1.914687	-0.815171	-1.571404	1.232606	-0.168651	1.013049
-1.834419	-0.819789	-0.691819	-0.862306	-2.307446	1.145671	-1.643128	-0.697898	-0.418034
-1.389897	-2.231822	-1.650822	-1.821242	-1.380566	-3.794439	-0.920336	0.959117	-1.004950
1.655144	-0.464294	-0.713041	0.293105	-1.054131	-4.076535	-3.569019	1.338193	-2.738999
3.780604	1.295196	1.530024	-1.506265	-0.956042	-1.986517	-1.912375	0.303028	-3.162382
5.073185	0.948448	-0.290925	-0.413151	-3.617198	-3.120986	-3.249506	1.638323	-2.022102
6.068588	3.855062	-0.894289	-0.786354	-0.759199	-2.091142	-2.526510	1.233976	-3.641659
3.925013	3.907339	-2.391468	0.265326	-3.110745	-1.214885	0.581710	-0.351612	-2.208354
5.799262	0.240779	-1.062960	0.271490	-0.703936	-3.909714	0.173057	-0.248242	-2.702288
3.572235	1.346983	-2.641566	-0.873463	0.430028	-3.200332	0.319929	-0.386916	-4.067863
1.675935	-2.693550	-4.315785	-2.674333	-2.053253	-1.703136	-0.034873	0.191767	-2.868279
1.795761	-3.113618	-2.451017	-3.986219	-4.342679	-2.070329	-0.462149	-0.992195	-1.746339
-2.018586	-0.361323	-1.611561	-3.121522	-0.957350	0.046091	1.965800	-2.399401	-1.737143
-2.034904	2.668638	1.331582	-1.798442	0.498735	-0.431178	2.699974	-3.718052	-1.901993
-2.161492	3.779864	1.482513	-0.212478	0.250475	1.919965	-0.073427	-1.323749	-0.549189
-2.001349	2.471655	-1.267467	-1.226130	1.122370	2.365419	1.464298	0.764207	-0.357033
-1.067775	1.714913	-1.037559	-1.342900	-0.403279	3.112685	-0.432452	1.075517	1.584374
1.810532	3.149336	-1.252861	-1.606385	-1.221972	1.712862	1.588823	-0.046921	2.250930
1.367472	0.021826	-0.069674	0.788913	-1.496110	0.796549	-0.354576	-0.042707	2.234434
4.703646	0.859484	-0.176696	-1.063205	-2.082793	-0.530652	-2.035151	0.993259	-1.683915
4.338756	-1.332991	1.823071	-1.042140	-1.210119	-2.128243	-1.843901	1.619376	-1.311218
2.367102	-0.077398	0.970229	1.304009	1.524610	0.038376	-3.062727	1.210743	-3.322277
1.091886	-0.386537	1.571578	4.749841	2.979995	-0.460894	0.224572	0.415761	-2.759692
-0.796893	0.474893	0.970318	3.989558	1.169336	0.261846	-1.252004	-1.072672	-0.264666
-1.971432	-0.961608	-0.758950	4.276058	2.881433	1.905696	0.913044	1.855945	-0.935099
-0.819432	-1.365639	-0.235626	1.433341	1.362985	1.658456	-0.322784	4.976210	1.100307
-3.455490	-0.002600	-2.349709	-0.475991	-1.942306	0.734426	0.836213	3.995323	-1.438750
-0.802108	-1.214190	-0.289100	-1.170140	-2.006541	0.658405	-0.488467	4.231284	-1.237270
-3.377882	1.426790	0.413102	2.339896	-1.302820	1.557494	-1.224122	1.223693	-0.661154
-1.004213	1.064943	-0.496702	2.259915	-1.262142	0.248292	-0.800654	1.666848	1.077695
-1.851200	-0.347333	0.114687	-0.285182	0.333791	-2.522900	-1.880462	0.179450	1.467277
0.003658	-0.148037	0.492171	0.400405	3.268481	-3.865983	-2.876047	-1.321202	2.208190
-1.795638	1.619233	-0.728150	-0.995724	3.215828	-0.329657	0.033092	-0.922008	2.707833
-1.756587	1.986476	-0.955977	-1.197469	3.902031	-2.562722	-2.957047	1.239231	-0.853595
-1.025289	3.091093	0.662691	-1.830630	3.496390	-2.860277	-1.327162	1.989715	1.438803
-1.685743	-0.294816	0.506256	-0.397107	2.480506	-1.413024	-3.218254	0.584643	0.533428
-1.224148	0.175051	0.130016	-0.285299	0.500879	-0.960162	-2.353624	-0.303584	-2.118223
-3.159103	0.549692	-1.008428	-0.630308	-0.607792	-1.439091	-2.099671	4.113632	-0.574051
-0.049207	-3.170290	-6.155175	-2.851232	-1.332206	3.165489	-1.691095	0.739092	-1.095057
-1.370761	-2.682895	-2.948224	-3.427572	-2.680164	2.082277	0.668202	-0.472705	-1.509843
-1.450462	-2.663924	-0.179977	-2.477428	-2.177165	1.111774	0.969722	-1.347960	0.569190
-1.119311	0.728125	2.556868	4.375300	-1.089708	5.346780	1.870364	-2.189772	2.140641
-0.317606	3.040852	5.826112	4.995113	2.419105	4.858395	1.867727	-2.650042	3.089809
0.238752	-0.282842	2.378853	6.302510	4.012175	5.549018	2.401512	-2.029770	3.157691
-1.906735	1.022143	0.971694	3.005992	1.212202	3.599949	1.997618	-0.197157	5.027787
-0.372167	-2.298092	-0.486066	-1.510642	0.051786	-0.940511	0.956845	0.854697	3.013795
-0.226343	-3.639447	-0.010127	-2.962792	-3.051973	-4.250162	-0.418207	1.641892	1.862814
-1.083863	-5.096021	-3.085388	-5.161357	-3.688475	-4.743805	-3.351538	0.856728	-2.419258
-1.084825	-0.296814	-0.676749	-4.185537	-0.743520	-5.946739	-4.423748	0.412804	-3.404721
-0.983231	3.281676	2.236390	-1.311733	-0.784807	-1.407564	-2.623838	0.435320	-3.126978
0.273722	2.257048	1.853330	1.301056	-1.331238	-1.617082	-1.576208	1.031075	-3.439429
2.127534	5.377603	1.681872	2.562829	1.081389	-0.085190	-1.242658	-1.184829	-3.186976
4.655705	1.249643	3.101514	0.582288	-0.231527	-0.000790	0.272012	-0.718595	-2.188321
2.389735	-0.678234	3.648059	-0.498869	0.321415	-0.281981	1.971002	-1.250722	-0.929064
1.630626	-2.515126	-0.415094	-2.912741	-2.548186	-2.476764	2.615611	-5.346809	-1.161707
-0.607523	-3.165531	-0.883345	-1.413929	-2.633530	-3.401538	2.960939	-2.765459	-1.743151
-1.363211	-4.192851	-0.702793	-2.859031	-1.847916	-3.257603	3.975286	-4.275869	-1.870799
-1.336138	-1.257184	-0.403138	-3.024149	-1.813545	-3.092659	1.152052	-4.365842	-2.515850
-0.969702	-1.714630	-0.863180	-1.144781	-1.784516	-2.044807	1.234636	-3.194277	-2.052907
-2.536405	-0.315088	-1.575218	2.461471	1.819670	-2.128546	0.832839	0.493026	-3.119271
-1.697445	0.581243	0.534648	2.362709	2.165314	3.197425	2.758960	1.572167	-0.798243
-1.450221	0.549363	0.406519	4.054631	1.983415	5.112504	3.079098	1.670445	1.218476
0.504065	2.538573	0.795694	4.113339	3.653974	6.570292	3.602855	2.296661	1.949483
1.607715	2.216674	0.626674	2.865232	2.665191	4.562190	2.735629	4.402714	1.541779
-0.184971	3.709565	1.251960	1.342811	1.962866	4.904996	2.545220	2.602303	3.282261
-0.945793	1.702948	0.619951	-1.192026	1.089398	0.272613	1.415129	2.004030	2.947028
1.003949	-0.231276	2.719748	-0.446377	1.445488	1.230438	-0.974046	1.946694	0.555479
0.628256	3.687092	1.789651	0.868458	3.895336	0.021573	-2.216504	1.198894	-0.244187
2.729028	5.494354	1.230361	1.916978	1.958542	-1.983982	-2.474646	3.006930	0.733327
-0.500435	3.100410	0.687677	0.637383	3.087805	-2.702528	0.903229	-0.260796	0.406322
1.166267	1.809461	0.425901	-0.729826	-0.022473	-2.179664	-1.639880	0.526213	2.373395
-0.908266	-1.176092	-1.505668	-0.026149	-1.227693	-0.515690	-2.809973	2.266359	1.209245
-1.517233	-3.006849	-2.655929	-2.957987	-1.485556	-1.278106	-1.144851	1.364541	2.735471
-0.176835	-3.951610	-3.882882	-1.075239	-4.381560	1.140888	-1.151214	-0.491340	2.745972
0.391730	-4.204873	-2.629227	-3.094805	-2.763806	-3.300308	-3.539061	1.889614	2.608646
-0.905240	-2.711638	-1.404862	1.475814	0.609606	-0.350393	-1.622993	1.590405	-0.279208
