X1	X2	X3	X4	X5	X6	X7	X8	X9
-1.492248	-3.456562	-5.085925	-1.573468	-2.632697	-3.847390	-3.529206	1.332826	-3.116111
-1.403153	-3.767995	-4.365270	-2.653009	-1.601876	-3.547032	-3.125503	1.026033	-2.507575
-1.005567	-4.602656	-3.563426	-2.867574	-2.522584	-0.202070	-1.387221	1.261469	-0.666540
-1.331892	-2.790147	-4.680097	-2.877063	0.426778	0.013095	-0.870160	-0.810867	-0.291505
-0.766030	-3.597968	0.672917	-1.503777	0.015611	2.222864	-0.305821	-0.976078	0.306628
-0.736382	0.292677	1.422714	2.704182	3.310214	2.533837	0.803297	-2.757066	-0.005841
-0.694150	-1.244612	4.702791	2.520815	2.336585	2.463314	0.655293	-3.409232	0.811988
1.503464	1.398062	4.508548	3.465818	3.436424	3.201295	0.495968	-1.094679	0.153415
2.141160	4.583897	4.698781	1.895693	1.771130	-0.766221	0.156420	-2.271710	-0.273262
1.947935	3.544992	1.056090	1.341837	-0.002697	-1.694733	1.313851	-1.246926	-0.297141
2.219788	3.062744	1.669872	0.794150	-1.492658	-2.341841	0.807660	-2.924329	-2.190825
0.786217	0.240052	1.888426	0.430831	-3.791954	-1.215945	0.564647	-3.481423	0.660088
-0.986179	2.238515	1.837350	0.403878	-1.161485	-3.231545	1.016313	-0.411410	0.877497
-3.105802	3.110229	-0.568258	-0.983309	0.730247	-1.290641	-0.581444	0.849609	0.607501
-4.375753	3.642294	2.209000	1.335468	0.194842	-0.045233	-1.181523	7.203330	0.487301
-2.947734	3.219008	2.194623	3.511809	2.522500	3.234879	0.074077	4.261451	0.277096
-2.617647	2.208169	1.439308	2.853112	-0.411981	3.360795	0.720154	2.964470	3.337685
0.174608	3.237174	0.956854	4.596176	1.772799	3.909216	4.850910	-2.347317	0.210669
-2.523472	0.536023	2.103358	2.947500	0.110839	2.897440	4.916644	-5.020511	0.797548
-0.640089	1.631514	0.490420	1.160084	2.744638	1.567168	1.906856	-6.354816	-1.781780
-1.356043	-1.275155	-2.058462	3.948525	0.711596	3.024101	0.998846	-4.091934	-0.518813
-0.746236	-1.184586	-3.005592	3.126123	0.569312	1.960238	-1.111186	-3.501069	0.632548
-1.442270	-2.102980	-2.248869	0.360277	-2.180715	2.011980	2.853361	-4.923422	2.740702
1.581154	-2.294540	-2.965097	0.675185	-0.511385	2.345825	3.401087	-8.173897	2.356150
3.266333	0.389334	0.927724	-2.282653	1.636700	3.957776	4.490091	-9.520196	4.049091
4.401468	1.365639	-0.635409	-3.853938	2.289141	0.592730	4.010674	-12.066523	2.687825
5.578555	0.185075	0.484503	-1.850673	4.254435	2.633990	3.947235	-8.387881	1.699953
3.529294	1.799838	-0.429743	-2.493957	4.393683	-0.959046	1.027576	-2.812571	-0.447726
2.225883	1.692129	1.174853	-3.151693	2.519284	-3.563478	-3.049705	-1.757799	-1.424713
-1.069580	-0.327255	-1.527112	-1.870480	-2.193063	-4.047104	-0.229506	-2.037465	-0.014606
-2.952996	-1.961715	-4.586639	-2.102021	-5.626859	-6.181326	-1.916028	-1.627475	-1.403206
-4.186766	-3.111454	-1.631330	-3.876417	-6.358004	-2.972242	-2.086371	-0.867630	-2.523713
-4.597992	-3.566171	-1.888887	-3.880668	-3.892200	-4.285754	-2.264333	1.012767	-3.168028
-1.459076	-2.175570	0.281588	-1.742376	0.957354	-3.911860	-3.234016	-0.990089	-0.129449
0.312882	-3.305351	0.451394	-1.251341	-3.035844	-1.822461	-2.383219	0.765100	-1.711378
-0.790922	-2.427115	1.067029	-0.548166	-0.694294	-3.140257	-4.436841	1.855431	-0.710013
-1.585887	-2.587065	-1.564608	-2.199051	-0.789897	-4.007048	-3.589583	1.357601	-0.302756
-2.814215	-0.917902	0.109281	-2.752298	0.616546	-0.527833	-4.467445	0.317605	2.619095
-0.250608	1.397373	0.614193	-2.799807	1.004534	-3.190112	-1.385725	-0.249059	2.100138
-1.986968	0.006259	1.783128	0.060221	-0.403633	-2.054186	-2.180425	-0.472794	-1.759825
-0.115095	0.472454	4.314584	-1.437017	1.064845	-1.106853	-2.185143	0.251696	0.599006
-0.443991	-0.972243	1.551060	0.041680	0.049666	1.634285	-0.261079	-0.672592	0.239230
-0.058658	-0.006034	0.439853	0.222110	-2.362971	1.773729	1.895266	-1.304662	-0.612953
0.537103	-0.286419	-2.785438	-0.399029	-2.238965	0.712879	2.121094	1.720484	1.018859
-1.066209	-0.079101	-1.574415	0.423564	-0.724318	1.587936	0.249404	4.060141	-1.328336
-1.795996	-0.526380	-3.692578	-1.159314	-0.960431	-0.231501	-2.084904	6.714006	-2.511036
-0.299158	0.973242	-1.222830	-2.422864	1.767697	-1.253331	-2.435728	5.723876	-1.567942
-0.059999	4.122365	0.118527	0.977514	-0.210937	0.871745	-1.482170	5.656048	-0.516853
2.472483	4.427587	3.405194	1.951518	-0.628631	-0.069771	-1.823927	6.688017	-1.337569
5.207284	3.612406	2.473567	2.044247	1.565112	1.467719	0.372099	7.747380	0.133909
3.828704	3.594222	0.960545	2.347500	0.800093	-0.017684	0.485209	4.220735	-0.376116
3.790141	3.319634	1.634228	3.637676	1.277110	0.372021	-0.246496	7.990877	0.548153
3.931494	1.505439	1.044713	3.114074	2.071763	2.116232	1.476483	5.783002	-1.941181
1.274662	-0.902061	-0.745501	3.238793	2.246552	-0.224848	0.143748	7.235808	-2.274419
0.715843	1.316830	3.368585	0.860032	3.523875	1.244479	1.450197	6.198990	-2.009060
1.383437	-0.483987	2.000869	1.788790	3.754633	1.630714	2.571033	6.671946	0.025896
1.272742	2.764886	2.639751	1.810265	4.190823	5.003557	-1.297445	4.445371	0.982249
4.108457	2.667448	3.481328	1.565257	2.915047	2.559908	1.483363	4.361262	3.123000
4.021380	1.704699	4.307999	0.928765	-2.062397	3.396467	1.888358	2.042016	0.823049
5.866711	1.120337	1.842764	-0.439312	-4.400209	0.367435	4.074640	-1.945571	-0.618104
5.401048	0.612461	-1.207380	-1.495576	-4.289690	-2.344688	3.261710	-4.507704	0.114243
5.809490	1.968170	1.598367	-0.409327	-1.758741	-2.823903	2.391367	-4.721784	-3.018711
3.477436	0.404565	0.141803	-0.849066	-2.629662	-0.325909	-0.796087	-4.340417	-2.223466
1.935985	-0.667157	-0.561272	-1.492395	-1.718253	-2.908106	2.516647	-3.020004	-3.437220
-1.916564	0.491404	-4.428161	-1.385613	-2.384615	-3.774693	0.258870	-0.217951	-3.196273
-3.130013	-1.403453	-4.456764	-3.349323	-0.136650	-1.547371	1.180282	-0.899061	-1.987125
-2.786961	-5.048628	-3.189982	-1.728425	0.023144	-3.948540	2.364385	3.524464	-2.783276
-2.825412	-3.251423	-4.488616	-2.967419	0.285765	-1.532798	0.788977	3.990418	-2.944924
0.938535	-3.009038	-4.029268	-1.428507	-0.629987	-1.074347	-0.906740	7.570199	-2.492369
1.702979	-1.505474	0.204561	0.936310	-0.012913	-0.662785	-3.165567	7.435904	-0.220211
3.543118	-0.792331	1.067071	1.326632	1.025787	-0.967713	-5.105402	5.641027	3.076651
1.193651	-0.358510	3.818360	2.055957	-1.179588	-0.482131	-3.436945	4.670067	6.351917
1.093079	1.292789	2.797727	-0.499614	0.977762	-1.869538	-1.951697	4.525020	3.255889
0.672298	-0.195136	3.609273	2.202816	2.452736	0.791966	-2.252256	1.736881	3.619766
-2.164790	1.634815	4.986394	0.493348	0.954935	2.411981	-0.900022	-1.558453	-0.069851
-4.794588	2.197841	5.092091	1.848581	0.580857	3.802407	0.318605	-4.957384	2.390139
-3.946297	1.896743	6.396363	2.236413	-0.043598	2.053944	2.128825	-5.485217	2.452737
1.987584	3.119919	2.430809	1.599845	-0.701530	4.112193	1.862839	-5.871155	3.690543
-0.253447	1.435670	3.939028	-0.733026	-1.601940	3.361253	2.491348	-3.789902	4.137857
1.467809	-0.339606	1.350720	-2.991898	-1.968228	2.381625	0.434751	-3.153561	4.790581
0.723952	-1.724208	-3.013217	0.827026	-0.620494	5.407710	0.937250	-2.104235	3.456315
0.224380	-0.724038	-1.352383	0.235447	0.681161	2.689006	1.277844	-0.063427	3.334060
0.886694	-3.865095	-2.663279	3.302364	2.118137	1.864415	-0.122266	-0.055942	3.418316
-0.919809	0.791620	-3.929606	3.120676	2.352634	-0.034264	-0.653880	-0.510283	1.800984
-1.333629	-1.320092	-2.125664	3.196783	2.621751	2.260370	-0.605597	4.319247	-1.515035
-1.074165	0.613166	-1.637353	3.707883	2.180188	1.831817	-1.409917	7.676645	-3.584040
-1.434720	0.244897	-1.211275	5.292177	3.175845	0.634177	0.139260	7.033708	-2.065132
-1.144994	1.119698	1.088170	5.134664	4.526622	2.365149	-0.285665	5.118532	-1.548808
-2.908687	0.588670	1.724682	2.697343	3.332518	1.794736	-0.067792	6.318413	1.927332
-2.541300	0.710213	0.644260	2.141515	2.826133	1.212535	0.604480	4.640149	0.797688
0.193566	-0.977873	-0.216797	4.979078	0.669966	1.243448	-0.650750	0.141537	-2.201339
-0.488989	-1.922989	-0.969788	4.417832	-2.721981	-0.077825	-0.399180	-0.453427	-1.714148
-0.543066	-0.832534	-3.046314	0.192677	-2.622711	0.885015	-1.156411	-2.425246	-1.886839
-1.490665	-1.492109	-2.220476	-2.567988	-4.436921	-0.766230	-1.112842	-0.631523	-1.474610
-1.453588	-0.697614	-3.203474	-1.333963	-3.938114	0.687338	-0.232672	-2.013961	0.224140
-0.288134	-3.875348	-4.807908	-2.369148	-1.588189	1.084921	1.547497	-1.018464	-0.734590
2.787096	-0.484712	-2.648679	-2.827644	-2.907046	1.606818	0.134468	0.971267	2.085702
2.271202	-0.839406	-2.787686	-2.210151	0.341815	-0.994971	-0.715360	3.354327	-0.779583
1.237382	-1.297329	-1.998330	-2.366569	3.053394	-3.228745	-2.670286	3.465114	0.342155
0.737537	0.136918	-0.245411	-1.545798	1.913490	-3.270505	-4.684011	3.454924	3.544717
-1.190233	-1.592564	-0.060929	0.554961	2.211304	-2.208250	-2.030333	1.714256	2.018103
-1.891130	-1.019075	0.536515	0.090308	-1.058565	-3.060280	-0.966353	0.542506	-1.485984
-1.663854	-3.168016	1.574922	-1.114457	-3.648716	-2.133895	-0.187570	-0.719529	-2.031645
-2.420805	-1.590485	-1.429108	-1.092634	-2.486649	-0.619596	1.116315	-5.251752	-2.954779
-0.145383	-0.584883	-1.098276	-2.128423	-4.406165	-0.207181	6.102804	-6.772264	-2.492384
-0.974389	-2.186010	2.253418	-3.001825	-0.809564	0.863349	4.420197	-10.201670	-1.551261
-0.078023	-2.334665	2.569976	-2.006639	0.173755	1.232393	5.281993	-10.607871	-0.600208
0.644915	-0.890847	1.704796	-2.053765	-0.801008	-0.158647	4.262194	-10.747371	-0.529625
1.060825	0.019142	3.273379	-1.251404	-0.748053	-3.141071	2.779798	-8.070772	-1.610811
0.428605	0.672905	0.111924	-2.990655	-0.727181	-3.429081	-1.048592	-5.390576	-3.406265
0.581056	-1.050359	1.725434	-1.313418	-1.237590	-1.641175	-1.418279	-0.085386	-3.182785
-0.461821	1.837850	-0.566394	-3.023794	-1.192682	-0.079455	-5.573760	1.703195	-0.251873
-1.098229	-0.970567	-0.038058	-1.347182	-2.605155	1.415582	-5.536436	0.407166	1.337774
0.898034	-0.297910	-2.365858	-3.134081	-3.182809	-0.717267	-1.948207	-1.335277	4.880056
-4.337432	-1.658677	-3.362393	-3.235193	0.851555	-0.663700	-2.281772	2.189265	2.863275
-1.509929	-1.070770	-2.019364	-0.997917	2.626437	-1.362118	0.384068	-1.570411	-0.027071
-0.278056	-0.996186	1.179430	-1.443552	4.144639	1.267979	-0.479686	-1.693107	-0.513679
1.745987	1.608973	2.505889	-0.450398	3.318960	2.536891	0.254966	0.741275	0.557252
7.015500	0.947510	1.572014	1.654245	0.963101	3.600119	1.490124	3.100032	-1.328679
3.224883	2.607924	0.076606	1.298677	0.340962	1.707161	2.149088	5.115362	-0.748070
1.338035	-0.128883	-0.735336	0.313899	0.864542	0.827119	3.129358	6.224164	-0.246921
-0.432543	-0.656312	-1.255110	-0.597590	-2.833957	-0.243908	1.777135	3.887335	-1.527530
-1.724051	-1.143862	-3.162716	-1.995188	-3.851935	-1.097421	1.113218	4.054874	-4.507998
-2.363790	-1.579132	-3.681354	-1.255495	-3.377292	-3.519119	-1.273292	3.411078	-1.980723
-0.619160	-4.158121	-3.755722	-0.828612	-2.411027	-2.351202	-2.657896	5.767146	-0.612504
-1.796159	-3.157128	-2.642021	-0.188437	-0.780641	-1.355570	-2.772093	6.648175	2.089458
-2.488589	-2.789353	-3.822949	-2.655670	-0.726432	-4.487624	-2.716384	6.617665	1.062065
-0.229249	-3.149096	-2.682805	-1.943210	-0.869201	-1.927264	-3.886969	5.693313	2.617618
-1.035839	-1.224954	-1.543790	-1.909058	3.359453	-0.263890	-1.910846	4.166518	1.116617
-1.467559	-0.695128	-0.710102	0.694388	1.988931	-1.072801	-1.334217	4.820678	-1.820338
-0.664109	0.621783	0.160260	0.064229	2.115033	-1.479499	-0.431782	4.236991	-4.523545
-0.447788	1.043180	-0.143503	0.217063	0.513160	-2.116383	-2.501740	3.481957	-6.527104
-2.221897	0.617765	-0.524592	-0.545006	-1.962889	-3.155154	0.630708	2.659173	-4.277114
-1.567936	0.113937	-3.229703	-2.816980	-5.431412	-5.848611	2.528863	-1.156361	-3.499875
-2.236103	-3.281401	-1.288738	-3.197158	-5.578709	-3.672055	1.581624	-4.640448	-0.826886
-0.124500	-3.124750	-2.597894	-4.459438	-3.675579	-4.979886	-0.052409	-5.723888	-5.324246
-1.554625	-3.831309	-3.393871	-3.290320	-2.419523	-5.036205	-2.635937	-3.007382	-1.110856
-0.888579	-5.487875	-3.144568	-2.424903	-0.283238	-2.505811	-1.505058	-0.250532	-3.309113
-1.028761	-2.243749	-1.456184	-1.765287	2.696775	-3.741306	-5.061674	1.509061	-4.045018
-1.337272	-1.752330	-0.083617	-0.827770	4.554316	-2.004388	-5.906084	4.022796	-2.248371
-2.359110	-1.238515	-0.753367	-0.100753	3.530088	1.326842	-2.722489	6.372573	-1.272870
-0.029375	1.900295	-0.022032	1.207467	4.936689	5.107682	-0.211388	4.904689	1.107385
-0.910167	-0.499598	0.376789	1.207589	4.181322	4.645234	2.981017	0.178245	4.189494
-0.478087	0.567806	-0.332903	2.976515	1.509786	2.429597	0.245026	-0.133261	0.940858
-0.664233	1.545410	-0.514507	1.398346	-0.723618	0.711070	1.361740	-2.787329	-0.218823
-0.453305	0.968814	-2.573622	0.464182	-3.788688	-3.971047	-0.954042	-3.435560	-2.896747
-2.466103	-2.244481	-4.129245	-1.238076	-3.510025	-2.360454	-2.953020	-0.276854	-3.922516
-0.530226	-0.298574	-2.697777	-2.045926	-1.088228	-4.542852	-1.084194	-1.371113	-3.887627
-1.042474	-1.407264	-2.594115	0.655532	1.181005	-1.761041	-0.018666	-3.761537	-2.055382
-0.966447	-3.693448	2.898541	1.033700	1.716773	-0.464621	3.712165	-2.743326	0.165021
-1.134045	-2.750127	2.034693	2.607077	1.418878	0.960108	5.872199	-5.357981	-0.259718
-0.810566	-0.468999	2.471143	0.955267	-0.330479	3.086944	5.617235	-6.352902	0.288901
-0.288110	-2.190463	2.833692	0.403969	-0.595498	4.146987	4.755972	-8.804790	2.279978
-0.368678	-3.621717	0.978741	-2.299816	-4.451877	5.950338	5.113411	-9.046644	3.064015
-1.110668	-2.038060	-0.749409	-2.985886	-3.528817	2.864996	3.790051	-12.100865	2.518411
-1.456780	-2.494191	-1.840955	-3.778240	-3.173816	-0.178640	3.707691	-9.994653	3.160166
-0.880914	-2.870309	-4.065996	-3.373477	-2.953573	0.537329	-0.797769	-6.153408	3.806181
-0.696269	-0.848612	-3.310731	-1.681496	-1.710788	1.791604	-1.220830	-4.183930	2.961656
-0.113445	-1.149099	-4.066458	-2.474496	-1.096159	1.266884	-0.254191	-2.291620	2.165192
-0.983741	-0.778069	-0.388476	-2.023075	-0.301786	3.264968	-2.323355	0.304023	1.084988
-1.580756	0.869079	1.267517	-1.488632	-0.556668	0.993957	-1.290820	-0.936300	-0.686455
-1.475791	3.168348	0.911823	2.117033	0.017797	1.854749	0.626812	-0.182390	-0.949437
0.380356	0.592638	0.549543	0.937123	-0.129291	2.765643	1.156441	-3.496347	-1.069758
0.338384	2.770050	1.008179	0.493838	0.447769	3.156541	2.973766	-1.430970	-1.441418
1.075095	1.547787	-1.100468	-1.439320	-3.138623	2.592640	2.422187	-2.555559	-1.502117
1.990589	1.052049	-1.797496	-1.358751	-1.416764	2.655540	-0.381697	-1.404813	1.390246
3.668866	2.145038	-0.498402	-2.228151	-2.783954	3.608342	0.480313	-3.880632	3.696371
4.813227	-1.129045	-2.117586	-0.002122	-2.144192	3.460344	2.977517	-2.455215	4.129257
5.630973	1.301802	-0.637846	-1.110660	-2.523877	3.824346	4.826114	-5.038562	5.029705
1.775704	-2.134619	0.053120	-0.929665	-1.725508	2.570247	4.487703	-7.266272	3.064015
3.710721	2.883692	-0.982686	-1.600135	-1.917985	4.377947	2.060185	-5.384645	3.714286
3.563124	2.218337	-2.527863	-2.732669	-3.166705	5.018444	0.837257	-3.380180	0.206020
2.170014	0.797717	-0.819108	-1.596465	-4.464168	2.113840	1.329319	-2.092175	2.082815
0.656191	-1.266765	-2.096020	-3.293523	-1.706773	3.814233	0.633872	-3.902831	4.330471
3.258656	0.710391	-3.824497	-0.401541	-1.863519	0.629022	-1.222087	1.999555	3.502189
1.062810	-0.421013	0.680463	0.529184	-1.785804	2.029506	-1.858258	2.941082	2.832869
3.266953	0.660425	-0.606738	-1.550049	0.540671	-3.860413	-2.224042	4.473251	3.975810
3.134586	1.688606	2.935500	-1.475437	0.191010	-1.412039	-1.790839	3.246965	2.452613
2.301409	-1.808269	-2.631419	-0.716779	-1.172489	-3.763870	-1.825651	3.842024	4.845677
2.868323	-0.872097	-1.580293	-0.978373	-0.722723	-2.058407	0.044923	-0.164471	1.789301
-3.219671	0.480922	-0.979522	1.292181	-0.528891	-0.699052	-1.634220	-1.890619	1.858187
-2.586273	1.786490	1.329097	1.119587	4.047908	-0.286105	-1.395279	-0.653719	1.810033
-2.167383	4.633309	1.563566	2.779444	4.720074	0.984134	1.465744	-3.168468	3.271540
-3.237599	4.476880	2.993287	1.242754	5.062210	1.066564	1.215148	-0.801766	3.203706
-2.595921	3.491906	3.278261	4.027020	4.199016	0.294584	-0.050966	-1.821312	2.315933
1.085751	3.161586	5.257391	2.716142	3.797793	-0.492006	-0.790102	-0.986003	2.954419
-1.188081	4.028324	2.091378	1.795422	3.093742	-1.379106	0.102342	1.291561	0.155365
-1.668818	1.529820	-1.722076	0.565062	1.517665	-0.009319	-0.497936	0.041082	-2.675230
-0.757858	-0.417424	-2.241768	-2.103538	-4.092037	1.878457	-2.433838	-2.107938	-1.178566
-0.706702	-3.024406	-3.091398	-2.089074	-8.838763	2.056120	0.380437	-0.382498	3.251656
-3.117347	-2.269825	-4.383662	-1.730947	-5.869913	2.675069	1.033686	-2.268596	5.139636
0.304105	-6.342879	-3.530259	-1.159553	-3.402184	2.628005	2.650010	2.971170	4.035773
-2.715744	-2.994467	-5.211287	-2.638193	0.582424	1.906925	2.109007	5.560501	3.183268
-0.949194	-1.751686	-1.771844	0.375937	3.559713	3.124231	2.856876	5.908700	2.000620
-0.587344	0.301664	-0.275829	1.050636	4.798083	1.102220	-0.152283	5.214467	-1.637572
0.669706	-0.223715	3.162862	0.232708	2.525336	0.879793	-0.252273	5.890906	-3.284308
3.278658	1.965779	4.300628	0.597153	1.742174	-0.298251	-2.645793	3.194517	-2.223788
4.865411	2.822947	3.298974	2.633174	-0.532604	-3.148912	-1.562244	0.335903	-1.407113
5.101066	0.534891	2.368500	0.773571	-1.499795	-1.922393	-1.887029	-1.204734	-1.351284
3.365424	2.879613	4.792209	0.060046	-1.544099	-1.352892	-1.953747	-1.875292	-2.221001
3.583485	1.890614	2.461502	0.584201	-2.093713	-0.370910	-1.190900	-0.373170	-2.745264
3.382950	1.535196	0.037581	1.412737	-0.469638	-3.230349	-0.510089	0.353636	-3.855774
-0.031781	2.197160	0.115848	-0.077044	2.930928	-2.030509	-2.374914	-0.399474	-2.159932
-2.102906	0.383308	-0.755594	-1.929040	2.797286	-4.478890	-2.193978	0.340404	0.484162
-2.427527	-1.919059	0.081656	-1.613150	1.149838	-1.963493	-0.924880	4.230071	1.301307
-2.593141	-1.183238	-0.451401	-0.856573	0.092185	-1.807719	-2.802122	2.765030	1.854903
-1.652149	-0.582429	-1.380962	-2.164406	1.841928	-3.016368	-3.014005	1.966382	1.591249
-1.042051	-1.781430	-0.416725	-1.514249	-0.035533	1.079360	-0.016929	1.096331	0.060145
-0.900744	-2.116439	-0.513688	-0.399199	-0.139195	-0.133537	-1.020197	0.325278	-1.146411
-0.583430	-0.974254	2.399550	0.424345	-0.095958	0.713342	1.100491	-1.491675	-0.925218
-1.495808	-1.555875	3.235192	-0.025517	0.864080	0.719095	-1.369966	-2.000524	-1.951579
-0.035876	-1.841299	2.260338	0.304419	1.212419	0.692423	-0.535968	-1.058668	-4.027992
-2.860536	0.002575	1.984791	-0.473546	-0.614139	-0.184076	1.432582	3.785196	-0.898159
-0.909585	0.670248	1.074454	2.547288	-1.496192	1.474898	-0.650816	5.069670	-2.460180
-0.646224	-1.372977	-2.094373	1.595924	-2.445941	2.007244	1.359337	3.871256	-1.471957
-3.189753	-1.163600	-4.010188	-0.173837	-2.707483	-0.351937	3.600640	1.530758	-3.085690
-1.523271	-3.812719	-4.559489	-2.287094	-1.859717	-2.521147	2.546891	-0.847223	-3.415679
-0.638977	-4.718232	-4.194173	-3.369044	2.134857	-3.446685	3.488491	-5.057484	-3.920926
-1.238072	-3.291938	-2.102640	-3.478987	-0.374959	-4.585453	3.038737	-7.453023	-4.541331
-0.494154	-1.431935	-2.703588	-3.023720	0.156736	-4.035450	2.644929	-6.659836	-0.680395
-3.175624	-2.573422	-1.961914	1.194157	-0.148657	-0.062578	0.114667	-3.933423	1.132781
-0.715880	-2.147098	0.377382	2.735345	2.296364	1.568963	-1.181753	-2.066179	2.607898
-0.809324	-0.644160	1.340004	2.746148	3.312999	1.231974	-0.557629	-2.839403	5.164053
-1.446154	-0.733108	3.270051	2.394365	-0.026951	0.867453	-0.091863	0.319009	4.218046
-1.587070	-1.632539	3.724426	1.340799	0.413716	-0.135900	-0.819656	-2.035842	5.105376
-2.464771	-1.309754	2.050431	4.535551	-2.397299	-1.508485	-0.111109	-0.938653	2.628443
-3.736259	0.600651	2.858267	-0.609278	-2.135395	-2.166602	-0.128523	-0.759722	2.851345
-0.383531	0.316876	3.640336	-0.153786	-1.057971	3.094748	0.230301	-2.703245	2.376183
-2.080288	0.605823	1.504639	1.508328	0.463574	1.455564	2.592462	-2.316620	0.521754
-1.652830	-0.210807	0.243978	1.965265	-0.135459	3.807847	0.915260	-2.645145	-0.046141
-2.184257	-2.181312	-0.036345	2.820227	2.389531	1.420597	0.913993	-2.014417	-0.681803
-0.045268	-1.002691	-2.809030	1.318216	1.776146	-0.059288	-1.293439	-1.386433	-3.181834
-1.110563	-1.211543	-3.459774	3.324932	2.621086	-0.923307	-0.620738	-0.988092	0.305966
-0.793141	0.199333	-2.102676	1.736177	4.063352	-0.782061	1.768497	-3.411390	3.029396
0.116296	-0.339560	-2.057135	1.919853	0.450646	-1.953350	0.609263	-2.869425	3.216456
0.351850	1.607178	-3.318249	0.527560	-2.495832	-3.298873	0.542761	-1.934894	3.929343
-1.942079	-1.645952	-0.843417	-1.037300	-3.839080	-2.703832	-1.328710	0.588305	4.021259
0.267908	-4.174147	-1.000037	-1.184825	-1.570097	-1.754226	-0.730952	-0.858626	3.869301
1.295913	-2.554307	0.862492	-0.193116	2.275617	1.437444	-0.835565	0.116717	3.885370
2.541734	2.019169	3.396071	2.021831	3.053564	3.537479	-0.509950	-0.678065	0.980363
2.582072	1.892083	2.824701	4.557416	2.972844	-0.022422	2.093093	0.942832	-1.030819
4.198927	3.351636	3.469785	2.192139	1.228459	1.753341	0.373862	-0.378692	-2.465477
3.819600	2.541129	2.163822	1.090704	-2.602291	-1.513831	-1.158242	1.974368	-4.338213
5.809989	1.656064	1.758615	-0.069690	-2.516204	-2.440640	-2.198120	2.145913	-3.080926
2.272096	0.649542	2.405864	0.330759	1.727220	-1.678385	-2.188974	0.728146	-2.973219
1.312120	1.228063	2.474071	1.664851	2.225083	-0.593365	-0.722804	0.886869	-1.161791
-1.248939	-0.522771	3.777037	0.355090	1.685485	-0.668182	0.193190	3.316384	0.212857
-3.195781	1.123741	2.083363	1.779374	0.659928	2.050465	-0.008992	8.430994	-1.581277
-3.914306	-1.554299	-0.532851	1.576906	0.058311	-1.089624	0.255047	7.549701	-0.652392
-2.744014	-1.050591	-1.166202	-0.219414	3.642036	-1.409648	-1.932691	7.071707	-2.724990
0.469395	-0.788133	1.841210	1.069716	4.150405	-0.928709	-0.200707	6.063515	-1.600872
0.151920	-2.569925	0.554286	1.756696	3.152517	-0.246705	-1.423403	6.276727	-1.761838
2.358162	-0.279265	-0.810773	-0.772571	1.027374	-2.399037	-0.533377	5.522344	-2.846889
3.339221	1.032147	0.119734	-1.377787	-4.097024	-1.412904	0.296169	3.627670	-1.906526
5.689996	-1.242887	-0.044192	0.356452	-3.200475	-0.573707	1.735434	2.086005	-2.027250
4.342887	1.479534	-0.786551	0.134746	-5.005679	-3.257044	-3.073680	0.514453	-3.144260
6.042094	0.438411	-1.886640	-2.497005	-2.516335	-3.866017	-1.535676	-2.551085	-0.527959
3.151917	-0.791156	-1.816661	-3.326199	-1.327142	-0.973424	-3.197352	-0.275708	-1.833646
2.679655	-0.069565	0.764289	-2.739536	1.656000	-3.695465	-2.836110	0.362589	-1.568923
0.874808	1.514385	1.717210	0.738286	4.632693	-0.832641	-2.888249	0.241905	-2.497190
0.367877	3.396194	1.622202	-0.058833	5.521037	0.254749	-0.730070	-1.370857	-0.461147
0.047460	4.121964	2.423167	1.176409	2.313032	2.659706	1.609227	-2.919196	0.503004
3.540657	4.845495	2.431205	-0.174388	4.142880	0.512630	1.881842	-1.748409	0.759463
2.414569	4.494788	1.435017	-1.012624	-0.923618	1.721221	-0.107625	-2.082195	-0.468871
2.682494	2.698844	0.611703	1.829304	-3.144862	1.123579	1.642226	-2.577652	-0.031698
-1.254568	0.484065	-2.834737	3.376695	-1.421852	-0.074995	2.494095	-3.026378	1.682781
-1.097116	-1.836350	-2.341000	0.852950	0.491214	-0.301300	2.918682	-2.000972	2.634365
-0.992552	0.071200	-1.892088	1.140270	3.086535	-1.289437	1.264486	-3.448933	2.222754
-1.640875	-0.622083	-2.188800	-1.132243	4.313714	-2.484905	-0.883692	-2.752659	2.157647
-2.457487	-0.543700	-2.151735	-3.348491	3.578150	-2.316103	-2.366751	0.322652	1.494143
1.078613	0.069352	-0.466393	-2.040171	4.228943	-1.290530	-4.661093	1.266400	-2.767257
3.091724	1.711672	1.236227	-1.983583	0.116796	-2.606987	-3.377616	0.301788	-3.564155
4.159145	0.832861	0.578625	-2.581326	-1.585993	-4.587173	-1.196221	0.793116	-3.432851
4.930676	3.366821	2.010701	-1.030101	-1.205021	-0.109287	-2.161407	-1.170614	-1.181746
3.757717	4.077851	2.959855	0.009395	-3.748990	-1.225829	0.405826	-0.105601	-1.855739
4.869167	4.039252	2.709288	1.180261	-1.487397	-2.161598	-1.735522	-2.359245	-1.690133
3.273225	4.818225	2.507601	1.595097	0.900457	-1.722794	1.098350	-0.812444	-0.294726
3.004791	2.731571	1.828392	0.917405	0.644573	-0.934515	-3.066058	-0.207996	1.570880
-1.039636	4.382689	-0.184837	2.335586	-0.356148	0.139139	-0.994346	-0.587703	4.349185
-2.534555	3.424882	3.336813	-0.063062	-0.963407	-0.747833	-3.725413	-2.674761	2.721388
-2.836768	2.940948	3.316043	0.257264	-0.362402	-0.569028	-0.533158	-0.777971	5.092590
-1.859576	1.913890	2.818752	1.184763	-0.055933	1.145654	-0.748382	-1.595832	3.103289
-2.733679	-0.573793	2.641441	2.404836	0.481900	0.215513	-0.461283	0.628156	3.019986
-0.436977	0.315500	4.795510	0.947684	0.301398	2.271351	0.043739	1.975195	1.610680
-0.633271	-2.217131	1.636958	-0.085094	0.227861	-0.967933	-1.237815	-0.762515	-3.394730
-1.732362	0.737515	3.372686	1.736403	-0.711010	0.381563	-1.421645	-0.128974	-2.915243
-1.579451	0.829539	1.076993	1.756475	-3.060316	-1.711160	-3.811250	0.694319	-5.445161
-0.561937	3.258040	1.571780	-1.360577	-0.830254	-2.726102	-3.738130	-1.442037	-5.278283
-0.721723	1.316920	1.152346	-2.717452	-2.881426	0.656437	-2.232782	0.086660	-1.528709
-1.920108	0.601378	-0.158809	-0.510651	-2.784731	1.715060	-1.153808	1.647309	1.381759
-0.585593	1.965216	-0.517985	-2.016674	0.232131	2.797567	1.115995	4.704911	-0.012077
0.378621	-1.436467	-3.057582	-0.296020	-0.795838	2.961058	1.011527	5.783865	1.180481
1.289233	-0.345370	-2.253201	-0.866288	1.193160	-0.253766	0.429889	5.889272	-0.098767
1.016043	0.790507	-1.263442	0.316420	-1.011973	-0.558403	0.944782	4.943431	-0.294120
1.323050	3.619764	1.097195	0.762307	-1.228238	0.623446	-1.922693	2.573443	-2.698680
-0.758147	0.961603	0.080410	1.289370	-1.540834	-0.616916	-3.574835	-0.523994	-2.999745
-1.447948	2.985423	2.138401	1.750812	-1.957160	-0.978489	-3.348242	-0.055579	-2.597418
-1.925655	1.193625	0.529270	1.287232	-2.340317	-0.413373	-1.904115	-1.543713	-2.939296
-2.944368	0.569408	0.720714	-1.026070	-0.959905	-2.674265	-1.511952	-1.902295	-2.823181
-0.718188	-0.688626	0.573335	-1.137395	-1.765222	1.094133	0.080849	-1.589728	-1.201873
-1.662315	-0.426578	0.484331	-1.577841	-1.691270	1.541225	0.349389	-0.602411	2.402028
-0.263251	-2.277847	0.864602	-2.159008	-0.883848	2.261710	1.569969	2.964055	0.717222
0.641004	-1.823633	1.126848	-0.848198	-0.531955	1.707790	-0.939710	5.212669	-1.828990
2.011449	-2.909236	-2.144833	-0.718409	-1.706491	-0.981535	0.820853	7.078231	-1.770410
2.445883	-3.706055	-1.159640	-0.236742	-1.235658	-0.784763	0.513960	4.602139	-1.253136
-0.317395	-1.420591	1.382125	1.140904	2.945447	0.149206	2.000512	5.357393	-3.480870
0.083015	-1.604343	1.950663	1.726027	2.315823	1.074973	0.643111	6.184191	1.129589
-1.025088	-1.792810	2.366272	1.311129	3.379269	0.199540	1.934358	7.107532	2.606142
-1.026705	-1.033393	4.241052	1.813009	0.457487	2.273607	-0.726945	7.070716	3.029788
-1.248138	-2.878092	2.783203	1.828766	-0.841125	-0.466524	0.535202	6.099040	4.548826
-0.607186	-1.868906	0.459323	1.135602	-2.842365	-0.441853	-2.921097	6.167304	2.399058
-1.994650	-5.222635	0.016012	0.558115	-4.727334	-0.851478	-3.630043	4.357706	2.777383
-0.766232	-4.029879	-4.601431	-0.569995	-1.817732	-2.768899	-4.177633	-0.459955	1.967702
-1.731432	-3.113038	-4.517807	-2.861227	1.560141	-2.702115	-3.190766	-1.126981	0.746614
-1.576351	-1.060512	-4.442916	-2.850483	3.022185	-2.254624	-2.164540	0.529326	-2.250180
-1.475090	-0.712000	-1.921859	-0.615961	4.558201	-0.782825	-1.441853	0.445665	-3.789880
-0.889150	1.297298	-0.072137	0.237837	6.574488	0.504182	-0.213503	2.765134	-3.230586
0.111169	2.318982	1.980049	1.767512	6.561846	2.388198	0.641910	6.525230	-1.932298
-2.355334	3.287751	3.311699	3.930562	2.394874	0.910225	1.109089	6.315253	2.423585
-1.988461	3.100807	0.263211	2.521089	1.913174	4.142664	-0.147963	7.298401	1.842162
-0.567311	2.941648	0.980785	4.203790	0.638345	1.314915	3.225053	6.023870	-0.626166
0.903113	0.593276	1.257220	2.161867	-4.283113	-0.189420	0.635141	3.921259	-2.047199
-1.582888	0.508891	5.808115	1.479519	-1.751701	0.333260	-1.761798	1.754466	-2.053837
0.887485	0.672092	2.224569	2.115545	-2.065519	1.737955	-0.694162	-1.942611	-0.667278
2.912431	5.058480	2.285781	3.791345	-0.706165	0.486466	1.529151	-5.883375	-1.265024
4.178648	3.083554	4.862650	2.447419	2.140758	2.217696	1.077843	-6.126529	-3.179274
5.671337	4.100815	2.758976	4.964966	0.350452	4.221644	1.817117	-7.295674	1.707973
4.312897	2.283364	3.233857	0.221185	1.769815	4.550412	2.802073	-4.458014	0.778317
3.007026	3.950799	2.914292	2.022478	-0.231451	2.962500	1.145313	-1.240451	0.880958
3.204923	2.352922	1.150981	0.892641	-1.285249	2.004810	1.409541	4.687413	1.022596
0.646690	1.556132	0.140722	-0.175623	0.017024	2.693243	0.246658	4.368475	-0.927567
0.675523	-0.720870	-1.527186	-0.024917	-0.348835	-0.347601	-2.706034	7.043031	-2.038832
-3.406277	-1.523685	-2.738943	-0.873340	1.730975	-0.914520	-4.135633	8.122480	-1.376098
-1.355511	-0.922812	-3.190550	-0.333094	5.625854	-2.713413	-3.653737	6.691717	0.702935
-1.871880	0.605149	-3.771410	-0.831678	4.660502	-3.831680	-3.845643	2.158941	2.683967
-0.006784	0.333898	-1.759121	-1.050894	5.404117	-3.548820	-3.722650	2.002447	3.917099
-2.628525	-1.451165	-0.499187	-2.430641	2.027800	-1.080731	-2.823056	0.277734	3.014632
-0.732702	0.754260	-0.967807	-1.738620	1.023551	-1.193313	-2.286357	-1.606403	3.157566
0.054383	-1.879327	-2.281783	-3.138033	-4.163430	-2.863265	-1.070453	-0.380466	2.519801
-1.826871	-2.227825	-2.499515	-3.347279	-5.272345	-5.279585	-3.209640	0.705441	2.617237
-1.924663	-2.492334	-4.057906	-0.312659	-5.147693	-3.262274	-2.216917	0.666515	-1.153124
-0.617795	-1.749655	-3.706755	-2.773575	-2.032675	-3.149730	-1.781982	3.705952	-2.932082
-1.530567	-3.174786	-2.071764	-0.321625	1.823109	-2.596552	-0.522732	3.647149	-0.961937
-3.457179	-1.804828	-0.568734	-0.889012	3.661059	0.245861	-2.830964	2.980303	0.608112
-2.385033	-0.444181	2.847634	1.802764	4.311774	0.695209	-1.602178	3.512610	-1.383435
0.344470	0.179256	4.196239	0.447203	2.936654	2.118794	0.457430	1.862166	0.897923
1.160832	-0.079418	2.650580	0.077403	0.883099	1.143715	0.190462	2.075468	-0.514314
2.331050	0.547498	-0.029245	0.686065	-3.901792	0.103075	0.490820	4.357211	-1.079645
0.450724	-0.935995	-0.156235	0.900186	-3.496120	-2.002527	-1.242994	5.273593	-3.132770
4.768055	-0.703898	-1.410293	0.148468	0.741416	-1.000289	-4.007277	3.682109	-1.797487
3.286441	-0.048610	-0.040820	-0.284792	6.068415	2.565988	-2.644128	1.737056	-0.873197
0.785181	1.076368	0.949285	1.313806	6.528876	4.627207	0.652257	-1.800470	1.250801
0.372277	1.149238	-1.260582	4.019062	4.473800	3.051768	3.428979	-1.652774	1.764408
-0.367874	0.913199	0.341381	4.496074	5.983985	2.213471	2.224541	-0.944259	0.723124
-2.011972	0.223551	-1.017930	2.467241	4.080231	1.879317	1.794444	3.071970	0.295950
-0.821016	-0.783904	0.285586	2.850364	0.938838	2.212307	0.774992	6.049410	-1.723014
-3.225907	-2.190267	-1.398072	2.334641	1.316805	1.992641	0.705787	5.426157	-0.875766
-1.608346	0.953162	-1.545406	3.588171	-0.039368	2.000521	-0.875670	4.431406	-0.325507
-1.457233	0.207385	-0.274317	1.956753	-0.619182	0.884246	0.611124	2.405254	0.019064
0.756932	1.233501	1.155694	3.303687	2.793163	-0.395083	1.394672	-1.187705	-0.637852
0.195048	-0.351290	-0.512773	1.619272	3.894867	0.645336	0.703675	-4.198574	-1.580354
-2.163684	1.229114	-1.226820	2.613406	3.883428	0.840902	1.708936	-3.489957	-1.354242
-0.901366	-0.545788	-1.613248	1.497790	0.200346	1.545515	-0.723643	-2.662059	0.132884
-1.958197	-1.163496	0.421742	0.345521	-3.242878	1.910878	1.672740	-3.892084	-1.927974
-3.071177	-1.537808	-3.007550	-0.531900	-5.329747	0.999689	3.697088	-3.394437	-2.261216
-1.182707	-3.378924	-1.021026	-2.757374	-6.815260	2.517950	4.418303	-7.252521	0.971759
-0.607386	-1.592944	-1.402986	-2.205904	-2.955617	2.086561	5.006986	-8.062742	2.920451
0.487584	1.349432	-0.081232	-1.336389	-0.571420	3.359922	4.639041	-9.524403	2.047660
-1.527096	-0.277394	-1.428265	-3.132430	1.052331	2.141634	5.711869	-13.207709	3.149489
-3.151525	-0.223223	-2.442085	-2.605429	0.681936	2.186098	2.719573	-5.333465	-1.450764
-0.892305	-1.969154	-3.231493	-1.785085	-1.003207	-0.055088	3.138254	3.002926	-2.442997
-1.464635	-2.753186	-3.467991	-3.371401	0.594204	-3.021521	2.842915	4.925157	-2.314209
-1.536615	-2.368619	-0.381979	-1.219978	-1.864134	0.180698	-0.090742	6.307126	-1.781900
0.257554	-1.588852	1.044242	0.295985	0.025379	-0.549130	2.394085	5.941827	2.115431
-0.870926	0.622116	2.289871	1.436786	2.334543	0.158095	4.331298	4.134756	4.248884
-1.576456	1.730584	5.242607	5.010123	0.694657	2.517973	4.355000	2.797509	4.676260
0.298863	1.250554	6.721450	3.059597	1.388221	1.266204	3.720891	-0.313320	2.884160
-0.802767	2.566227	3.501699	2.268706	2.703333	2.004889	2.771275	-5.563634	2.674184
-1.093846	4.165002	5.038052	1.237849	5.389795	3.244427	1.503452	-6.647539	3.658233
-1.485875	4.575781	2.009809	3.693025	6.692103	3.396020	0.851226	-9.071139	2.207008
-2.450753	4.812765	3.631569	3.343633	2.691459	2.584866	-0.176001	-3.318638	1.149609
-0.979579	2.688254	1.249531	4.911372	0.654862	1.029767	-1.861829	0.692459	0.237237
-2.071855	3.951149	-1.355104	1.625342	-3.613789	-0.305078	-1.849055	0.969148	-1.233708
-2.150978	0.438950	-0.065639	0.288140	-6.509095	-1.036668	1.047723	-0.794977	-3.197524
-0.660749	-0.202541	-2.010774	-2.898133	-6.209456	1.009296	2.727206	-3.021619	-1.470711
-2.803768	-2.820123	-3.228509	-0.173679	-2.931573	3.200214	3.406997	-4.014484	2.789130
-0.470834	-3.504497	-2.751845	-2.098199	-1.278847	4.356087	4.367398	-6.144275	4.299502
1.415054	-0.630660	-2.364683	-0.193993	-1.156977	3.458315	4.206009	-9.810098	1.950305
1.675495	-1.745813	-3.183323	-0.020364	-0.889465	2.021496	3.516333	-10.244856	3.160539
0.922891	-2.239954	-0.715666	-1.679311	-2.188212	2.388332	1.096372	-6.709855	1.108605
0.518442	-1.763781	-3.336213	-1.796236	-2.849917	0.130423	-5.320274	-3.706299	0.922903
-0.487752	-3.799496	-1.821165	-0.812740	-3.100881	-2.243533	-4.323402	-0.463592	-2.547065
-2.268990	-3.860095	-1.740821	-1.472123	-1.765206	-3.471435	-1.763710	-2.249338	-5.015900
-2.257571	-2.867779	-2.454982	-1.390988	0.397508	-3.736883	1.852402	-1.160644	-3.654500
-2.712594	0.049754	-0.795550	-0.645534	2.745862	0.363023	3.445437	-4.353011	-1.432065
-1.140560	0.721805	-0.219423	-2.400963	-0.667447	0.478882	5.370296	-7.071046	-0.199695
-0.396966	1.855974	0.609696	-1.966776	-1.676318	1.076594	4.516480	-7.989252	-0.584889
-0.400513	-0.622536	0.122108	-2.420073	-2.134952	-0.465441	5.515091	-8.756235	-1.626846
1.358100	2.742575	3.598512	-1.639457	-0.615550	-2.775023	2.929929	-9.939997	-3.364365
1.845275	3.578407	1.589309	-1.962127	-1.923012	-3.184453	3.029497	-7.835544	-1.918547
2.060612	2.075563	-1.026104	-1.003085	-1.931739	-1.424132	1.747096	-5.244279	-2.537191
0.099412	-1.226156	-1.778125	-2.264231	-2.681731	1.757041	2.009127	-3.141707	-2.592695
2.207876	-0.667150	-0.898156	-1.464568	-4.181590	-1.248434	3.083091	-2.782033	1.172640
-1.349595	-1.415217	-1.534396	-2.843495	-3.550115	-1.289459	4.767089	-3.710360	-1.740085
-1.372000	1.097244	-0.883347	-2.077314	-2.342607	-1.076134	5.340822	-6.419792	-0.736270
1.263261	1.166835	-0.944007	-1.842025	-0.990167	-1.688659	4.702893	-6.080934	-1.262513
2.627091	3.438856	-0.472578	-2.957031	2.233004	-2.565335	3.017000	-7.239590	3.493085
2.391790	3.537709	-0.254960	-1.624730	3.665207	-1.049861	3.691946	-3.778563	4.006825
4.475059	3.451296	2.730648	-1.838126	4.356340	-1.419840	0.719732	-3.319258	3.390909
0.721600	2.468317	1.750044	1.554482	5.852103	-1.177871	-3.117243	0.583421	2.256035
-0.899487	0.685475	2.689029	-0.838807	2.349096	-1.408155	-3.930876	0.864171	-1.768395
-1.756000	2.533270	-0.262798	-0.239695	2.069417	-0.866792	-4.836167	2.455488	-3.194781
-1.991638	-2.765996	-3.900336	-2.099982	-3.279233	-3.268683	-4.101615	1.167767	-3.895123
-2.710499	-2.708222	-4.230286	-1.751269	-6.267956	-2.052929	-1.198420	-0.515894	-4.462219
-1.280783	-1.518206	-3.921048	-2.521458	-5.045051	0.549170	-0.006680	-0.799400	-4.293570
-1.259987	-2.867347	-3.237922	-3.414349	-1.617120	-0.092388	1.251104	-0.044754	-2.597375
-2.381611	-1.189343	-3.010807	-2.314242	-0.080362	-0.149802	-0.931367	-2.032560	-0.045834
0.541747	0.980907	1.240296	-2.013140	-0.764779	-1.401674	0.285508	-2.811422	-0.133845
2.276388	2.964805	-1.024714	-0.287143	-1.392370	-1.247705	0.176029	-0.207442	5.059590
0.417814	-0.819447	-1.643035	-2.135551	-1.534137	-3.659294	-3.291703	0.614775	3.937973
-0.350973	-1.626349	-2.391568	-2.408566	0.138921	-2.510643	-3.175288	2.352726	4.113405
-2.358573	-1.978198	-3.027812	-2.661288	1.043302	0.659547	-2.414426	5.184409	3.313584
1.407118	-2.520893	-1.406069	-0.317019	3.023707	0.593175	0.680584	8.055619	5.221513
0.487499	-1.137132	-2.611136	1.697141	1.412735	1.028941	2.198241	3.872553	3.194591
-0.940427	-0.487713	1.081885	-0.799809	1.046785	-0.380856	3.924447	3.789409	-1.511482
-3.087658	-0.596635	-2.305905	-0.081369	-2.250943	-1.039817	4.136400	-0.737317	-2.417105
-3.907893	0.147403	-2.046306	-2.046042	-1.550249	-2.551344	-0.001098	-2.324028	-4.240777
-1.722030	0.008804	-1.687718	-0.258527	0.765366	-1.372336	-1.221649	1.813874	-3.990999
2.045733	2.959770	1.803559	0.545175	1.899101	-0.551896	-3.169751	3.980585	-3.271470
3.497997	4.459501	4.002427	0.864163	-0.147443	0.625676	-4.789206	4.923702	1.033210
2.267565	4.631301	1.617584	1.271335	-0.464067	0.895980	-3.541013	4.334723	1.486342
2.012038	3.845670	3.901232	2.827992	1.047429	1.466713	-0.362072	0.220345	4.972026
3.900118	2.796610	3.974271	3.688333	1.103344	2.391075	2.340615	-2.023935	5.633261
4.302507	0.392324	5.716801	5.567657	1.484178	2.000166	3.504850	-3.623219	2.723550
2.710307	2.948512	4.413622	3.449162	1.490730	1.305383	2.353131	-5.157809	1.759490
3.230820	3.249578	4.028835	1.561550	-0.200999	-0.877574	2.007558	-2.441909	1.122784
3.967048	0.779822	2.817740	2.363217	0.480190	-0.601107	-2.326669	1.797680	-1.672969
1.584594	4.711447	3.190238	1.171065	0.835596	0.800685	-2.372451	1.754555	-4.071469
-1.249342	1.585455	1.401829	2.876392	2.233220	1.027798	-3.216089	5.370715	-2.198615
-2.211456	3.612346	3.493314	3.653798	0.959660	2.837133	1.130817	2.628356	-1.109507
-2.541947	4.280225	2.715993	2.147981	4.132618	3.092988	-0.091334	0.837876	2.334554
-0.361313	2.989091	1.345667	1.291242	2.630492	3.229962	2.310258	-1.178825	2.233870
-1.222451	5.152748	0.295636	1.004579	2.275083	4.090454	2.735991	-1.925550	3.587340
-1.843059	1.910197	0.505701	-1.819107	-0.700210	1.591562	1.537665	-3.440002	2.737664
-1.852335	3.026940	0.417562	-1.316318	-1.965588	1.783986	0.331578	-2.957081	2.521544
0.825923	2.582879	1.787320	-1.609054	-1.824249	-0.783776	1.537030	-0.987189	5.507577
2.052617	0.383316	1.067276	-0.813816	-3.707095	-1.044425	-0.887580	-1.759829	3.400566
4.289751	-2.019547	-0.184270	-1.012505	-2.651026	-1.624163	-1.378253	-0.841701	0.721010
4.287326	-0.126207	1.164483	0.973780	-2.545542	-2.205290	-5.074291	1.592493	-1.967391
2.622244	0.648936	-1.090064	-0.362862	-2.325542	-2.950608	-4.524595	2.531551	-2.578737
0.406108	-1.002514	-2.478011	-0.996433	-2.338627	-3.116318	-3.815365	4.031873	-3.662228
-2.118179	-1.802956	-4.136857	-2.500032	-1.839497	-1.413222	-3.727404	2.332956	-4.385063
-1.082716	-3.011488	-2.888401	-0.212559	-0.007253	-1.078420	-1.922112	1.144100	0.026357
-1.075800	-2.404507	-1.478642	1.649283	2.219406	1.828485	1.262609	0.185304	0.824332
1.675672	-0.656113	-0.194080	3.212996	2.095780	5.353293	0.839858	-3.352433	2.498563
1.278902	-1.259201	-0.891814	2.650279	2.274669	3.446703	1.426633	-1.724913	1.835249
2.530092	0.505728	5.104257	3.506030	0.283172	0.541112	3.344133	-2.169336	1.819191
2.926745	0.422578	3.548934	0.947951	2.018190	1.746820	-0.731044	-0.449803	1.648088
3.633064	0.001951	3.701017	4.049040	2.045222	0.951425	-2.294700	-0.338414	-0.444859
3.259251	0.535849	3.599508	0.549297	3.371769	-1.621775	-0.236636	2.779729	-0.071851
2.519209	0.569273	3.075508	1.367321	3.289330	-3.534280	0.262345	2.178426	-0.016988
1.128940	0.523326	-0.043784	-0.904387	-0.038993	-2.453691	-2.250056	-0.265823	-3.643369
4.501147	1.490711	-0.981165	-1.160428	0.464698	-2.765611	0.124156	-1.129218	-2.055795
2.088432	1.901228	-2.387035	-1.795003	0.870404	-4.751141	-2.538919	0.249439	-1.211866
2.868299	1.669381	-0.718694	-0.071311	-0.819375	-1.814982	-1.565583	-0.570751	-2.805482
0.295349	0.479171	-0.368939	-0.010653	-1.182040	-1.525136	-2.353039	0.954111	-1.615843
-0.532414	-0.890200	-2.694670	-2.708430	-1.974588	-3.085503	-3.509888	-0.061974	-1.682749
-0.681088	-1.200429	-3.871187	-2.664141	-3.203422	-3.747686	-1.890433	2.183893	-2.435801
-1.303071	-3.963315	-4.592687	-0.894887	-1.064440	-3.599086	-4.331575	3.582613	-1.522098
-3.322759	-0.476654	-2.694971	-1.020569	2.244658	-2.727004	-2.540417	5.078885	-1.380041
0.050351	-0.891646	0.303963	-1.447185	2.044671	0.081958	-1.675961	0.877209	-0.241529
2.031260	2.503012	3.076916	1.125963	6.992201	0.089700	0.379691	0.393687	-1.548063
4.218672	6.579822	3.244889	0.614675	4.764147	1.364718	0.514637	-2.024582	0.050556
4.275390	3.461887	2.538183	-0.463648	4.612709	4.047513	1.381174	-3.180997	0.405729
3.700916	5.007707	3.672199	-2.054208	4.024689	-1.149318	0.291899	-2.922059	-0.868244
2.109353	4.967387	2.067938	0.812997	3.477385	-0.130376	-1.420488	-1.791465	0.116935
-1.495597	3.467826	1.766001	0.743064	0.090599	-0.169362	-1.674592	-1.792516	-0.425632
-1.653829	0.245128	1.292789	1.115396	-4.087770	0.743022	-2.069814	-1.219611	-1.172947
-1.948843	-0.771005	-0.186796	-2.094309	-6.380320	1.230975	-0.678058	-0.563650	-0.558109
-0.507934	-1.609671	-3.701654	-1.704751	-4.699853	0.930696	-0.869024	-0.774331	-0.958119
-0.197200	-4.517769	-4.583384	-2.105429	-2.454566	0.549282	1.136883	0.186247	-0.531077
0.278362	-3.403096	-3.344983	-1.369444	-1.566161	2.086232	1.485061	-2.866816	-0.302784
-1.229245	-3.717350	-1.338852	-1.507196	-0.770036	2.597645	0.466108	-3.243118	-2.189040
-1.416519	-5.740828	-0.513990	0.494715	-0.860291	0.636420	0.528421	-1.683159	0.255055
-3.611156	-3.121930	0.689906	0.103790	-0.405726	0.600055	1.182297	3.481863	0.230801
-1.435554	-2.498853	0.656036	-0.551573	-0.662740	1.637148	-0.859366	4.337748	0.716997
-1.114110	-1.933094	1.668302	2.098228	-0.156233	1.493198	-0.666272	6.896999	-0.986957
-1.660520	-3.874753	-0.505797	2.058992	-0.311704	0.139704	-1.500624	7.535917	-0.703062
-1.919683	-0.266126	1.349143	1.263619	0.047046	-0.512135	2.202177	4.805202	2.088382
-2.958596	-3.724012	-0.612879	0.226509	-0.476281	-2.179923	4.721726	4.958357	1.686075
-0.026954	-1.680409	-1.998962	-0.408537	-2.230784	-0.595258	3.264922	5.542383	3.234316
-2.243256	-2.302415	-0.831403	-0.793120	-0.266665	-1.868544	2.137561	2.959081	0.156705
-0.012599	-0.677127	-3.802801	0.407561	-1.422021	-2.883582	-1.174361	0.864653	-3.120859
-1.764480	-3.814145	-3.695057	-0.748195	-1.551952	-4.617072	-2.776945	1.693502	-4.602576
-3.561295	-2.325065	-1.358567	-1.631487	-0.969958	-1.961217	-5.458995	-0.227873	-4.056146
-1.872143	-0.704987	0.159867	-0.965715	-1.182738	0.917082	-2.557714	-0.084367	-1.950971
-2.546119	-3.429907	0.610549	1.641520	0.706308	1.762623	0.711995	-1.753581	1.834550
-0.799322	-2.214725	3.200579	1.071920	1.696781	4.609206	2.261128	-2.410011	3.490016
-1.619848	-1.321438	1.194259	2.192485	-0.984719	4.817229	4.982383	-0.755356	2.850126
-0.881395	0.411556	-0.183812	0.585913	1.636910	2.804190	4.733357	0.086586	2.058680
