X1	X2	X3	X4	X5	X6	X7	X8
-3.175123	-0.571393	-4.120622	-4.085871	-1.860231	-1.068201	-4.242109	-2.096760
-1.230110	-0.877536	-3.241569	-2.953857	-3.355875	-2.410721	-5.237137	-4.593818
-2.359082	2.737090	-3.925649	-2.893202	-3.531467	-1.509590	-3.498248	-5.265906
0.497360	2.295485	-3.041563	0.042593	-3.491212	-2.195808	-5.142844	-1.367026
1.787717	1.174952	-1.324513	-1.788172	-2.981611	-1.590076	-2.404429	-0.759281
3.932889	1.617192	-1.374501	-2.863798	-1.931468	-2.075095	-0.178106	0.822428
4.276778	2.072705	0.004572	-0.675486	-1.100784	-2.232665	0.629522	-0.825102
2.832082	2.550395	-0.097896	-0.432438	-1.150863	-1.037589	-1.996949	-0.999473
3.618504	3.960162	3.658394	2.356646	0.906993	-0.630765	-2.808922	1.451213
3.736842	1.094408	2.998440	2.609564	0.859482	0.407804	-0.619400	3.612353
4.483599	0.243234	3.440341	5.737716	1.994499	1.290819	-1.660787	2.606946
2.393573	-0.934058	5.798395	5.681200	2.421844	4.596978	-0.327985	1.589089
2.845965	-1.302667	2.357001	4.540316	2.294113	2.174580	0.114801	1.602779
-0.741923	-0.331492	3.202256	2.455662	1.381703	0.306825	-1.469730	-0.243384
-0.925292	0.452570	1.759059	-0.962463	-1.145388	-0.892488	-2.535383	-2.992804
-2.480642	-0.058981	0.081509	-3.634960	-4.221362	-1.880460	-3.546061	-4.300483
0.073328	-1.381444	-1.653597	-3.788629	-4.188223	-2.044192	-4.752366	-4.676024
2.318318	-0.198416	-2.758460	-3.569173	-5.664973	-2.234285	-6.703603	-1.508727
3.011629	-0.444597	-1.834281	-3.025493	-3.081815	-2.105939	-4.456673	1.376804
3.996462	-0.132785	-2.395063	-2.335888	-3.451951	-1.465056	-3.770882	0.304468
-1.232485	-0.707179	-2.247107	-4.592062	-2.564584	-1.743836	-0.463231	-0.585739
-2.450310	0.207823	-2.876115	-3.091914	-3.402017	-1.204780	0.591976	-2.265517
-3.370313	-0.480278	-4.794689	-2.186146	-0.908952	-0.421989	0.668436	-3.030970
-6.151993	-2.135882	-5.830730	-3.762560	-3.442692	-0.996763	2.134945	-3.773000
-3.127751	-1.257785	-5.571940	-1.893856	-3.333740	-3.302805	1.998601	-2.074009
-0.523886	-1.577789	-4.354022	-4.272135	-4.333698	-1.406413	1.817801	-1.742699
1.827702	-1.367790	0.256924	-0.525300	-3.869368	-0.127591	0.295440	-1.378472
3.641714	-2.047988	0.683295	0.749949	-2.701455	-0.297137	-1.897483	1.192469
3.247050	0.106618	1.340989	3.726311	-0.611459	-0.151153	-0.006372	1.133323
1.064510	-0.924170	1.928405	2.911584	-0.266784	0.668959	1.107269	0.016586
-0.444906	0.597249	2.578841	4.642767	2.355767	1.258800	2.523138	0.785757
-3.000097	-0.432924	1.160295	3.314359	4.166792	0.232768	2.572032	-0.048066
-5.260863	-0.273889	1.699364	2.773458	5.090089	0.877962	1.625047	0.738214
-1.465904	-0.135842	0.204448	2.833864	2.913855	3.843482	2.548880	2.021795
-4.343119	-0.425385	-0.263855	4.322674	3.874686	-0.168773	3.221328	1.216975
-2.815609	-2.192914	-0.390148	0.996487	3.713681	2.242995	5.329989	0.189552
0.452027	1.381470	0.665967	3.029503	5.733438	1.108886	2.630059	1.109424
1.022390	0.854269	1.396489	-0.170281	4.133952	2.887699	3.847635	1.079387
-1.795721	2.601584	-1.042584	-2.992665	1.648723	2.523133	5.259614	-1.442359
-1.235706	0.491916	0.297746	-1.486551	2.804947	3.710588	4.271293	0.004483
-2.591963	-0.123134	0.616577	0.493059	1.255721	1.842361	4.736169	-0.608489
-2.755894	-0.750965	-1.543493	-1.746735	3.243644	1.705653	2.851839	1.232522
-2.929597	-1.027776	-1.832465	-2.115235	1.705012	-0.383037	1.567500	2.986515
-1.589773	-1.667165	-1.872343	-3.047143	1.620123	-0.746211	2.096349	4.019887
-1.135121	-1.861832	-2.583127	-3.186760	1.866775	-0.231169	2.119983	6.583036
-0.043641	-1.501376	-1.372520	-1.517487	3.498165	-0.205413	-0.938301	3.173361
-1.584333	-2.763196	-0.287423	0.584074	2.577590	0.836558	1.999194	4.467358
-3.268197	-1.035591	1.197162	3.751322	4.042149	-0.749359	1.483366	3.443326
-0.647132	-1.762460	0.391132	2.001755	1.196037	-2.195263	-1.001190	1.768963
-2.851439	-0.018801	2.398087	-0.138728	-1.505146	-2.691156	-1.648775	1.229266
-2.001916	0.079685	0.207323	-1.288929	-2.957804	-3.339240	-3.106492	-0.185866
-1.364065	-1.026100	-2.271161	-3.335648	-5.012939	-0.883413	-2.922145	-2.858535
-0.637685	-1.514855	-1.662767	-3.556588	-5.465153	-2.851679	-0.894536	-2.063945
2.196125	0.411521	-4.917397	-3.015550	-2.784349	-1.249237	0.420732	-5.135696
3.203265	-2.477672	-0.856652	-0.660435	-0.336130	-0.883388	2.433456	-3.278891
4.081734	-0.655033	-0.351935	-2.589945	2.595703	-0.785234	4.375534	0.723268
4.330833	-1.713360	0.372753	0.003519	1.139246	-0.171775	2.278361	1.876280
3.106862	-2.050354	0.067309	0.374854	1.634098	0.681987	1.444837	3.845241
0.131021	0.012188	0.982132	-0.869939	4.060656	0.873553	-0.322943	2.377050
-3.563290	-0.372435	-1.106980	0.678236	4.248217	0.141720	-0.072981	0.091606
-1.382370	1.693678	1.333871	3.324079	5.237979	2.183389	0.247921	2.497005
-0.546919	-0.246871	4.235882	3.074788	4.949840	3.516757	4.715359	2.122046
2.193262	-0.685983	5.718854	5.938762	4.769997	2.544725	5.180332	2.716028
3.178075	0.154544	5.194082	3.279299	3.896148	2.019490	3.309135	1.993847
6.404518	-1.409090	8.294066	6.034297	7.000591	2.199953	2.981067	2.892103
4.596492	-2.380283	6.176004	4.810856	4.169224	0.179413	2.100725	4.416592
5.988398	-3.539436	5.293393	4.362573	6.323043	0.818567	1.364106	2.586914
5.927435	-2.123847	4.462132	0.653047	4.347446	3.728116	2.246808	2.560667
2.196004	1.257384	1.044320	0.113677	2.967133	0.269359	0.334227	3.518247
4.690505	-1.663543	1.718154	-1.743440	0.534199	-1.243007	-1.233538	2.025754
2.228537	-0.636526	0.958133	-0.931704	-2.929858	-2.642380	-2.093490	-0.385114
1.551702	0.081435	1.895854	-1.673918	-2.608638	-1.303463	2.273768	-3.257060
2.948898	3.802041	3.555516	3.504918	2.936754	0.250744	2.238033	-1.511184
0.339027	1.344892	4.604917	4.924402	2.781717	4.860139	1.424403	1.393610
-1.585612	3.493089	3.853356	3.845231	2.493549	3.334122	3.752276	0.567321
-4.468518	3.691632	4.079031	5.320706	4.123148	3.549592	2.779149	1.237748
-3.166292	1.599322	4.079539	3.386423	0.826110	2.431448	-0.496581	-1.874612
-1.843933	1.550960	2.514080	1.140883	-0.974265	-0.256712	0.099384	-1.800860
-2.846341	-0.619554	-0.427549	-1.987718	-3.088081	-0.334887	-0.099358	-1.716198
-2.559517	-1.596920	-1.133849	-1.767281	-5.188839	-2.437680	2.686890	-3.006029
-1.644759	-1.716037	-3.076722	-5.030106	-6.559142	0.102509	2.041025	-0.279952
-2.520368	-1.283904	-3.526170	-4.956696	-4.965491	-2.046020	0.922146	0.623828
0.759257	-0.208721	-3.774894	-4.759453	-6.896390	-0.384270	-2.614151	2.629412
-2.007885	0.602913	-3.425296	-0.849877	-2.341840	-1.717241	-1.891467	3.129297
-1.839294	2.930197	-0.590178	0.423230	-1.031143	1.153967	-2.452905	2.906681
-1.358868	3.729033	0.629359	3.231266	0.650399	-0.483149	-2.089867	2.297463
-3.276809	4.012221	0.501614	1.803529	-0.461017	-1.197689	-1.233556	3.625941
-3.199016	3.084161	-0.715217	0.730219	1.637008	-0.468253	-1.588374	1.653913
-2.326289	2.122153	2.303867	-1.131067	-0.995929	-3.407644	-0.857623	-1.437521
-1.613428	3.229399	1.508263	0.054470	-1.189030	-1.235861	-1.992506	-2.052165
-2.320632	5.219498	1.975770	-0.213572	-2.262896	-2.726206	-0.948825	-1.638520
-0.747002	4.169351	0.139686	0.740707	0.271669	3.021520	-4.142881	-4.535086
-0.737738	5.837157	1.445809	2.521204	0.170965	3.617216	-3.154878	-2.743866
-1.987838	3.157019	0.294039	2.651518	-0.470511	4.665582	-0.421518	-0.246162
-1.180004	0.055635	0.240573	3.271047	1.148838	5.064615	-1.306702	-0.277275
-1.793335	-1.342394	1.612611	1.920890	4.079412	3.599016	1.374167	-0.889406
-0.363331	-5.075567	0.550250	1.961745	2.190208	2.271882	3.620686	-0.315757
1.067408	-2.620984	-1.377711	0.548211	-1.593376	-0.594886	2.515855	3.245671
1.933583	-0.943046	-0.781673	-0.844613	-1.947742	-1.066190	1.089370	2.664775
-0.416607	-1.090851	-3.096137	-2.744130	-2.923992	-4.325931	-1.464071	1.351455
0.358938	-0.702800	-1.877106	-3.267940	-2.848228	-1.103609	-3.198269	1.392109
0.829919	0.849808	-3.031480	-1.549045	-0.172152	0.058173	-2.842326	-0.296065
1.317836	-0.298127	-2.060161	-2.447348	1.213235	0.717315	-2.016846	0.436232
3.251189	-2.569105	-2.346350	-0.983748	1.028730	0.930617	-0.567029	-1.669401
3.449678	-1.336925	1.198751	0.590852	-1.707168	0.324776	-0.905578	-3.730666
4.220904	-1.683388	-1.001059	-1.200049	-0.765862	-0.469207	-1.408995	-2.203164
3.481165	-2.083193	0.033419	0.730948	-2.577352	0.471165	0.218218	-2.912397
3.506463	-0.147340	0.340783	1.381141	-2.546142	-0.281107	2.331659	-1.930366
1.841898	0.228572	0.808533	0.733028	0.871867	-0.181326	2.261726	-1.683072
2.898570	2.770141	4.096966	3.329108	0.549174	1.771109	4.199318	0.503983
1.856278	3.763769	4.630182	3.882480	5.086776	1.338895	2.327331	1.383598
1.511123	4.974956	4.468680	4.465942	3.807071	2.597232	1.644066	0.020372
1.327506	4.967901	3.986857	4.316994	3.152159	3.094419	1.597418	2.079203
-0.319774	6.635905	3.798214	4.319132	4.942137	1.615755	3.189788	2.420291
-0.980917	3.236768	4.201648	2.619457	3.044303	3.421339	1.668572	0.094833
-2.906222	1.507190	1.698959	1.307566	0.690356	1.074269	-0.224632	-2.193272
-1.467589	-2.097729	1.160446	0.272459	-3.518906	-2.680955	-1.650524	-2.168624
-1.614719	-2.533789	-1.473793	-3.299967	-1.084685	-1.566735	-3.671507	-0.346825
-0.919010	-0.880490	-4.014059	-4.183111	-4.090483	-2.028470	-5.501682	-0.542076
-0.446063	0.250269	-3.147153	-3.013977	-3.593100	-1.641863	-5.392552	1.125122
-0.645078	-3.430513	-3.094775	-2.678165	-3.999440	-2.310615	-2.921218	0.223867
-1.269255	-0.740536	-5.246528	-4.662376	-6.007403	-0.692326	-3.191881	-1.556641
0.854007	0.269300	-2.753112	-3.469212	-3.526690	-0.087098	-3.901545	-3.896104
2.559208	-0.949304	-0.363628	-0.921474	-1.174105	-2.949931	-4.186209	-4.713923
0.660048	-2.176149	-1.324776	-1.224464	-2.261348	-1.086127	-1.868477	-3.575799
0.110127	0.514565	-2.777359	-0.324882	-2.325921	-1.305387	-2.046049	-3.948733
-1.458054	-0.979661	-3.087677	-1.958731	-1.673825	-0.869211	0.669773	-1.339225
-2.758597	-0.243128	-1.456931	-0.590010	1.411138	-1.264901	3.981286	-2.179378
-3.004299	-1.456036	-2.783422	-0.424122	3.779167	1.811542	2.503790	-2.448993
-1.638563	-1.878285	-3.943051	-2.035768	1.543559	1.561817	3.865283	-0.944669
-0.806086	-1.316674	-4.770019	-2.810248	-0.164886	0.352023	1.837064	3.288992
-0.857469	0.163795	-4.849026	-3.689165	-2.779470	-0.024341	1.574230	0.565288
-0.795011	0.381823	-2.372274	-3.869520	-3.258294	-1.421376	1.625680	-1.846281
1.815586	-0.053189	-0.937563	-0.191212	-1.298360	-0.187582	3.417313	-1.323416
1.267824	-2.102844	-2.599095	-0.130345	0.295330	-0.422662	1.273126	-1.882718
3.301003	-0.808539	-1.295469	-0.946018	0.860376	-1.390316	3.227320	-2.458087
-0.964477	0.720724	-1.569388	-0.682534	-1.078624	-2.517045	2.018792	-1.231426
-1.903416	-2.979255	-1.930351	-0.321592	-1.839071	-2.525751	2.509540	0.277566
-3.904714	-2.402075	-4.538759	-2.408595	-2.771868	-2.696933	2.564564	-0.110412
-2.469171	-1.077438	-3.379114	-4.131044	-5.925614	-1.639394	0.747161	-3.773062
-3.252285	-0.941642	-3.266616	-3.769939	-4.891112	-0.990034	-0.691268	-3.286484
-2.243958	-0.774589	-5.129065	-1.701881	-3.115062	0.826045	-2.183727	-1.831979
-1.398490	-0.237578	-2.393262	1.245627	-1.468966	1.471843	-4.205116	-0.506047
-1.016079	0.020991	-1.510109	3.184387	-0.120626	-1.284641	-1.933737	3.017910
0.775875	-1.312184	0.006995	4.868895	2.130859	-0.711209	-1.065291	3.492091
-0.373429	1.420999	1.540848	1.862852	1.124185	-1.878961	-1.505979	1.742997
-1.550491	-0.739362	1.125551	4.199356	3.017153	0.560102	0.011998	2.886527
-1.896109	-0.645666	3.488801	3.095106	3.754462	-1.160022	0.847838	-0.970421
-0.766485	-0.201614	1.808100	1.527801	0.860609	0.488766	-1.912860	-1.117947
-1.673017	-0.453906	1.013346	2.075441	0.769494	-1.030634	-0.809898	-1.801552
-1.339306	0.342759	0.469439	0.623725	1.615316	0.130977	-0.149576	-2.736835
-2.603951	-0.692021	1.463277	1.081050	5.811273	-1.186803	0.569405	-0.236699
0.182047	-1.021646	1.168662	1.447818	4.782866	0.737925	0.508242	2.456258
-0.233410	-1.060616	-1.613409	0.770126	5.106892	1.720062	2.735836	3.333433
-1.849623	-2.531031	-0.069735	0.949474	3.987950	1.371704	-0.020515	5.065827
0.154708	-1.990991	2.441683	-0.463639	2.449641	0.658053	-1.637313	2.929239
2.389884	1.297702	2.387745	1.917987	1.283062	-1.480095	0.349142	1.399269
1.775905	2.412150	3.699149	2.555250	1.808714	-0.942238	-0.626851	-1.571685
1.237870	0.316551	0.564297	1.580849	0.518394	1.410821	0.054006	-0.857022
-2.407719	0.277206	2.418087	-0.300016	0.894402	4.508582	0.696313	-1.892242
-3.094663	-1.585387	-0.190482	2.513755	1.863438	2.170444	4.729769	0.888953
-1.719261	-1.567927	-0.482908	1.026860	4.823501	2.533205	5.356472	0.896164
-2.337713	-1.336515	-0.957794	-1.314502	5.909489	2.183566	3.754222	1.833890
-0.074419	-2.488250	-2.643738	-1.156730	3.708402	0.737924	2.513718	1.679331
-0.112879	-4.062535	-2.176343	-3.829827	0.986539	-0.057020	4.442758	0.142885
-2.559193	-0.705268	-3.191307	-6.022291	0.550800	-1.651669	3.975842	-1.322645
-1.700859	2.624550	-2.966931	-2.750725	-1.262316	-1.091222	0.957070	0.844738
-1.276379	3.943018	-0.331615	-1.316028	-1.626010	-1.806581	-1.934161	2.369334
-1.834252	4.800336	1.060939	-0.386501	-1.534983	-2.234646	-0.107450	1.794544
-2.557278	6.264104	2.479633	-0.349445	-0.627534	-0.260419	-2.771699	3.661167
-0.809056	6.331320	0.610265	0.155239	-0.581365	1.900201	-3.285509	3.578503
0.133414	4.928886	-1.660463	-0.350048	-2.429276	3.229910	-2.525579	2.439452
-1.175468	4.219700	1.281846	1.044593	-1.304867	3.026010	-0.067111	2.483514
-1.658502	5.339062	-0.842306	-0.632439	-2.829340	0.537099	-2.760106	-0.634112
-1.229388	3.783971	1.345680	-0.775345	-0.575694	0.320077	-1.802064	-1.444625
-1.510725	4.970827	2.285903	-0.925124	-0.617529	0.096542	-2.336986	-2.179826
-1.229613	4.268330	1.333965	-0.365778	-0.980247	2.602394	-2.968972	-4.548515
-0.188452	3.962478	2.633464	-1.578705	-2.083448	2.007932	1.216576	-1.981991
1.370658	3.186873	1.426100	-0.790008	0.672568	1.772354	-0.039742	1.130646
4.070718	0.914712	-0.001226	-0.554086	1.914001	1.057262	0.885074	1.011095
4.369128	-0.342004	-0.019815	-1.038340	0.275051	2.039353	0.890522	0.594756
5.830888	-2.388676	-0.253766	2.073731	-0.282083	2.809226	-1.144097	-0.299070
4.528498	1.517996	1.134220	2.218125	2.350899	0.340082	2.094516	-1.156784
3.513159	3.217111	-0.413257	2.718243	1.709297	1.585920	-2.992640	0.926515
2.846370	3.041568	2.617603	4.974284	4.121011	1.193338	0.401435	0.595628
2.988433	-0.433832	2.573900	0.555949	3.219240	0.703536	2.171840	0.715853
3.161247	0.203409	2.095735	-0.175464	4.584985	1.721714	1.170075	1.723092
4.277312	-0.729009	0.672606	0.969646	2.405646	1.593770	2.535139	0.505144
4.017129	-1.261487	2.039216	-2.773421	0.124922	-0.172195	0.321933	-1.616889
2.003499	-1.581325	0.216062	-0.546966	0.109614	-2.017384	-1.116645	-3.286209
-1.169080	-2.729924	-2.445154	-2.971989	-3.771178	0.509105	-4.311295	-3.697514
-1.839406	-0.153684	-2.707032	-3.028589	-4.771555	2.458370	-3.060816	-4.000405
-3.136179	-1.579006	2.373627	-2.438467	-3.523916	3.660110	-3.530110	-0.091380
-3.007499	-2.468690	2.676424	0.151177	-1.874661	2.197425	-2.045676	0.982160
-1.815565	-1.902138	4.509059	1.460443	-1.001490	2.049615	-0.288616	2.120715
-1.818178	-0.865249	2.031733	0.839032	1.174098	-1.277221	0.763772	0.987688
-0.513037	-0.307025	2.381244	0.070243	1.102303	-1.867584	-0.031614	-0.494523
1.587958	0.344635	2.360294	1.721076	-3.463976	0.034326	-0.301674	-3.386117
3.625008	3.956529	2.887283	-0.157368	0.578263	-2.924691	-1.396507	0.566707
4.102412	3.276456	3.264711	-0.384390	-0.736680	-1.316637	-2.657014	1.696249
4.097672	0.994617	3.381878	0.668611	-1.991706	-0.336611	0.329104	3.841510
3.376786	-0.140590	1.190784	0.197734	-1.083713	-2.348214	2.399349	2.908790
3.826457	-0.954665	0.014331	0.167081	-2.140901	-0.054947	1.717319	2.863790
3.215583	-1.721308	0.702317	-0.075149	-1.309870	-1.128609	1.796715	2.354311
-0.031235	-1.537622	-1.217956	-0.342656	-2.470718	-0.855102	-0.362664	-1.611346
-3.632696	-0.679805	-3.363589	-2.222939	-1.455447	-0.105325	-3.262517	-2.308882
-4.134300	-3.069060	-3.207980	-1.315298	-5.708854	-0.270079	-4.994645	-0.179795
-0.485147	1.236315	-3.729330	-2.318733	-4.634540	-0.475264	-3.871547	-5.276185
3.202963	2.634516	-0.783539	-0.834243	-1.441603	-0.700981	-4.418223	-2.500951
3.915931	2.255945	-1.117505	-1.151328	-2.860943	2.532671	-1.950074	-2.906992
2.211556	-0.516500	-2.222928	-0.715789	-1.691660	0.424490	0.061400	-0.638207
-0.040759	-0.722419	-1.213909	-2.789923	-2.318353	2.615377	1.315201	-2.790496
-1.096317	-2.296014	-1.299846	-3.303631	-2.972220	-1.587869	-1.695973	-1.683758
-2.501815	-1.203584	-3.406239	-3.107013	-4.083961	-0.028948	-0.084621	-4.516491
-2.937554	-3.249831	-3.839188	-2.013567	-1.987575	-0.724859	-2.764242	-2.710895
-2.865833	-1.635755	-3.846492	-4.219994	-5.043862	-3.407404	-2.728437	-2.366669
-2.698753	-2.438658	-4.460750	-1.145694	-3.358221	-3.862483	-4.374606	-1.385913
-0.974312	-2.430739	-5.202163	-2.186764	-3.584449	-1.918795	-2.891348	-1.677724
0.114089	-1.306400	-4.168630	-1.688206	-2.611448	-2.908540	-1.004063	-2.008903
-0.941149	-0.157242	-4.708149	-3.442218	-7.265215	-1.650419	1.633149	-2.602848
-1.356225	-0.834465	-3.213321	-3.075099	-1.462149	-1.868332	-1.437611	-3.190958
-1.574040	0.906231	-1.781345	-3.709050	-2.693551	-2.089179	-1.050644	-1.778332
-1.976293	-1.360757	-3.585720	-4.039369	-5.435118	-2.673060	1.232451	-1.376170
-2.364784	-2.323128	-3.824645	-1.883856	-3.812549	-1.600675	0.805175	-2.110269
-0.516612	-0.185084	-2.494321	0.137390	-1.279243	-2.104724	4.007727	0.307970
0.043323	-1.568724	-3.025847	0.270469	-0.525500	-3.323407	3.845409	-1.553150
-1.438779	-1.857051	-0.793021	1.486883	-2.036818	-1.440623	2.973220	-1.380028
-1.875817	-1.408464	-1.033443	-1.041769	-2.022696	-1.608474	1.468360	-2.644865
0.012709	-0.287665	-2.542413	-1.016984	-1.835432	-1.093658	-0.462669	-4.404257
-0.554501	-2.071655	-3.995929	-2.088363	-2.582226	-3.798876	-3.085567	-1.588405
-0.294146	-0.561034	-1.369391	-0.053405	-3.009976	-3.560628	-2.581235	-1.615907
3.886975	-2.566503	0.482301	0.241092	-0.095680	-3.131513	-1.793671	-0.649361
1.336361	-0.126363	1.948549	0.303627	2.778461	-1.371331	1.005626	-1.372667
1.100613	-1.748315	2.687752	-0.296897	3.390451	0.223518	0.866154	0.011476
-0.003569	0.521040	2.799513	1.628619	5.815390	1.232034	4.198816	0.884571
-2.121084	-3.188698	1.108032	3.236077	3.185079	1.414517	1.528611	2.854218
-1.551132	-0.553830	4.630509	-0.370622	3.031520	0.991067	-0.855460	2.586819
-3.804513	-1.546758	5.028445	0.883122	2.143214	-0.069214	-0.922497	1.991575
-3.952626	0.389418	3.026742	4.034310	2.915563	-2.749228	1.381402	0.847587
-2.696671	-2.235803	4.175599	4.662144	2.623669	2.287727	4.445436	-0.260143
-1.994847	-3.022222	3.813918	5.539225	5.769932	2.676450	4.306607	2.109686
-1.739953	-1.864939	5.743700	2.630453	4.658254	3.022143	3.479014	2.221375
-0.005291	-1.429257	2.123346	1.920929	2.569436	0.706705	-0.435141	0.287326
-1.477659	-1.177074	1.715955	-1.854645	1.515381	-1.250764	1.376042	-1.831161
-0.511856	0.498106	-1.295569	-3.488569	-3.294310	-1.224762	-3.228337	-2.994082
-1.606183	0.145285	-3.295428	-2.603041	-6.693637	-3.370690	-4.882476	-2.626738
0.210661	3.756560	-1.764420	-0.392560	-7.984896	-4.189147	-3.747975	-2.739626
1.114677	2.881431	-2.072143	2.717474	-2.028887	-2.499233	-2.133934	-0.707145
0.991564	3.712498	0.113702	2.405463	1.071491	0.589253	-2.665251	-0.757694
0.009224	0.222458	1.706018	-0.627291	1.509842	-0.342189	-3.989927	-0.589772
-1.544443	0.722212	-3.811896	-0.577989	-1.799235	-0.618558	-3.338360	1.150424
-0.589938	3.827357	-0.680838	-0.999729	-3.333737	-2.942154	-3.255850	-1.140005
-0.243259	2.667095	-1.952607	-1.019709	-3.452063	-1.607077	-1.173796	-1.911459
2.177494	6.083022	1.085397	-0.403028	-2.393111	-1.064825	-2.824397	-2.576635
3.147122	3.459240	2.099777	0.926314	1.575321	0.466502	-1.028552	-3.265432
3.027324	6.694846	2.602832	-0.452281	0.004934	-1.828896	-1.530562	-2.460048
-1.278898	6.919039	0.335064	-0.808812	1.902630	0.306081	-0.252725	-1.319983
-0.497445	5.690720	0.989174	0.410823	3.114410	0.532636	-0.036840	-0.627234
-1.734516	5.481786	-0.165638	0.064324	2.689076	-0.010833	0.739193	2.207801
-2.366010	7.361338	0.465131	-1.237108	2.818130	0.536076	-0.847625	4.359821
-3.440027	3.973073	0.777180	-0.261970	-1.040127	0.321663	-0.275494	3.806730
-1.451567	1.421492	-2.046989	-1.856562	-2.642692	-1.285971	-2.681512	1.510928
-0.024329	-0.446007	0.270826	1.545918	-3.141565	-1.233225	-3.497178	3.553317
-0.961613	-2.244224	0.000324	-1.922030	-2.980043	0.035901	-2.329493	0.538998
0.210182	-3.493561	-2.402293	-0.711704	-1.286326	-0.964192	-2.062655	-1.679527
0.378656	-1.244619	-3.502823	-1.121403	1.103889	1.503696	1.136736	-1.335456
0.864909	-1.053398	-3.127966	-0.589625	2.635103	-1.299134	1.468581	-0.317388
2.059743	-0.567799	-1.748021	-2.220770	1.813719	-2.163480	1.437682	-2.075822
-1.929143	-0.776023	-1.085186	-2.394035	0.567336	-1.714443	-2.592462	-1.182656
-0.311648	-1.452471	-0.467861	-1.057520	-3.081742	-3.367721	-2.599150	-2.087189
-2.659972	0.250456	-0.450044	-0.510724	-2.863914	-2.314714	-3.680480	-2.208119
-2.141614	-0.036644	1.248265	0.051055	-3.028079	-1.247422	-3.751253	0.610955
-2.819274	-2.709369	-1.689132	-1.647181	-1.222535	-0.663643	-2.181267	1.073135
-2.134951	-2.074223	-3.614833	-1.094832	-2.748481	-1.925476	-1.685421	-1.245178
-0.960145	0.480095	-1.839039	-3.000897	-3.393114	-2.694222	-0.721015	-1.056482
1.927344	0.758883	-0.575848	0.368727	-0.179434	-0.762678	3.320151	0.712223
2.932517	-1.748159	1.717341	3.890940	3.971761	-0.194145	2.800079	0.806540
2.004475	-1.628632	0.445430	1.339343	3.929573	1.494378	4.076470	0.540870
2.018917	-3.129437	1.578819	1.091639	2.816504	2.460793	5.291923	-0.166286
1.296945	-0.169475	2.364309	1.277327	4.656054	2.741300	5.456141	-0.880026
-2.644142	-0.243947	3.408802	0.104010	3.788525	1.850499	3.597023	1.962450
-2.440542	-3.466353	1.129099	0.885189	3.602919	3.190592	1.833670	1.336745
-1.147356	-1.872796	-1.467199	-2.797636	2.454637	1.324579	0.906282	2.196959
-3.504383	-0.321374	-0.534092	-2.931562	-0.736819	-0.702238	-2.980838	2.367895
0.779177	-1.536090	-2.568377	-2.587988	-4.267248	-1.841159	-1.368091	4.342053
4.178025	0.104756	-2.399455	-2.057714	-3.147049	-2.795684	-1.365276	3.536034
3.062362	-0.118137	1.595777	3.002762	-1.695820	2.555589	-3.470193	1.525240
5.316687	-0.114470	1.058219	4.085242	0.870940	2.699560	-1.407140	0.154372
6.251801	-1.018943	2.839672	5.050626	1.851432	4.722831	2.295282	0.112732
6.226205	-2.226458	3.001238	3.644716	1.901659	4.468602	5.347476	3.512120
4.073699	-0.958315	0.997317	4.370213	3.933320	2.835173	4.440741	3.626538
4.459683	-0.553316	3.683811	3.409019	3.155418	3.741147	4.262877	2.605987
1.666157	-0.632860	2.801620	0.908233	5.108353	1.723022	6.562586	-0.395932
2.047524	-1.092548	0.012146	-0.708541	3.319527	3.096302	2.346069	0.541382
1.489981	0.069417	-2.752310	-1.302704	3.557841	3.603085	0.235925	0.497130
-2.366269	0.859537	-3.019447	-3.828754	1.012396	2.668473	-2.221045	-2.878285
-1.960727	-1.143091	-3.825164	-1.623089	-0.491507	-0.361133	-2.231839	-1.817665
-4.770992	-1.375867	-5.004061	-3.543809	0.576433	-0.238033	2.246342	-1.379306
-2.846964	-0.930291	-3.980036	-2.047213	-0.902482	0.581175	3.166099	0.088891
-1.937743	1.916636	-3.316888	-2.109098	3.371448	0.745191	3.411832	-0.266272
-1.723427	0.537112	-5.760616	-2.510565	3.115225	-1.307484	3.190943	-0.449695
-1.512417	-1.101362	-5.775519	-3.640812	1.071549	-0.146549	-0.548268	-0.932576
-2.228812	-0.903388	-2.918896	-4.575738	0.404521	-1.273704	0.108899	-2.041014
-1.761012	-1.150267	-2.156246	-2.475042	-1.038857	-2.528448	-1.426655	-1.304309
-0.467616	-1.389398	-3.828569	-4.226522	-3.169085	-0.714979	-2.357430	-2.264259
3.346975	1.079117	-1.899663	-1.767978	-1.661663	-2.136097	-3.609426	-0.545664
0.720963	3.896077	1.662873	0.730791	0.291012	-1.320302	-2.408241	0.449777
4.718148	5.213482	0.512140	0.327187	0.457539	-0.409893	0.054125	3.707565
5.491029	3.813731	2.328438	3.394310	2.040519	-0.476968	1.076572	2.955900
3.825009	0.870924	1.749669	5.307261	3.148953	0.250372	-0.658800	1.700684
3.654985	-0.506440	5.337333	5.005042	1.896142	-1.496271	0.080310	2.970517
0.694561	-0.496162	4.245531	2.503054	1.606587	-0.774396	-0.389697	2.388100
-0.737266	0.339557	3.643665	0.665497	0.576387	-0.317503	-0.165021	4.121734
-3.760993	-1.272782	2.453634	-0.152628	2.045044	-0.497092	-0.935162	4.074618
-4.520322	-2.235882	1.636641	4.030781	3.499958	-1.570761	1.378380	3.295755
-3.198650	0.373158	1.000085	5.058523	2.978729	1.989690	1.651606	4.256443
-1.796779	-2.195462	-0.795633	4.440201	4.468659	0.860862	1.685716	4.664685
-0.718308	-1.305645	-0.270511	2.217515	1.066147	-0.382944	-1.373389	4.929980
-1.608936	-0.336289	0.712951	0.177465	-2.056307	-2.295428	-1.143209	2.596429
-1.857863	-2.141996	0.519553	-2.676747	-4.280601	-2.534389	-2.012843	4.402632
-2.948788	-0.532267	-2.498803	-4.369520	-3.460336	-0.442827	-3.738393	3.274589
-3.024212	-2.873001	-3.599216	-5.396054	-1.400411	0.380960	-1.265956	0.732802
-1.623835	-1.999900	-3.206587	-3.173648	-2.391926	0.592071	0.373066	-0.456429
-1.361255	0.629736	-1.642314	0.950599	0.356419	0.679608	0.905275	-0.609105
-0.824572	2.009707	-0.928496	3.817887	4.124825	1.703371	1.102570	-0.101524
-0.970987	2.355712	1.023366	3.519117	2.737790	0.148461	2.328752	0.428912
-0.254098	1.870251	4.103675	3.812591	1.558017	-0.842422	0.202821	1.068006
1.306694	0.225223	4.486129	1.239108	2.284003	2.274723	-1.873623	-1.011844
1.559490	-2.226973	3.867431	0.356569	1.145851	2.611397	0.430821	1.104763
3.305590	-0.273037	6.425680	0.209176	-0.243541	4.242099	-2.717848	-1.564573
2.792194	0.150831	4.459777	2.361028	-0.202473	2.023232	2.200271	-1.769452
2.381303	-0.385070	0.829323	2.050726	-0.448245	3.525994	4.001477	-1.470974
1.065417	-2.518640	2.932418	-0.943929	0.032144	5.066587	3.765572	-1.814238
-0.905764	-1.511080	1.625063	0.358063	1.768992	2.338811	3.204754	1.312355
-0.549739	-1.156389	3.509257	1.003502	2.657601	3.501866	4.077125	0.982705
-0.367608	-0.791870	3.021903	2.144891	1.760768	3.002054	3.317384	1.773913
-1.148672	-2.703121	3.433400	1.879428	0.922295	0.767374	4.122732	2.311377
-1.038229	-0.848643	3.867048	1.371714	0.669280	0.152628	4.317968	0.966798
-0.810279	-0.975737	1.014648	0.996850	-0.749376	0.032215	2.996393	0.931376
-3.122222	-1.148003	1.062800	-1.120365	-2.379574	-3.923964	4.740906	-0.970590
-0.459559	-0.777141	0.100406	-2.039928	-4.707015	-4.416908	1.419708	-2.324599
-2.195287	-3.545952	0.499464	-0.512641	-1.774899	-1.775418	-1.122502	-3.432553
-1.079909	-1.591535	1.439376	3.018698	2.655274	-1.988192	-0.775622	-0.968051
-2.074522	-1.006792	2.421641	3.685188	4.775902	2.635169	0.007546	0.677107
2.516073	-0.891422	5.575860	4.392929	5.146186	2.563267	2.000402	2.812919
3.471577	-3.049026	4.542134	4.008023	7.414024	2.802401	0.942848	2.320886
5.581389	-0.747405	4.019862	3.504470	4.406716	3.746171	0.851982	1.432407
3.059411	-0.370157	1.582245	3.709069	0.262161	1.824179	-1.344695	-2.093519
3.019641	-0.432484	2.871382	0.594520	-0.465442	1.482024	-0.922684	-2.717991
2.030781	-0.924186	0.757575	3.986825	1.850707	1.302908	-2.983383	-1.253211
2.189531	-2.046464	1.352123	3.537783	2.471107	4.139929	-0.718395	0.223221
4.396991	-2.315916	1.576026	3.067194	1.068457	4.390489	-0.085817	-1.628396
3.732161	-1.685044	1.937685	-0.122742	4.116655	2.835988	0.647949	1.277238
3.909841	-0.597247	-0.567501	-0.441824	3.195402	0.646525	0.476803	-0.608178
2.856332	-0.726626	-1.904131	-0.105653	2.891095	1.008302	-0.880355	1.978855
0.422234	-1.843681	-1.268506	-2.756728	2.611835	0.255619	1.747676	2.381637
-2.970352	-0.307413	-3.670724	-1.382450	2.132819	-0.593024	-0.992605	-0.256034
-2.258928	0.814379	-2.871088	-4.462317	1.054448	-1.797228	1.433102	-0.010957
1.088909	-0.359505	-4.232495	-2.295932	-1.818981	0.032309	0.626197	-1.636935
3.296757	-0.045965	-1.752647	-0.165393	-1.433668	-0.943013	-0.347220	-3.193867
4.625018	-0.461303	-2.075144	-0.742100	-2.023414	-2.438495	-1.908950	-2.174856
5.496091	-2.220417	-0.116385	1.524946	2.364578	-1.581536	0.295209	-0.123800
2.583077	-0.199608	2.685929	1.396745	2.019109	-0.455935	0.144655	0.166397
0.929276	-1.076976	1.742098	3.345797	2.144077	1.367407	-0.093512	0.245137
-1.653012	-1.562821	2.012022	2.594102	1.587880	-1.133309	-0.726391	-1.031984
-4.416387	-0.649743	0.469901	1.140759	0.780518	0.028516	-1.075284	-1.838665
-3.640248	-0.060443	-0.880365	-2.197131	-1.775812	-1.075717	-4.000589	0.316492
-2.139895	-1.127019	-2.403277	-3.171068	-3.824710	-1.952308	-2.901007	0.033186
-2.687728	-2.800373	-4.619535	-5.273854	-5.215578	-2.741156	-4.793238	1.949216
-0.776146	-0.461004	-3.505339	-3.810388	-3.916417	-2.941762	-2.794682	0.380781
-2.149850	-0.639512	-1.611890	-1.293771	-3.915229	-2.630726	-4.020740	1.012479
-1.287239	-0.847698	-0.493687	1.380998	-0.264015	-1.249847	-1.113412	0.688310
-2.261712	-1.892860	2.383268	2.995617	0.459923	-0.710325	-1.046397	-1.718728
-1.015670	-0.522400	-0.047823	1.809986	1.461484	-0.800561	-1.549696	-1.373436
-0.711712	1.089582	2.877437	1.289206	-0.105634	-0.056153	-0.423108	-1.605816
-1.130738	5.100888	2.696949	1.608375	-0.741832	-1.246202	-0.156535	0.306231
-1.566248	6.237016	4.982012	2.089793	2.250089	-1.515309	-0.634076	3.035804
-2.643141	4.840768	5.107026	3.301759	1.812325	-1.987672	-1.717731	2.127602
-0.286617	4.879942	2.772691	0.389174	1.008077	-0.674791	-1.398800	1.366222
-0.947276	4.180439	3.682505	-1.386663	-0.665158	-1.876967	-1.374284	-0.502536
-1.277017	1.051660	0.905469	0.366846	-1.767682	-2.071900	-1.637483	1.355326
-1.871540	-0.822697	-0.916218	-3.262098	-4.164395	-1.500389	-1.056296	0.867707
3.363054	-1.686230	0.391544	-2.526995	-2.960700	-2.522135	-1.990723	1.874504
3.538268	-2.079840	-1.250247	0.121153	-4.365398	-1.749036	-0.512366	3.564418
1.592200	0.879174	-1.441090	-0.422155	-1.437492	-2.717794	-1.925423	1.488745
2.483051	-0.951589	-1.649987	-1.433718	-0.886383	-0.267908	-1.542996	2.526684
-0.915678	-1.575928	-2.488138	-0.952837	-1.220472	-2.886479	-1.995183	1.660135
-2.713387	1.986056	-2.112543	-0.679514	-2.385461	-0.695005	-1.306985	0.840594
-4.583877	2.949665	-2.641004	-0.393648	0.530348	-2.145987	0.561897	3.073961
-4.051045	1.507098	-2.254020	-2.707640	-3.440248	-0.424426	-0.967635	2.669034
-3.072693	1.010554	-1.800393	-3.403192	-3.677349	0.727880	-0.874483	1.734911
0.511681	2.588635	-1.407723	-1.715303	-1.944657	1.995830	-0.641846	2.142390
-0.111524	2.872741	0.464989	-1.639775	-0.596575	4.187524	-0.680724	0.515670
0.330593	1.836571	-0.767758	-0.451108	-2.006903	0.625963	-1.576418	-1.763050
-1.065867	1.980526	-1.795464	-1.665104	-3.919845	2.214846	-0.517027	-2.715774
-0.211204	-1.092795	0.147969	-1.571662	-2.718701	1.147873	-2.275250	-3.312102
1.999682	-1.252290	-0.355058	-1.727684	-1.288574	-1.101656	-1.731189	-4.144837
4.384292	-0.485060	-0.109847	1.010830	-2.200165	-0.641340	-2.897843	-2.152779
3.014226	-2.076904	-0.277598	-0.453522	-2.539976	-0.242480	-2.524413	-0.369832
4.704585	-1.300823	1.217587	2.172460	0.172391	-0.587175	-2.414697	2.314904
3.288269	-1.595416	-0.775092	2.068875	0.796433	-0.752725	0.482804	1.437826
-0.898921	-2.078684	1.587464	4.715123	0.206751	-0.858531	0.174290	1.729232
-0.395885	-1.486725	3.295954	4.304101	3.272941	0.982308	2.174662	-0.760779
0.764877	0.013860	1.325077	2.853909	4.768901	0.467592	2.321418	-1.331609
1.504566	-0.480628	3.077033	3.055747	0.653830	-1.019879	-0.138139	0.718040
3.089784	-0.064590	1.640520	1.232614	0.276727	0.571194	-0.822012	-1.740935
0.182129	-1.525325	0.947438	2.801607	0.432888	-1.767587	-1.483798	-0.297534
-0.421597	-0.096933	1.791386	2.620028	-0.161787	-0.500323	-0.660498	1.396139
-3.919094	-0.870114	0.122563	2.417373	1.171099	-0.235414	-2.272412	-1.679516
-5.496461	-0.975367	-1.218133	-1.276856	1.018846	1.184040	-1.119839	0.534997
-3.198297	-1.443493	-1.914801	-0.786263	2.059750	-0.110561	0.967820	2.347478
-2.978602	-0.326292	-2.817844	-1.646746	1.424610	1.485484	1.598965	1.506924
-1.619676	-0.940262	-3.304861	-2.835508	-0.012275	-0.432425	2.303699	1.532834
0.273483	-1.077704	-1.919554	-2.724050	-2.333308	1.281411	5.315019	0.419504
1.711474	-2.350518	-1.041025	-2.197672	-1.726289	0.653193	3.123027	-1.177966
-0.202800	-1.816404	-1.743872	-2.726976	-4.605822	0.311421	2.013023	-4.095579
-1.381941	-1.963360	-3.859099	-3.457562	-5.704007	2.692396	2.234108	-2.717837
-1.815946	-1.425689	-2.921505	2.419268	-0.816947	3.215516	2.125281	-2.955042
-2.296916	-0.104488	1.443808	1.997113	0.742057	2.810983	1.645143	-2.984895
-3.872950	-1.665458	-0.948361	2.498372	2.015004	3.299996	0.306594	-0.434199
-3.639846	3.209501	-0.293712	0.263145	0.248391	-0.097944	-0.919564	-0.398057
-1.511505	2.453189	-1.716547	0.537429	-0.013683	-1.588438	-2.073133	-2.940268
-2.795825	0.356107	-1.537867	-1.260375	-0.740620	-3.816784	0.900289	-2.230537
-1.820405	1.218055	-0.375373	-4.922270	-2.963122	-2.040483	1.695403	-2.767065
-1.938245	-1.033067	-2.317865	-3.249157	-4.267889	-1.678934	1.194407	-3.931253
-2.360744	-0.159760	-3.476244	-2.755335	-5.586524	-2.575038	-1.065696	-2.129005
-0.685302	-1.570322	-3.848513	-3.138308	-3.496928	-0.144895	-0.839207	-2.965221
-1.309716	-2.005355	-2.481471	-1.095075	-1.663803	1.036497	0.548176	-3.318805
-2.429887	1.339544	-5.270619	1.783463	-0.976150	1.407937	1.729152	-1.845458
-4.296314	0.309272	-1.865760	-0.643797	-2.269871	0.652426	3.287322	-2.924581
-2.333695	1.399231	-3.526493	0.115645	-1.225568	-0.269936	3.842187	-3.178478
1.689970	-2.029079	-2.589419	0.190788	-2.520041	-1.306050	0.825547	-2.245549
2.839882	-2.233559	-3.189041	-1.039170	-2.570392	-2.705714	3.808403	-4.060698
0.405543	-1.932408	-1.557058	-1.508529	-4.577023	-2.143029	3.955756	-3.063626
-0.212348	-0.907526	-1.646371	-1.251791	-1.588635	-0.004793	2.100407	-0.979535
2.085512	-2.251313	-1.329283	-2.171756	1.764970	-1.572308	0.240055	1.812673
1.552822	-1.526869	-0.908093	-3.337627	3.724992	2.092428	1.530902	0.981596
3.289385	-1.902694	-0.953602	0.014597	2.657829	2.424915	0.993748	1.584432
4.435701	0.136011	2.343688	-0.924887	5.881479	3.615853	1.998094	1.430479
4.420272	1.361948	2.912976	0.941120	2.310842	4.746843	0.205341	3.427935
4.129097	1.954016	2.729562	2.024218	3.222515	4.380185	1.419290	2.043898
4.113179	3.662115	5.374445	2.324905	1.845699	2.388678	2.081841	3.415467
2.365019	3.826045	5.543023	4.337580	0.762391	2.760525	-0.213304	2.564438
3.827417	6.082806	5.170195	0.693142	-1.818509	0.592524	-2.170845	1.460010
2.044575	0.458298	0.843262	-0.419510	-2.826803	2.392377	-2.272882	-0.002018
2.952694	2.140721	1.864821	0.109823	-3.703591	0.528184	-2.405012	-1.713248
1.983875	-1.711925	1.113372	-1.702661	-2.624875	0.334945	-2.478636	-4.568383
1.284620	-0.678340	0.436014	-0.455463	1.471044	0.479861	-3.412452	-1.248125
4.696729	-2.222225	0.767845	1.101116	1.830665	0.249332	-0.372360	0.130225
2.809104	-2.393579	2.762267	1.096675	5.910588	1.197558	0.385942	0.006465
3.264346	2.292698	3.152376	1.706114	5.608611	3.288641	-0.602746	-0.532306
3.950357	6.164905	4.290173	1.878330	4.204333	4.403080	1.369678	1.248808
2.046937	6.413042	3.304956	3.508122	2.835754	1.923776	1.985414	1.619207
4.542388	5.460609	2.610525	1.889490	2.631873	0.442030	1.422964	0.273788
4.149111	4.680007	5.080078	3.807633	1.988489	0.509742	2.428729	0.364150
3.774609	1.524834	5.232416	2.134548	0.336701	-1.313587	3.643708	2.280491
4.239881	0.994190	4.005937	3.449036	0.137608	-0.067758	0.778205	-0.706890
1.433329	-2.268524	3.724540	1.424495	-1.024890	-0.515368	-0.774481	-1.033596
-0.145544	-0.826409	2.701124	-0.881377	-2.212494	-2.080918	-1.208448	-2.571729
-1.464938	-1.855465	0.054690	-2.372280	-1.959104	-1.081008	-2.916994	-3.877389
-2.979552	-1.098892	0.155035	-4.385015	-4.265822	-1.920635	-3.905720	-3.345479
-4.400083	-2.595691	-4.577140	-2.711683	-3.441147	-2.199401	-0.557124	-3.337300
-2.791331	-0.396762	-3.143937	-4.022086	-2.460081	-4.304304	1.096796	-2.049254
-2.279494	-0.963405	-4.999456	-3.404625	-3.398723	-1.912944	2.789541	-2.935643
0.792331	-0.603121	-5.276898	-2.319100	-3.515975	-1.969820	1.322211	-3.371568
2.596543	-1.794209	-2.516264	-1.343613	-3.040236	-2.311132	1.643708	-1.964530
4.950245	-3.115871	-0.824554	-0.626864	-2.169207	-2.107278	-1.034566	-2.747532
3.631638	-1.137107	0.523730	0.144944	1.985812	-1.544959	-0.534711	-0.013176
2.422724	-1.543616	0.157290	-0.004088	3.098720	0.408028	-2.324025	0.885439
-0.992095	-1.567400	-2.492978	-2.739763	-0.092583	0.274381	-2.857507	1.751709
-3.230218	-2.202259	-3.187272	-3.495080	-0.032397	-2.428998	-2.988855	0.632134
-4.037144	0.215207	-1.327594	-1.490441	-1.892822	-1.428008	-3.673569	2.735912
-5.004670	-3.056603	-2.311944	1.481853	3.512842	-0.594049	-0.310747	5.509841
-2.943195	-0.786389	-1.965322	1.459201	3.420694	0.718980	2.161612	3.528020
-2.525918	0.093348	-2.753530	0.362801	2.795734	1.143280	3.664910	4.099849
-1.626836	-1.458392	-1.702568	-1.575246	3.015763	3.671051	2.961748	4.666524
-2.236048	-2.473810	-3.034037	-2.386942	5.335079	2.133294	2.239727	1.937245
-3.119052	-1.581306	-3.229636	-1.986488	3.570785	2.761111	1.779648	1.379911
-1.424947	-3.005782	-1.727766	-0.189685	3.432778	2.150001	2.730914	-1.650880
1.707970	0.044563	2.552471	4.574167	3.511060	1.314665	2.312926	1.072771
1.335200	-2.059572	2.724176	4.750665	4.446931	2.263605	0.942884	0.872063
4.413144	-2.173387	4.860048	7.046610	3.941291	0.902421	1.407490	4.830395
3.896106	-0.650385	6.328187	5.710200	1.688840	1.327814	3.112146	5.029564
4.848385	-1.885064	5.255992	3.807635	2.083878	0.069985	2.700354	3.344471
1.336285	-1.738226	2.506264	3.278913	0.758405	0.385834	1.129414	2.695613
-0.051793	-0.486072	3.368100	0.351434	-2.577677	-1.689838	-2.134573	-0.557310
-4.113347	-2.080002	0.284902	-2.891003	-4.845569	-0.672430	-2.761603	-1.603000
-5.190675	-1.487017	-2.329831	-6.892000	-5.283571	-1.885641	-3.228677	-3.803857
-4.553276	-2.401518	-3.470300	-3.632856	-3.956181	-1.841870	-3.838892	-2.415282
0.610153	-0.114706	-3.425005	-0.995474	-0.426800	-2.699416	-1.672048	-1.897477
2.240813	-2.277181	-3.861445	-2.577553	1.215573	-1.732979	-0.266242	-0.303843
3.304107	-0.678744	-1.622122	0.811806	1.634639	1.267642	-0.479374	-0.097981
1.527136	2.400503	-1.598136	-1.451999	1.079598	-2.287552	-1.134341	1.846009
-1.754098	3.663660	-0.389387	-1.539868	1.344851	-1.767960	-0.223942	0.574625
-1.478593	5.638327	-0.672275	-0.657702	-2.074702	0.765620	0.037724	0.226166
-4.024647	3.921302	1.117500	0.229498	-1.317759	-0.890913	2.153359	1.110232
-3.164857	5.085983	1.486037	-0.029868	-1.909921	-0.791158	-0.614436	2.847222
-1.583123	4.241771	1.021936	2.066299	-1.230386	-1.663813	-2.245359	0.613035
-2.930942	3.866965	2.788098	4.932797	1.573346	-0.127978	-1.717009	1.441369
-2.141813	2.502162	1.042122	2.650827	0.824776	-1.415451	-2.056084	-0.349875
