X1	X2	X3	X4	X5	X6	X7	X8
-2.148181	-1.590189	-4.413034	-3.552700	-1.803910	-3.241936	-2.230151	-3.619220
0.764056	0.321536	-1.620947	-1.660974	-1.531024	-0.615527	-2.096881	-2.656071
0.248328	-0.609500	-0.226911	-0.249226	1.763403	0.005551	2.272667	-1.639088
1.644232	1.260806	1.652772	2.908047	0.246970	-1.910303	5.341792	2.229329
3.755866	1.023252	1.219602	2.309344	2.541778	1.279508	4.010895	1.964679
3.665130	0.564442	1.794377	1.823766	0.669026	-0.987918	2.261573	0.962262
1.983519	1.958174	0.156397	-0.193186	-0.257986	-1.539983	-0.429672	0.830775
-0.227368	1.779950	-1.291539	-0.424813	-1.440958	-2.004789	-2.756142	0.444819
-3.015532	-0.156728	-0.476733	-1.132913	-2.637789	-1.613737	-0.567136	2.736293
0.306224	-1.503061	-0.613385	-1.823986	-0.839581	-0.223631	0.358144	2.571395
0.060898	-2.370547	2.463505	-0.559431	-1.077234	-2.310472	-1.214502	1.161825
-0.444812	-2.157386	1.818133	-0.559149	1.357754	-0.625162	-0.988075	1.610782
-1.542109	-1.814476	2.631701	-1.187238	-0.287620	-0.920304	-0.526974	2.918365
-2.234094	-2.695217	1.758907	1.404602	0.570846	-2.904398	-3.838000	4.221374
-2.837469	-2.033508	-1.669850	-0.257128	-1.929649	-1.883548	-3.407855	-0.249793
-3.572036	-2.833248	-5.706371	-2.244129	-1.015506	-0.925555	-4.279738	-0.256535
-1.098399	-1.849736	-4.958257	-1.474499	-0.989524	-1.953322	-1.991250	-2.366155
-1.445157	-2.622671	-3.484809	0.736562	0.268397	-1.840051	0.152408	-1.016353
-0.196015	-0.198053	-1.501428	2.312554	2.049555	-0.288143	1.732235	1.229971
-0.044473	-1.594180	1.338085	0.763778	2.071552	-0.801601	0.670532	1.455115
-1.843734	0.207748	2.510729	3.026134	0.257286	-0.621426	0.362297	1.484279
-0.976900	1.569933	1.059303	3.722723	0.772558	-0.081522	-0.039770	2.233063
-3.080472	0.854374	3.220707	2.463446	0.787466	-1.506690	1.008430	-0.456735
0.322246	0.933974	2.281539	3.224101	0.475912	-0.659932	0.824197	-3.364915
1.811353	2.406632	1.755098	1.726491	-2.233806	-1.206249	-1.161271	-3.416778
3.126947	3.697850	0.977583	0.978915	0.124213	-3.190346	-1.107973	-2.598425
1.133126	4.361229	1.500393	1.106074	-1.275533	-2.341022	-3.714512	-2.049556
0.367988	4.290869	1.696328	-1.048332	-2.835243	-2.139381	-2.514386	-0.661172
-1.276770	5.555772	-1.319913	-1.568403	-0.670317	-1.777325	-1.999098	0.371527
-2.223248	3.780738	0.562267	-2.846037	-1.363756	-1.017055	-1.462647	-2.164761
-3.854150	3.272467	-0.768431	-0.133036	0.741939	0.865327	-1.351635	-0.028836
-4.170377	0.610262	-2.904909	-2.457798	2.045069	0.624017	-1.863363	-0.519598
-1.457031	-0.979178	-3.637167	-1.122223	3.155033	0.727615	1.802670	1.422352
-0.894514	-2.112851	-3.969407	-3.060110	3.371930	5.093618	-0.044438	2.590813
-0.772128	-1.058657	0.381571	-3.296361	2.318961	5.143824	0.052812	2.212184
2.319125	-3.175695	1.342565	-1.147973	1.852625	6.142931	1.359920	1.047266
1.927943	-1.555164	2.739375	-2.009347	0.121521	6.468737	1.458084	-1.084643
-0.865576	-2.432764	-0.005901	0.687717	-1.387651	5.435241	1.987004	-1.185842
-1.592033	-2.961892	-1.242463	-0.193681	-2.722390	3.638739	3.483280	-4.859933
-4.431132	-1.700050	-2.199013	-1.859939	-3.033399	3.614330	4.033010	-5.161716
-2.599973	-3.159935	-2.625851	-0.308059	-2.703777	3.345312	4.187093	-3.688792
0.356942	-1.953848	-0.611778	0.604961	2.007476	3.731783	4.753228	-0.274660
2.415411	0.154213	2.771405	1.900121	2.767659	3.933240	3.706516	0.200378
2.773431	-2.602951	3.115697	1.947220	1.862771	4.335683	-0.041246	1.198223
3.817902	-1.810041	0.808396	0.719959	-1.644088	4.005609	-0.318758	1.704773
3.758120	0.179645	0.880703	1.806739	-1.767318	2.453116	-5.419321	2.930528
3.327986	-3.264292	-1.628285	-0.870542	-2.674919	1.181101	-3.697336	2.843288
4.956896	-2.575753	-2.578667	-2.826882	-1.264294	-2.119636	-4.637004	3.153153
0.653449	0.300365	-2.683546	-3.020181	-0.999341	-2.794298	-2.122725	2.449022
0.223243	0.708560	-1.200821	-2.598640	-0.549361	-3.548787	0.354399	4.444994
0.755177	2.422735	0.102806	-1.606858	-0.417355	-0.498804	0.057968	5.972770
1.652048	2.946890	1.662535	1.402665	0.934777	0.928148	0.118280	3.661550
3.337956	4.033725	1.377863	1.366329	-0.991366	1.272668	1.687435	3.366731
3.178698	1.850041	1.243392	3.131734	1.540015	-0.317547	2.545431	2.360116
3.623973	3.332638	-0.578181	0.833780	-0.795979	-1.408798	0.727768	2.150402
1.690479	2.323418	-0.073257	0.026767	-1.050050	-2.996087	1.354545	2.699391
3.609415	3.687580	0.544465	-0.449105	-1.075698	-2.606215	1.474261	3.807281
4.875179	3.063725	2.073882	0.985264	-0.181124	-1.536786	-0.319386	-0.617527
4.275569	3.230754	2.734794	1.066475	1.213073	-1.672100	-3.054695	-1.437734
4.350384	0.594668	3.341801	1.142826	-1.302609	-0.832758	-1.730769	-1.387840
3.777723	1.203265	2.259600	-0.262381	-1.469171	-2.391664	-2.377508	-3.597745
5.205783	-0.862952	1.490792	-2.020048	-0.184712	-3.136419	-1.273213	-1.664950
4.846564	-0.942083	-1.383524	-0.977673	-1.094033	-2.211124	-1.067685	-3.302853
2.295464	-0.951329	2.453250	-0.332058	-1.198536	-2.945581	-1.934825	-0.849457
2.597581	-2.659888	3.985213	0.165098	1.526680	-1.200092	-1.426134	-1.048660
4.124714	-2.512360	2.859566	0.275795	0.100614	-3.953559	0.153587	-0.718863
2.871962	-2.106445	4.202607	2.937333	1.535665	-1.532282	1.015337	-1.191965
1.047323	0.428057	3.711134	1.963410	-1.257867	-1.764865	2.795115	-1.118768
0.298496	-2.456653	3.482249	1.823528	0.653416	-3.488408	2.532519	-2.453870
-1.859220	-1.932175	4.580948	1.958786	0.865315	-2.521712	3.575150	0.098227
-2.825927	-2.470609	2.830132	0.016184	1.708929	-1.308181	4.474305	-1.610475
-2.560326	-1.188554	0.395701	0.113822	1.712957	1.958085	3.891885	1.140322
-1.661818	-1.046510	0.716452	0.279099	1.873899	2.258285	1.854787	0.581420
-1.047904	-3.916178	-0.923715	0.112516	0.199453	3.634417	3.524011	-0.408582
-2.826587	-0.804856	-4.847900	-1.849929	-3.019380	4.358679	2.060556	-1.984484
-0.755666	-0.188544	-4.856904	-0.833035	-2.623302	1.265269	2.248721	-4.357786
1.116557	-2.574643	-3.746729	-3.336702	-0.239713	3.158587	4.844604	-3.101188
-2.082319	-2.218453	-4.818675	-4.627031	2.722687	7.309831	2.537505	1.387511
-1.115595	0.474227	-0.166642	-0.086422	1.813496	3.143000	3.208923	1.710810
-1.713373	0.079097	2.178168	-1.886876	1.419915	4.158892	3.901557	1.465610
-0.515953	3.285857	1.472155	1.393608	-1.902559	4.640706	0.151805	-0.536689
-1.379437	-1.032093	1.658618	-1.563772	-1.324924	3.113740	-2.149232	-2.196387
-2.182525	0.269946	-1.225144	-2.314515	-1.322583	2.422593	-4.333758	-2.166084
0.055082	2.230375	-2.294631	-1.726121	0.927765	3.537364	-1.866371	-0.600379
1.845182	4.788994	-0.405045	0.045808	-0.417481	3.178552	-1.189574	3.659127
4.004974	3.292003	2.764115	0.102673	2.708678	3.459555	0.586332	4.769035
3.183159	3.330401	2.736447	1.104272	1.416841	2.396372	1.583547	3.960545
-0.046666	3.109988	3.633550	-0.202993	2.949308	-0.630698	0.971570	4.441758
-0.736201	1.479465	-0.811676	-0.032825	3.534379	-0.799757	1.020699	2.343773
-2.995646	0.159131	-2.852931	-0.181223	1.935451	-0.964004	2.682234	0.240591
-2.369604	-2.549714	-4.344317	-1.474587	1.450426	-2.649542	1.105173	-2.516487
-1.734574	-2.912271	-3.426234	-0.769619	0.758802	-1.522572	-2.567885	-4.985761
-0.135157	-2.409740	0.530317	3.390982	-0.155222	-2.277695	-3.066240	-2.533932
0.702146	-0.787720	-0.432964	1.004914	0.915554	1.553289	0.295407	-0.846598
1.559534	-0.010012	1.672122	1.788078	3.525529	3.063378	0.270554	0.628740
-0.647493	-2.129318	-0.516826	2.539372	1.585502	2.847671	2.450000	1.467084
0.008564	-3.584836	-0.266909	2.353497	0.575874	2.176267	0.949745	2.394234
-2.086596	-1.178067	-1.343827	0.524352	-1.685557	0.494765	-0.318312	-2.708311
-2.451773	-2.356013	-1.194680	-2.597765	-2.807992	-2.572335	-3.473673	-3.179849
-2.136968	-0.421272	-2.635470	-2.396652	-2.674431	-3.040135	-2.757139	-3.141780
-3.666882	-1.080546	-1.337996	-0.489712	-0.177574	-3.495735	-3.260810	-5.080404
-1.398514	-0.176335	1.891440	-2.091044	-0.685023	-2.929937	-3.095288	-0.446820
-1.113166	-0.808640	2.800638	0.133350	-0.337678	-2.790241	0.030727	-1.730327
-0.918938	1.391938	1.183498	1.173471	-0.468540	-0.806948	1.296034	1.608474
-2.601431	-0.179400	0.685718	3.601518	1.622092	-2.151759	4.392031	-0.678215
-3.435144	-1.148155	-1.023002	3.365789	4.821315	0.412926	4.145617	1.531306
-3.576779	-2.050429	-0.422062	4.354185	3.396430	1.553706	4.267693	0.612637
-0.900935	-1.457321	2.976438	2.753805	2.219635	-1.959621	3.303356	4.493180
-2.511414	-1.777432	1.555696	1.377948	-1.622369	-0.032254	3.465806	1.534834
-1.950715	-0.336464	-0.558588	-0.528787	-2.760483	-1.136295	-1.649358	-0.907900
-2.830538	-2.185816	-1.418515	-1.108600	-0.275509	-3.072644	-4.851538	-5.054320
-1.536385	-3.094090	-3.423084	-1.479292	-2.281946	-0.660701	-3.077433	-4.481328
-1.606255	-2.681386	-5.258897	1.083236	-0.262395	0.761732	-2.411045	-6.056121
-0.715548	-4.896805	-3.598353	-2.513216	0.488542	0.353056	-3.820475	-3.460799
-0.476865	0.508752	-2.131854	-1.524048	-1.614433	1.895869	-2.497524	-0.431061
-3.297006	0.467184	-1.972600	-3.029863	-1.207422	2.947271	-3.922493	0.131492
-1.444671	1.037090	-1.614391	0.055640	-1.346726	1.976262	-1.947982	1.689862
-1.338160	3.326570	-0.133528	1.628560	1.764255	2.427441	-1.201693	2.094550
-1.853473	2.762223	0.456490	0.695896	1.486320	3.095808	0.611574	2.675155
-1.612711	5.845048	3.790060	4.143048	3.308569	4.033762	1.942918	2.131180
-1.579974	4.427843	1.732684	2.596614	1.831502	2.470102	0.746438	-0.898476
-2.234261	3.972007	2.026560	5.103195	0.943817	0.647729	-0.329468	-1.416711
-0.184072	4.195041	0.234488	2.673288	-2.182686	-2.750158	-1.511899	-2.857725
-3.458108	5.855942	0.066868	1.766994	-1.352506	-3.706559	-1.323157	-3.064618
-1.546369	3.410710	-0.316100	-0.129388	-0.547646	-2.401775	-4.065442	-3.729288
1.131846	4.766944	-1.768217	-1.176459	-1.852705	-3.577506	-1.992856	-2.899435
-2.710963	2.172942	-3.113284	-3.885220	-3.180984	-1.129352	-2.283199	2.559143
-1.937997	-0.534096	-4.050100	-4.266472	0.708217	-0.809314	-2.119372	2.117345
-2.688355	-1.613673	-4.943166	-0.460015	-2.560503	2.489009	2.928825	2.122573
-1.508036	-1.974588	-2.711182	-0.674050	0.681656	1.216315	1.569389	1.741128
-2.182342	-0.259042	2.162851	0.418723	1.248493	2.746605	4.331121	2.200009
1.142928	4.014961	5.399633	3.837201	2.781808	1.636679	4.258220	1.459319
-2.231525	5.303823	4.763064	4.772186	1.008500	1.059336	5.347085	-0.137242
-1.185201	5.788441	1.163544	4.175475	1.187969	-1.093523	3.323815	0.114226
0.383300	4.839314	3.902772	2.309968	-1.993785	-1.914500	0.433910	0.564125
-1.091922	3.938841	0.707348	1.372365	-2.419263	-1.294193	-2.306731	-2.500944
0.083134	4.920221	0.372972	-0.609336	-1.219265	-3.371204	-3.821310	-4.447082
-0.742832	2.322052	-0.149057	-0.362235	-2.398592	0.073768	-1.890226	-3.241586
0.617180	0.991834	-2.199838	-0.146434	-1.162644	-0.573277	0.831719	-1.773657
1.049170	-0.587136	-3.324172	-1.190931	-2.359822	-0.758040	0.341425	-0.684492
3.464440	-2.688359	-2.893159	-1.908730	-2.618025	-2.541520	1.047892	-2.083792
3.985889	-1.656335	-1.027799	-1.223230	-2.642254	-1.347217	-0.190783	-2.067656
3.934118	-0.054166	0.910007	-0.258632	1.754190	-2.196132	-2.022498	-1.432182
1.860127	-0.201854	2.224460	0.473164	0.844008	-0.964764	-0.415056	2.470030
1.112717	4.199000	2.922359	3.388755	1.011098	-1.225014	1.008844	0.703581
-0.678912	4.157694	2.394104	2.412543	2.382461	-0.978181	2.625701	2.413572
-2.527059	3.605828	0.783295	2.386725	-1.116503	-0.056965	0.843114	-1.948696
-0.194923	0.083100	-1.624668	-0.053999	-1.417296	-2.771667	-0.593018	-3.033622
0.746795	-1.320092	-3.654485	-2.038830	-3.306316	-2.890686	-0.994694	-4.696106
-0.759403	0.350852	-4.434756	-3.078267	-0.695265	-3.110722	-1.891917	-6.072646
-0.924917	2.055828	-1.034482	-2.795013	-2.487443	-3.211776	-2.531686	-3.482742
-0.604447	2.087937	0.852237	1.538732	-0.326450	-0.626446	-1.126401	0.163207
-0.255891	1.299377	2.233803	4.189967	3.799715	-0.917133	0.864735	2.770803
2.767851	3.822346	3.377713	3.175992	4.186749	0.315863	0.526024	4.141645
2.976180	3.034942	3.734969	5.502306	4.106655	0.179443	2.924764	3.307436
5.955096	0.861765	3.494770	4.688208	1.835731	-0.360294	2.358755	1.580575
4.648200	0.869313	1.614617	5.335898	2.712577	2.091453	1.738796	2.818364
3.869292	-1.294517	-0.316191	1.642974	1.233193	-1.498916	-2.565014	-0.531597
0.548875	-0.523624	0.059047	0.347637	-3.024821	-1.891201	-2.205474	1.712594
-0.888353	0.002589	-1.692670	-2.252715	-2.266866	-1.982803	-0.739685	0.995837
-2.936589	0.030920	-1.434242	-2.747683	-4.869440	-2.880119	-0.716648	-1.780767
-2.750033	1.067469	-1.163768	-3.349767	-1.447645	-2.066951	-2.741663	-0.954316
-1.818385	1.688234	-0.711249	-2.557967	-0.341681	-3.087699	0.277069	0.500989
-2.258343	0.508113	-1.064484	-2.242385	-2.208647	-3.472861	-2.780852	0.038550
-2.048206	-0.054196	-1.804373	-3.374320	-2.532744	-1.835438	-1.051127	0.451167
-1.052074	0.247807	-1.514817	-2.655175	-4.425271	-1.340130	-1.957656	0.701243
-1.000346	-1.442280	-5.034514	-4.512649	0.361671	-0.779236	-0.936739	-0.865024
-1.462221	-0.918160	-3.147466	-3.730343	-0.436018	-0.281756	-1.228977	3.002469
-0.083998	-1.041732	-3.028871	-0.152557	3.022863	-0.278491	2.513729	2.755521
-0.653575	-0.597200	-1.524730	-1.409093	2.552712	-0.199739	0.825480	1.765935
0.526647	-0.853563	0.779058	-2.177450	0.971032	-1.946200	2.945275	1.013210
2.830970	-0.522825	1.403692	-1.441231	0.254420	-1.147375	0.577513	-2.011252
2.664696	-1.343686	2.496173	0.933766	-1.721421	-0.959163	-1.753505	-3.180450
3.146724	-1.299948	3.480001	0.008639	-1.110994	-2.907263	-1.594780	-4.135285
1.704856	-2.971612	1.671377	-0.626812	-2.479096	-0.311177	-1.973213	-3.054855
-1.541207	-2.387480	-1.688800	-1.758688	-2.008129	-2.293002	-1.939704	-2.488658
-1.617363	-3.030253	-3.104130	-0.022489	-1.920192	-3.854240	-3.379253	-1.604896
-2.078612	-1.361834	-3.867711	-2.882716	-0.626286	-1.246789	-2.711660	-0.246165
-1.429054	0.444478	-2.338144	-2.264070	2.937791	-2.398950	2.860775	3.017333
-3.623485	0.652080	-2.088629	0.401450	1.420039	-0.561422	5.403350	1.659300
1.183293	1.634770	0.287735	2.541241	3.197056	1.455595	1.745666	1.029538
-1.387116	3.335748	2.639648	2.561205	3.025745	2.439800	2.970423	4.723645
-1.490413	1.467112	0.122911	2.301940	4.559404	2.623395	1.889920	3.577924
-2.477396	-0.122640	0.083523	0.678847	-0.506566	3.807880	1.828958	4.094375
-1.865564	2.654492	-0.566515	-1.385377	0.701136	2.503755	0.422435	3.248598
-1.195316	-0.159296	1.201398	-0.830930	0.403609	-1.093081	-0.151448	-0.946405
-2.434550	-2.845502	2.996761	-2.583713	-1.842647	-0.848626	2.025909	-3.818034
-3.607665	-1.067630	4.246976	-0.199428	-0.101130	-2.446780	0.573605	-4.652888
-1.788761	-1.516781	4.513241	0.869226	-3.320241	-3.764244	-0.543560	-4.291667
-1.726936	-3.124755	3.140059	0.852749	-2.734080	1.343883	-3.220085	-1.290969
-1.940288	-1.342055	2.452729	1.865340	-0.310245	3.161101	0.134628	-1.671295
0.604984	-2.680481	3.194652	0.929298	1.283662	4.732511	-0.632220	0.710657
1.873080	-2.260135	1.490327	0.032923	2.583944	4.951412	-0.367229	2.419488
5.119702	-1.496419	2.643656	-0.837385	1.944699	5.443105	2.315601	3.209197
4.715052	-2.337532	2.097939	-0.911527	3.638628	6.246090	0.548369	2.256585
4.401330	0.660222	-1.871123	-2.152103	3.061532	7.401667	1.847276	0.998354
2.674039	-1.756857	-3.088931	-2.069713	1.257410	4.073336	-0.209079	4.315903
2.764279	-1.087170	-1.338984	-2.449057	0.690865	2.903698	1.901004	3.614534
1.605551	-2.542818	-0.548780	-2.325537	-1.849305	3.221353	0.219726	2.343946
0.045657	-2.394704	-0.499821	-0.516252	-2.370499	2.324800	-0.744714	3.509841
-1.162601	-3.040027	-2.824204	-0.483602	-2.913017	1.322940	-2.446016	2.404119
0.787377	-1.468789	-1.027730	-1.504688	-3.465457	-1.129326	-2.660180	2.113780
-0.998407	-0.839792	-2.184799	-1.825110	-2.183120	-2.992300	-1.281705	-1.149774
-2.920152	0.733664	-2.175109	-2.676068	-1.900905	-4.536980	-3.516292	-3.779044
-1.659956	-1.256322	-2.915260	-0.974563	-0.414011	-0.950366	-1.867640	-2.039929
-0.532218	-0.409053	0.144248	3.705205	0.298161	0.866941	1.592349	-1.910429
-0.389536	-1.935027	-0.799984	-0.145664	0.270313	4.663742	-1.456823	-1.148642
0.333890	-1.515548	-1.099955	3.529631	-1.221555	3.399937	-1.302156	-0.306568
-3.779038	-1.179915	-2.433665	-1.295512	-3.337043	3.689625	-1.463651	-2.383008
-2.129618	-1.754831	-3.257613	-2.464893	-3.919550	1.232008	-2.710607	-0.873061
0.596850	1.382006	-0.515899	-1.454511	-3.030176	-1.756615	-0.660224	-2.482925
-1.220331	0.503992	0.492578	-1.074168	-0.866620	-2.225644	-1.272902	-4.174001
-1.000260	-0.927872	1.019618	-0.955962	-0.911581	-1.480179	-1.571842	-3.313589
-1.278437	-0.074988	-0.846677	-0.749594	-3.717258	2.310080	-2.206742	-1.528988
1.179341	-0.510257	-2.308308	-1.330964	-2.495253	3.143034	-2.356803	-2.721097
3.356075	-1.609479	-1.699273	-1.255073	-0.315363	4.180882	-1.762325	-2.466316
3.668965	-0.817355	-0.903772	-1.284820	-1.292488	4.007424	-0.693607	0.231554
0.825215	-1.602586	1.053395	-0.425306	0.937572	3.388461	0.978251	1.455915
0.363524	-0.808873	2.588130	1.559170	4.235319	3.167792	3.970448	1.796167
-0.737805	-0.712916	2.451433	3.065608	4.460752	5.049018	3.141186	3.827610
-2.761071	0.900283	2.935404	3.358806	4.246572	1.075337	3.861864	3.763444
-2.042974	-0.664477	-2.413256	0.628467	-1.409020	-0.157649	-0.471917	0.914569
-1.952211	-1.472994	-2.185645	-1.795912	-3.672723	-3.660540	-2.101458	-2.870413
-1.768281	-0.829672	-2.378664	-1.195229	1.239562	-2.437838	-3.769757	-3.486004
-0.689082	-1.359409	0.429389	-2.548885	-0.317462	-1.058341	-2.299616	-4.127202
-1.856115	-2.079108	0.626113	-0.784979	-0.887696	-3.151950	-1.574132	-2.169708
-0.066776	-0.154767	1.357510	-2.967512	-3.001039	-1.522965	-1.192007	-0.355421
-1.361564	-1.311389	-1.078019	-1.099584	-0.616990	-3.132186	-1.047640	0.098759
-1.578980	2.947128	-1.899375	-1.988394	-1.979149	-2.742013	2.259869	2.942031
-0.161920	4.268881	0.204444	0.385358	-2.011014	-2.215646	1.844621	0.093397
-3.568683	4.672570	3.602539	2.801671	1.644414	-0.888086	0.810016	1.718057
1.321031	4.398696	2.999110	4.027246	0.750836	0.657468	2.679054	3.667209
0.273624	3.937058	2.323258	1.990183	-0.896246	0.717115	2.327535	3.970655
-1.176303	-0.154446	-0.630517	0.238882	0.778368	-1.118544	1.559661	1.800195
-0.996147	0.028786	-1.909814	1.359443	-1.543222	2.537190	-0.588070	5.046929
-0.526309	-1.247448	-4.514031	-1.759834	-1.975715	1.864917	-1.200456	0.477756
-0.284087	-0.401448	-3.701569	-4.849448	-4.355910	0.426736	-3.680797	-3.150322
-2.600879	-3.210613	-3.913127	-2.142600	-2.705506	-2.449251	-2.901593	-3.070507
-2.400084	-1.679545	-4.148103	-4.093489	-0.998503	-2.809346	-4.304243	-4.732898
-2.811102	-0.718744	-2.942198	-3.593016	0.188800	-4.538049	-3.671047	-2.644295
-1.344230	-0.930209	-0.443910	-0.764279	0.643104	-1.522660	-0.659705	2.921602
-1.545267	-0.532242	0.690061	2.872821	0.193709	-1.009878	0.345984	5.159193
-2.247613	-2.969041	0.645415	3.855585	1.933117	-0.232605	0.879619	4.087877
-2.646365	-2.018408	0.845155	2.518312	1.204027	-1.407341	0.949703	3.097256
-1.435324	-2.272442	2.033379	0.478803	1.035141	-0.655584	-1.324466	4.719928
-1.639887	-0.785944	2.678790	1.897258	0.023659	-1.936137	-0.743987	1.710594
-2.401754	-0.437713	0.877187	-0.975122	1.443682	-1.243399	0.071541	-0.484646
-1.680423	-3.900650	-3.469828	-0.900138	-0.391890	-0.849671	-0.713982	-0.199593
-1.162393	-0.323854	-3.887756	-1.686889	2.031245	-0.174852	0.199945	-1.877346
-0.746164	-1.800025	-1.044494	-1.013974	2.551187	0.062957	-0.541078	-0.612806
-0.582933	1.807036	-1.009044	-3.249794	3.444137	1.325656	3.694649	3.291227
-0.528101	3.990130	2.273797	0.348251	3.552596	3.376545	3.627827	4.382854
-0.889865	4.739956	2.584229	0.123563	4.621763	3.327823	3.284256	3.655273
0.558775	3.881115	0.610052	-0.284059	2.256940	3.666990	2.541237	2.134485
-1.351880	1.498608	-2.586134	-0.014415	-0.357872	5.048446	-0.329330	-2.586810
2.162571	1.693834	-2.688926	-0.105403	-1.661872	1.276791	-2.623644	-2.370413
3.213629	-2.362707	-1.998825	-0.699424	-3.619061	-0.734176	-4.111106	-2.724224
2.703395	-2.913914	-3.569230	0.783322	0.668263	0.206944	-1.142913	-1.926543
0.580070	-0.301487	0.185659	-2.265064	-0.680300	-2.010247	-0.323167	-0.487769
-0.836344	2.374275	-0.793356	-0.953781	0.512251	-2.982251	-2.026266	2.863795
0.804152	2.861470	-0.129276	-0.533529	0.478317	-1.220468	0.017489	0.555352
1.635960	0.982801	2.898401	2.693991	0.248698	-1.593498	1.677600	1.194999
3.451380	0.608968	2.374175	5.517781	1.972895	0.469458	0.337767	0.697837
5.366414	0.150469	3.214846	2.978940	3.463209	1.482100	0.961791	2.149866
2.585762	-1.735593	0.061516	5.528970	2.813640	0.799029	-0.045629	1.394385
3.251825	-1.866618	3.731184	5.735670	2.538390	0.614143	2.643109	1.733694
3.296004	-2.364507	2.975851	3.362041	1.560357	-0.094258	5.228604	0.391593
4.779700	-1.137858	3.478319	4.039884	1.294944	-1.614573	3.262858	2.584382
3.969612	-0.869971	2.866787	1.995198	-0.977549	-3.083304	-0.745630	-0.347840
3.007943	0.734854	0.879655	2.125684	-2.376021	-1.333751	-1.730758	-0.615173
4.560692	0.248619	1.513425	2.278543	-2.683673	-0.158513	-5.258027	-2.924718
3.675360	-1.111578	-0.157203	-1.568125	0.863698	-4.452292	-4.068935	-4.066674
2.904148	-2.342534	-1.393429	-1.487720	-1.863910	-2.097287	-1.379483	-2.697843
3.625257	-2.232849	0.911548	-0.214741	-1.832994	-2.037598	-3.006569	-1.270423
1.158786	-1.896323	-1.153771	-2.265088	-3.181155	-1.453927	-1.917594	-1.556816
-0.719963	0.427945	-0.496387	-2.075960	-0.950392	1.818926	-1.243856	-1.162623
-3.631790	0.685856	-2.537199	-1.404557	-2.505404	1.886362	-0.967556	-2.761442
-4.008194	-0.397391	-2.260606	-1.899078	-3.144591	1.269480	-0.028192	-1.049775
-5.590176	-0.671593	-4.116008	-0.895624	-2.321553	-0.375220	1.314535	-1.613322
-1.376334	-2.006250	-2.415504	-2.356193	-2.420287	-3.144939	-0.057674	-3.870984
-2.460569	-1.962163	-2.275595	-4.536385	-3.066596	-1.639477	-2.003118	0.140740
0.251021	-2.662729	-2.900879	-4.856600	-2.311376	2.394566	-1.969196	-3.182752
-1.700265	-3.271548	-0.828658	-2.371636	-1.215729	2.266890	-0.751610	-0.692458
-0.465726	-2.087720	1.113571	0.994905	0.479247	1.845394	0.577843	-1.550381
-1.128162	-1.787243	2.660607	3.623025	1.672551	3.024178	-0.560637	-0.144220
-0.813473	-1.908017	5.320751	4.904424	2.035285	0.483942	2.400550	1.308925
-3.143158	-0.443741	5.168702	3.276803	0.213449	-0.634214	-1.645896	1.800053
-1.203118	-3.258715	2.628062	3.576762	1.406643	0.251209	0.665926	1.972264
-2.201851	-0.685636	1.853229	-0.396898	3.298867	0.626910	2.048917	3.317057
-0.216359	-0.063206	-3.251794	-2.574878	2.033723	-1.568909	2.779176	4.446532
3.007360	-2.076522	-2.601709	-1.444676	2.739411	1.078351	5.172706	5.614389
3.709105	-1.665384	-3.339615	-3.316891	1.779931	0.289588	1.519905	3.498427
3.146776	-2.097891	-3.147412	-1.954324	2.177783	0.057704	0.800874	2.034246
-0.400726	-0.291442	-1.198499	-0.511975	2.328968	-1.829302	-0.821285	-0.116255
-0.830302	-3.321937	-1.224077	-0.724541	0.116387	0.255070	-1.612273	-0.428575
1.091048	-0.675574	-1.368245	-1.372424	-0.785861	-0.620581	-1.801990	-3.928015
2.644724	-2.245752	0.444397	-2.915023	-1.079775	-2.319954	-2.200634	-4.509176
3.886627	-0.734971	0.148349	-1.321536	-0.635354	-1.596550	-2.195005	-2.534958
4.560456	-0.124730	2.470111	-0.623564	1.025501	0.627531	-0.849404	-0.227161
0.958611	-0.980327	1.778283	1.351494	3.323292	-1.280611	1.078272	2.579214
1.940291	-1.975062	3.187765	0.395238	1.623317	1.391623	0.572721	0.505168
1.409997	0.717465	3.878757	0.422869	1.520379	0.023234	0.020345	1.133499
2.542529	-1.698143	5.277360	2.216887	0.144777	0.555822	-0.256356	1.942307
4.000685	0.546913	6.098672	1.718493	2.303310	-2.338214	0.489318	-1.597207
3.603967	3.126236	6.847695	1.211988	2.617781	0.336926	0.173568	-1.711845
5.141172	4.496425	5.176328	0.453371	2.719588	0.291343	-0.021806	1.083594
3.081602	4.752281	2.426872	1.147543	3.265333	1.771736	2.016896	3.328109
2.945156	4.348207	3.952925	1.210905	4.030715	1.477404	3.190876	3.186599
3.323534	3.941902	2.173788	0.257058	3.006734	-0.284651	1.136534	1.935465
6.869934	0.455467	1.601761	-2.803899	1.916791	-0.095731	-0.677631	2.005706
2.363457	0.388003	2.705444	-3.537965	-0.155814	1.142565	1.281682	2.115122
5.384802	1.017012	2.985837	1.035761	2.236120	2.123837	4.531375	-0.520288
4.329168	-0.216106	3.615639	-0.259022	3.928991	-1.146415	3.792246	0.608177
2.810856	-0.894550	0.323951	0.357989	3.481001	0.249008	4.936697	1.424515
2.163964	-0.598019	0.473671	0.436893	0.569950	-1.044692	2.964327	-0.666872
-0.555207	-1.299211	-1.447600	-1.858810	0.009138	-0.992317	0.967938	-0.407087
-1.624660	-1.765328	-3.130162	-1.170119	-0.685035	-3.357566	-1.924470	-0.177728
-1.626193	-1.257466	-2.463115	-1.795534	-2.257069	-2.339339	-1.786797	-4.172696
-1.962808	-2.617326	-2.107560	-4.113553	-0.404964	-0.084537	-0.863643	-3.496991
-1.919206	-1.802506	-0.440198	-0.920078	-1.556120	2.620842	1.841393	-1.761915
1.492413	-0.705406	-1.121528	-3.895806	1.248564	4.390297	3.179012	0.332735
1.807847	-0.079025	-3.103051	-1.843238	-1.637213	3.509228	0.643012	1.138256
2.641898	-0.154261	0.458134	-0.468074	0.377650	3.795935	-0.209004	0.441549
6.402263	1.421885	2.127624	0.846388	-1.032048	4.663319	-2.000837	0.385413
4.197041	1.974015	5.290221	3.609348	-0.383706	2.214479	-1.549086	-0.506251
3.984933	2.198230	4.127824	2.900505	0.303376	-0.403785	-3.310452	-1.424144
2.404237	-1.196170	1.593432	0.757861	-1.177903	-3.539171	-2.264732	-1.080366
-2.211547	1.102716	1.338046	-1.182984	-0.726442	-4.142881	1.296971	-1.583117
-0.564222	3.328689	-0.999737	0.327471	-2.076142	-3.413313	1.008560	-2.207197
-2.622286	3.395750	-0.930215	0.100125	-3.964602	-3.438368	0.487734	-3.506407
-3.913242	4.314600	1.597411	-1.541021	-2.435522	-1.545446	-1.587106	-0.568046
-1.456490	3.163739	0.720939	-1.750865	-2.041103	1.420955	-3.305760	0.395885
0.790269	3.617668	2.866870	2.355891	-0.504545	-1.821267	-0.710127	0.924287
-1.808866	2.181987	2.688604	0.597849	-2.471847	-0.186011	0.845792	1.318658
-1.889596	0.394099	2.094839	2.094309	0.332791	-0.571976	2.366098	-0.627700
-1.245923	-0.153098	1.615774	1.171071	0.285967	-2.431862	0.873591	-1.617988
-2.725546	-1.381702	0.101911	0.428236	-2.216917	-0.398769	-1.319427	-2.680407
-1.723767	-2.074212	-2.062853	-3.209296	-2.037962	-1.723897	-0.989258	-1.976156
-1.437788	-0.924029	-4.747618	-2.164825	-2.403168	-2.990145	-2.294500	-3.085735
-0.838808	-1.034250	-5.240083	-0.428649	-1.338536	-3.857813	-1.769454	-2.015644
-2.056930	-0.352476	-1.560751	-1.775069	-0.988165	-1.805300	-2.503219	-1.491683
-2.692254	0.679894	-0.036322	-2.328285	-0.904355	-1.556707	2.652206	-1.206253
-2.271782	1.219460	0.373204	-0.647795	-1.415407	-0.660833	2.369020	-2.211553
-0.891914	-1.452777	-1.963773	-0.580199	-2.079321	-1.934377	4.000824	-2.264983
-0.571951	0.978184	-3.192156	-3.643998	-1.280697	-1.371840	4.046618	-0.732943
-0.992595	-0.931757	-3.452643	-2.671091	-1.772635	-2.126720	2.558903	-3.575234
-0.116348	-1.270199	-4.791137	-2.273677	-2.574736	-3.831818	2.320679	-2.517455
-0.689409	-1.233342	-4.353837	-2.948956	-2.753499	-0.308232	-0.674154	-2.282106
-2.543280	-0.605986	-3.126545	-1.031527	-3.142226	-1.299863	-3.356396	-2.308387
-1.724863	-2.056130	-0.645262	0.606509	-0.264015	-2.348010	-2.388346	-1.185697
-1.910958	-1.497274	-0.687487	2.761053	1.219932	-1.746173	-2.180704	0.763062
-2.098167	-1.016217	0.518878	3.651805	3.022016	0.277850	1.285630	0.800392
-0.731591	-0.020959	0.260032	3.957966	1.562136	0.607957	-1.929643	1.221292
-1.146131	-0.980899	-2.322925	3.074736	2.180491	-1.505449	-0.115923	-1.127938
-1.871488	-1.415138	-0.291394	3.475116	-0.040618	-0.639869	0.102290	-1.235797
-1.694564	-2.548675	-1.873977	1.191805	0.517408	-1.091802	-1.717404	-0.956085
-3.481760	-3.631610	-2.960373	1.250404	0.760670	0.172553	-4.054303	-0.591402
-2.526876	-3.740942	-3.100084	2.404514	0.291566	-0.781904	-0.315409	-1.704447
-2.020115	-0.943972	-0.497011	2.233734	1.650896	-0.737973	0.053780	-0.495822
-0.382577	-0.837399	1.645246	3.229965	2.339060	1.688148	0.664964	2.837275
-0.039764	1.433277	2.236886	4.709807	2.462958	1.782058	1.945143	1.183544
-1.191077	3.716156	0.626407	5.216461	0.549489	3.155458	0.440517	1.330885
-1.368017	4.660639	0.824010	3.385427	0.989253	2.048550	-0.916813	0.076198
-1.654286	3.357824	0.503692	3.511004	1.615350	5.777933	-0.640748	0.528483
-0.903884	3.541713	0.237554	2.706394	-0.121422	3.990708	-0.873886	-1.990659
0.091886	5.636205	-0.002807	0.630397	-1.487761	2.380576	-1.606327	-0.528028
-1.831975	4.677001	-1.187590	-0.428788	-2.640369	-1.207663	-2.964172	-4.650623
-0.536370	4.244699	0.194903	-1.521359	-1.972646	-4.331607	-4.699919	-0.755045
-1.605599	3.530901	-1.032129	-2.298218	-1.395992	-2.516757	-3.116069	0.646707
-1.112365	2.238306	-1.858886	-4.811762	-1.318408	-4.232811	-2.810821	4.149833
-1.896068	0.052114	-3.374369	-1.845893	-0.559194	-3.578670	-1.512075	3.728233
-4.306309	0.792525	-0.361281	-1.475210	3.949549	2.051769	-0.481930	4.348009
-2.406790	2.410638	0.284479	0.794288	3.768822	2.734504	2.416113	4.558559
-2.370611	3.354454	0.829210	5.377700	5.487522	2.893738	4.614256	4.566685
-1.205975	3.286472	1.816610	4.264626	7.337351	3.224071	2.666298	4.520987
-1.723082	1.938491	0.774579	1.791368	2.878708	3.045003	4.547540	2.232665
-1.024234	1.635513	0.494115	1.316325	4.118791	-0.130965	4.504182	1.122520
0.679768	-2.815465	-2.568382	-1.373003	4.546102	1.181869	3.263625	-0.473148
2.309223	-1.217641	1.202387	-1.680316	4.520938	2.112904	4.548768	-1.603339
3.048531	-0.949017	1.704120	-2.575913	5.043300	4.190441	3.104313	0.293748
3.305088	-1.895393	3.931416	0.042306	2.428888	4.167182	2.045459	0.325014
3.450595	-0.660769	2.869975	-0.794159	1.716000	3.639526	0.979007	1.975958
0.803250	-0.925646	1.778395	-0.816408	0.323637	2.876275	-2.050142	0.419781
-2.272248	-1.673024	-0.735224	0.022159	-1.263503	3.257030	-3.619389	-0.113516
-2.664100	-2.038104	-1.154884	-2.248957	-2.125219	0.826090	-4.091333	-3.989833
-3.300207	0.400013	-5.831185	-1.835757	-1.264213	-1.376542	-0.882373	-1.165270
-2.572271	2.782927	-3.762129	-1.648740	-1.689485	-0.622967	-0.736909	0.159674
-0.210392	1.716338	-0.213317	-1.896806	-1.331734	-2.422783	-0.138342	0.531800
-0.585072	4.699444	0.715750	-1.178655	-2.966363	-3.891691	-1.453169	-1.112692
1.071988	4.003845	1.591972	-0.729988	-2.300171	-1.833688	-1.732592	-3.145002
-2.716513	3.636740	2.436747	-0.102903	0.230441	-1.912574	-1.727609	-2.163629
-1.369677	4.333129	1.705174	1.049299	0.531073	-1.122349	-2.554420	0.402927
-1.010603	5.101511	0.789453	0.438119	-1.666077	-1.508412	-4.002624	1.412268
-0.290394	0.583784	-0.978319	-0.837244	-2.100408	-1.731462	-1.514922	1.857493
1.098451	1.229648	-1.481242	-3.105690	-3.905121	-1.200198	-2.559713	3.492803
3.635028	-0.258297	-2.688616	-0.806318	-2.039317	-1.634319	-5.113397	4.331898
4.281439	-1.001153	-2.641644	-2.405329	-1.055296	-1.836525	-2.067872	3.213180
5.738280	-1.742221	0.727074	0.687278	-1.290159	-2.802014	-2.038738	2.704048
2.187653	-2.730502	1.263438	-2.493197	-0.870606	-0.709287	-2.235796	3.000903
1.321555	-1.460096	-1.683655	0.225446	2.431762	-0.557242	0.882056	2.700346
-0.195715	0.010795	-0.121405	1.001906	1.964244	3.584022	2.772818	0.299877
2.282744	-2.772430	1.366386	2.869984	1.751139	3.111305	3.381791	2.814197
3.462328	-1.446171	4.425818	3.508180	-0.685352	4.075708	6.088974	-1.511993
2.596439	-1.779131	5.494091	3.211993	-2.569230	5.080532	0.365769	-1.830394
-0.552226	-1.725009	-0.175399	0.455025	-3.120796	4.982978	-0.693724	-2.845004
-0.311267	-1.906108	-2.770450	-1.972926	-2.145551	2.810846	-1.923304	-1.762423
-2.739784	-3.565128	-5.979365	-4.869559	-3.139295	1.148437	0.495229	-2.972950
-2.037480	-1.480671	-5.678045	-3.268574	-1.782329	-2.420448	2.024275	-2.330185
1.138045	-2.020338	-5.532789	-3.721771	-2.352554	-1.507208	3.862335	-1.157727
1.962191	-2.153930	-2.044100	-1.199751	-2.880869	-3.962843	1.933310	-2.230675
3.155757	-1.939148	-0.087079	-1.768813	-2.425576	-3.180451	-0.796599	-1.596130
6.066141	-1.744795	0.957674	-0.833757	-1.161475	-0.198233	-2.388693	-3.253789
1.811143	-2.120470	3.961558	0.480916	0.244032	-0.615186	-1.027170	0.373846
-1.807338	-1.448277	4.009171	2.165906	3.638446	1.604988	-0.924031	2.270777
-2.428202	-2.589915	4.346713	2.668914	3.271066	1.654392	-1.895273	3.849405
-3.482850	-0.893586	3.959082	6.779240	1.391091	2.865026	0.720502	1.913230
-2.389084	-1.973793	5.460578	5.659783	2.388821	0.155290	5.843797	2.532252
-2.460404	-1.600936	4.465899	4.453943	0.385155	3.067286	1.765910	0.448173
-2.169510	-1.995817	0.379046	3.731920	0.730991	-0.719586	4.301944	-1.684107
-0.358503	-1.394638	-1.500684	2.600714	0.769831	2.142474	2.382199	-0.262188
0.809316	-0.795599	-1.730692	-0.679376	-1.573728	1.220268	0.614575	2.076231
3.345247	-3.025403	-3.122577	-0.261748	-3.126685	1.427897	0.541174	0.428651
3.169188	-3.005452	-0.213742	-1.647804	0.185358	1.194360	-3.407605	1.801272
4.909540	-1.392246	1.497014	0.097557	-1.019199	0.704458	-1.878561	1.818195
1.299402	-0.798488	4.106388	1.841234	1.321144	2.008093	-0.458792	0.533220
-0.054728	0.175620	4.418980	3.036628	3.557185	4.018164	0.389101	1.454848
-3.789649	1.345078	4.382989	3.822437	1.537725	3.380773	-2.301680	0.084680
-3.208462	2.869883	2.797315	4.020463	0.498561	1.235220	-1.240934	-0.646283
-3.275667	0.718534	-0.369744	0.295504	-0.774305	0.946206	1.195438	0.148058
-2.792766	0.292228	-2.469089	0.235061	0.353124	-1.502869	2.918038	-1.118695
-2.438858	-2.239636	-4.761721	-3.333767	-0.484051	-2.986204	-0.767834	-1.604843
-1.063544	-1.817159	-6.713539	-3.459580	-2.262931	-2.017298	1.262824	0.728517
-1.247524	-3.150345	-5.377846	-4.240777	-4.929218	-2.713051	1.788812	-1.984017
-1.364999	-2.063293	-6.343543	-4.324760	-2.917011	0.294037	3.140930	-4.351943
-2.327570	-1.402808	-3.118129	-4.088428	-2.495411	-2.690032	1.663380	-5.068160
-0.860736	1.332411	1.093794	-0.451481	0.859881	-1.261658	2.552262	-1.669869
-0.225199	4.276560	2.289725	-0.603720	3.236964	-0.184641	2.423578	2.020233
1.072342	3.142738	1.983264	1.706855	2.117537	-0.571480	2.659027	1.366244
3.297986	1.446943	1.368009	0.391143	3.856201	1.504026	2.200511	-0.896235
2.850033	0.829273	1.053560	0.687946	4.757054	1.141976	1.339531	1.379698
3.599783	-1.214174	-1.105084	-1.258939	1.430696	-0.642028	-1.665913	1.234843
2.765734	-0.356500	-2.865724	-2.342410	0.713326	-0.335286	-1.500720	0.535000
1.416888	-1.861008	-1.323861	-3.377968	-1.830757	-1.971697	-3.765889	0.033170
-0.612957	-1.369598	-2.503995	-1.078814	-3.910853	-0.991162	-4.181918	0.175653
-2.590501	-0.969273	-2.099127	-0.559047	-0.673163	-1.160779	-2.622608	5.734750
-3.286644	1.504564	-0.331558	-0.147668	1.870312	-2.094549	-2.166157	3.315962
-5.086886	4.876612	2.141611	2.391723	2.276572	1.283530	2.641535	4.650788
-2.040727	4.613369	1.726079	2.088526	2.707615	0.626458	-0.411630	4.330530
1.590832	2.688533	2.475446	3.575040	2.228442	0.434534	-1.265251	2.959888
1.904491	3.720401	2.233911	4.287065	0.561252	0.815060	-0.109129	-1.495437
3.772151	-1.075029	1.900174	1.929701	0.036043	-0.240864	1.936739	-1.538345
1.630310	-3.040158	-0.147768	2.131548	-1.872284	-1.419339	1.813653	-5.806836
-0.929232	-2.273289	-4.216313	-2.465495	-2.349431	-4.099462	2.873314	-6.755309
-1.492173	-1.516524	-4.767063	-3.845328	-3.913597	-1.676735	2.122223	-5.715263
-2.100516	-2.702565	-4.306019	-4.427851	-3.386785	-1.215857	1.809981	-3.483398
-2.444359	-2.070015	-4.546881	-3.477665	-0.660694	2.099973	3.296789	-0.763814
-3.878503	-3.168475	-4.624450	-2.874370	-2.316425	1.250854	2.698248	-1.234110
-2.775447	-3.818748	-2.210426	-3.084766	-1.326779	4.296188	2.584258	-0.232886
-0.962593	-0.889436	-3.043811	-4.035853	-2.343556	4.320174	1.561821	4.525960
-0.576340	-2.499140	-2.180905	-1.020632	-1.748958	2.327812	-1.247062	1.324726
0.427812	0.272436	-3.581008	-2.920303	-1.614284	0.321103	-0.981490	2.314815
4.164863	-2.253110	-1.216622	-3.421666	-1.891036	-5.534853	-0.238963	-0.601774
2.629813	-2.324179	-0.953546	-0.974122	-1.478714	-2.969856	-1.516079	-2.932741
5.871861	-1.294274	1.091519	-2.294971	-0.699419	-1.385405	-1.109737	-2.816985
5.590708	-0.833497	0.293171	-4.030913	2.359849	0.598199	-0.998037	-2.726305
2.776454	-2.712251	-0.898189	-0.505849	0.541989	0.596157	-2.555876	0.560899
1.017399	-2.355737	0.161438	1.587921	0.021100	1.598969	-1.135355	1.164327
-1.053458	-2.566958	0.312551	2.626298	1.359381	1.666534	-1.974173	-1.219621
-3.319716	-1.514215	-1.938650	2.430279	1.899032	0.122754	-2.737627	2.180657
-4.217875	-0.591912	-0.346666	5.320666	-0.780347	0.391528	-0.583318	2.384260
-2.059635	1.365749	0.723303	3.125758	2.147742	-1.586444	1.702956	2.224089
-3.384396	3.679967	3.053056	5.189255	0.089199	-1.666161	1.242397	1.529845
-1.052659	3.655339	3.905792	0.154955	-1.090077	-0.896424	-2.845096	-1.988374
-1.540322	1.975862	3.757711	1.296560	0.612414	-1.798233	-1.682621	-4.153365
-1.558186	-0.238964	4.642814	0.604768	0.419271	-0.550487	2.305823	-1.649829
-1.505551	-1.844444	3.376198	2.012680	2.048293	-0.094886	2.326637	0.343235
-1.750517	-1.719278	2.815164	1.732394	2.282780	0.727768	1.741622	0.500927
-4.094084	-1.645170	-0.373289	-0.618889	-0.542970	0.427278	2.104480	3.206647
-2.354151	-2.629120	-1.460461	-0.948969	-1.510256	-3.260859	1.297911	4.276595
-0.945519	-3.592732	-2.177353	-1.711047	-2.521179	-2.019140	4.474716	1.946473
3.059413	-2.388609	0.174535	0.483276	0.192760	-1.680168	1.598996	2.617879
3.535845	0.177850	3.172502	0.598001	0.807060	-0.164441	2.152354	2.688416
5.536776	1.810139	4.541449	2.705227	0.710621	3.151540	1.179188	3.629182
3.773808	2.920959	3.788574	2.985954	-0.042257	2.239775	-0.576699	1.937278
5.560739	3.692606	5.325477	4.089382	1.190723	3.953863	0.155794	2.550305
3.716271	3.614278	2.913458	3.629309	2.265763	2.344306	-0.539532	2.402262
3.906803	4.556273	1.490917	1.725337	3.510561	2.415902	2.674624	2.699651
2.477336	4.245689	1.852853	-0.723435	3.564017	2.518452	1.233063	-1.009729
2.909369	4.766623	1.270765	-3.013109	1.324029	0.141955	0.557285	-2.146678
0.414403	3.588475	1.088254	1.406117	-2.222502	-0.158588	-2.251607	-2.979795
0.414438	-0.880460	1.379219	-0.530658	-1.358277	-1.887479	-2.930213	-1.148980
-3.535226	0.061618	2.510560	-0.882335	-3.739197	-4.314317	-4.275531	-0.995533
-0.858189	-2.661894	-0.336524	-2.273914	-2.499062	-3.818503	-4.317562	-3.589153
-2.660351	-2.514398	-3.456733	-1.421194	-2.367173	-2.680636	-4.351002	-2.824240
-3.345611	-1.514197	-5.434366	-2.043777	-3.912831	-1.662217	-3.680453	-4.170495
-2.239469	-0.065091	-3.065525	-1.663763	-1.551837	-0.357347	-0.916511	-1.818816
-0.852325	3.485616	-1.020910	-1.966651	0.862610	0.039975	-0.655077	-1.368703
1.863720	5.459922	0.744479	0.699858	2.430409	-0.844252	-0.595649	1.430742
2.919968	2.988026	1.999743	-1.938037	4.316358	2.197472	1.122174	1.662022
3.483618	2.056825	0.849579	1.694864	3.401258	2.754346	2.026892	1.063336
