X1	X2	X3	X4	X5	X6	X7	X8
-1.175819	-2.219541	-2.485696	-1.976834	-4.044193	-4.097367	-5.204000	-2.270224
-3.950938	-2.486148	-2.131391	-2.134723	-2.032997	-1.976204	-2.663355	-3.258797
-1.217246	-2.084124	-3.662437	-2.715385	-4.127976	-2.772888	-1.916604	-1.519430
-3.187744	-1.091671	-1.059735	-1.511419	-4.215130	-1.323521	-3.332949	-0.581023
-0.938434	0.402209	-2.937883	-1.455525	-2.590359	0.298096	-1.962987	-0.941775
-0.022617	0.243516	0.243219	-1.174704	-2.693665	-2.867637	-1.627218	0.135713
-1.334194	-0.623353	-0.337131	-2.030156	-3.548248	-1.676322	-0.700942	-1.197958
1.730533	-3.258899	-0.844031	-0.275380	1.988791	0.184041	0.847142	0.634810
3.705664	-1.329623	0.337419	-1.642676	-0.380048	0.687050	2.672435	2.815619
3.473997	2.093172	2.763718	-0.069046	2.389534	2.379705	4.551338	4.934167
4.199931	1.209985	2.936767	-1.275587	5.487837	1.010604	4.540252	2.846255
4.882365	1.548015	1.397167	-0.031202	0.853060	2.770747	2.877177	3.911584
0.899198	1.069760	0.771516	-1.060788	3.770002	0.195433	4.396914	0.251452
2.675629	-1.996382	1.766817	-1.678447	1.145064	2.460661	4.945463	-0.909139
1.316456	-0.343112	3.694667	1.187822	3.812744	1.071430	2.549127	0.652109
0.970480	-0.610831	3.419769	4.289918	2.306342	-0.418161	-0.266695	0.618798
-0.051302	1.953659	6.216323	1.608143	2.773458	-0.145212	-0.523601	0.218227
-1.039290	2.224056	6.095527	4.931095	0.380891	1.309275	-1.313391	0.673396
-1.218784	4.800059	3.755384	4.330876	1.422041	0.816199	-1.464564	0.446306
1.942413	2.050366	2.515092	3.333285	0.468408	0.107260	-0.709918	0.578856
2.828701	0.639976	1.348553	4.881723	0.572890	-1.697344	-0.090354	1.927847
0.822280	-1.295713	-1.222133	3.627190	-0.897511	-2.717212	-3.493170	-0.479821
1.766048	-0.866101	-4.402866	0.478085	-0.469598	-0.669847	-3.880165	-1.660148
0.203905	-2.623992	-4.123246	-2.820490	-5.362069	-0.982948	-3.510339	-2.180034
-1.350850	-2.896985	-3.005971	-3.610335	-3.263225	-0.363716	-2.553990	-2.113778
-2.592218	-0.450883	-1.461843	-1.859151	-2.930467	-0.469853	-1.803417	-1.963980
-2.534400	1.187714	0.426941	-0.424937	-1.458195	-5.210059	-0.952421	-0.381840
-2.275795	1.340303	2.027979	-1.935693	-2.825109	-2.938835	4.916702	-1.005858
-2.351106	2.566083	0.065973	0.682882	0.458190	1.388519	1.401151	0.981666
-0.918032	0.728253	-1.292177	-1.046412	2.114003	4.160101	2.154826	3.638034
-0.781574	-0.118988	-2.670170	1.610624	4.975730	4.824510	3.179531	3.363744
-1.806732	-3.072942	-4.200107	-1.011207	2.656669	2.794747	1.257764	1.203198
-1.007608	-1.507610	-0.484886	-0.528007	1.352021	0.689610	2.011228	2.122097
-1.351602	-0.518994	-3.012407	-0.635975	4.337685	3.051499	1.370722	0.072939
-0.664513	0.894605	0.856730	-0.852210	2.253463	-0.230987	3.743649	-0.179074
-1.108243	1.311686	1.539926	0.316688	3.784652	2.436650	2.332909	0.017558
-0.948592	1.399948	-0.282918	-2.082681	2.333454	0.446212	2.512203	-0.664065
-1.170961	0.604189	-1.816202	0.473784	1.074968	0.159596	1.413533	0.147458
-2.130849	-1.518792	-1.545025	-0.326117	1.284393	-1.262798	-2.584502	1.234428
0.017043	-2.307197	-0.074387	0.908717	1.679231	0.202829	0.629400	0.648144
0.990414	2.111274	2.669213	1.279685	0.468180	1.558878	3.351840	0.250008
1.606464	1.302519	4.269575	3.032489	1.902841	1.565446	3.531619	1.357619
3.663094	1.704437	2.820900	3.108728	3.414014	1.703234	2.188439	3.482078
5.126403	2.445528	4.382089	5.405404	3.800299	1.669341	2.124399	3.797187
4.442490	0.282888	2.144043	3.633617	1.915395	-1.935934	-0.386899	1.772244
4.045756	0.434119	-1.018239	1.744466	-0.002298	-1.472391	-1.173554	-1.436049
1.736801	0.943318	-1.445354	2.026254	-0.326378	-1.262531	-0.938365	-1.685391
0.052723	-1.360716	-2.808604	-1.988521	-2.226147	3.657646	-3.407631	-3.980783
-0.062576	-1.699084	-5.109786	-1.350457	-4.993205	1.209238	-4.469551	-2.122023
-3.099997	-1.599986	-4.823701	-2.621154	-4.597351	-1.704954	-4.139624	-1.113512
-2.667939	-2.206025	-2.093747	-2.433711	-4.178085	-2.468831	-2.524849	-1.403447
-1.657003	-0.937400	-2.155324	-3.520528	-4.202407	-3.501994	0.255774	-0.012229
0.813511	-0.889813	-2.251131	-3.865705	2.391582	-0.701443	0.626147	1.237442
1.400503	1.576835	-0.960368	-1.826640	1.665884	1.343221	-1.026029	3.330068
4.422374	1.992842	4.483667	-1.048634	0.598297	1.189398	0.654647	2.141449
4.616324	4.210810	3.040474	-0.515985	1.884522	2.775187	-0.440525	1.302186
5.805152	6.193535	4.370554	1.766606	1.525060	-0.679112	-0.110243	0.494480
5.593060	5.042617	3.013208	2.888941	0.235210	-0.519700	-0.847906	-1.397970
3.906947	3.595057	4.044136	2.769419	0.796272	-0.859777	-1.213014	-3.041061
3.454513	0.585551	4.288139	1.841642	0.669647	-1.302943	-0.225466	-0.903194
3.603859	2.934901	3.224219	2.209010	0.638134	1.656901	-0.032860	-0.349968
2.578585	1.956704	2.120575	3.434923	2.739835	3.532455	-1.095897	0.384118
0.163392	-0.180539	0.254410	1.006582	1.560748	3.685117	-0.664874	1.850965
-0.347920	1.073169	-0.845878	0.733088	-0.509225	2.378889	-1.972991	-0.339527
-1.141952	0.678630	-3.036786	-1.338859	-1.966786	0.560469	-0.423347	0.187943
0.127399	1.227742	-3.580913	-2.718759	-1.241432	-0.678943	-2.202241	-2.943123
-2.206469	-1.306097	-3.775160	-2.467110	-2.013765	-0.234947	-3.744373	-2.859227
-3.158953	0.480515	-2.754924	-1.391712	-3.994184	0.773656	-4.476642	-1.403765
-1.868955	-1.227325	-0.586306	-3.617565	-2.600789	3.692966	-1.606346	-2.843639
0.284927	-1.685616	1.500896	-1.111567	-4.782480	2.835083	-1.285285	-1.704146
-0.287807	-1.251960	1.663882	-0.907819	-2.483656	-0.600293	-1.773457	-1.695987
-0.712857	0.593444	2.230254	-0.088720	-2.354618	-2.674364	-3.573564	-0.934060
-0.351420	-0.935706	1.039813	-1.453770	-3.277964	-4.481529	-1.648402	0.757735
-1.810498	-0.565809	-1.527541	-1.690467	-4.527396	-6.320887	-2.664473	-2.865601
-0.143789	-1.134767	-2.057908	-2.227711	-3.498611	-1.568741	-1.320274	-2.081266
-2.155793	-1.405780	-3.895585	0.291599	-1.973912	-2.482890	-1.816905	0.295239
-0.865909	-1.073047	-1.897272	-1.283838	-1.923496	-1.077133	-4.268766	-0.743485
-0.161036	0.342129	-2.486468	-1.268420	-2.172364	-3.193973	-1.935855	-2.306335
-2.332273	-1.316450	-0.817472	-3.918246	-3.770016	-2.457607	-2.572673	-0.211913
-2.480620	0.422514	-3.667583	-1.246617	-4.505951	-3.341838	-2.964517	-2.352516
-2.636776	-0.676178	-0.842201	-0.923032	-4.445269	-0.524764	-0.826288	-1.964545
-0.924939	-0.419227	-2.699423	-2.696290	-0.906170	-3.471687	-0.926286	-2.735297
-2.873110	-1.040433	0.378350	-1.025490	0.205646	-1.024406	-0.889908	-0.665774
1.616913	-0.535197	-0.542581	-2.160832	3.539580	0.609379	0.814945	0.230328
-1.411570	-2.202718	-2.405014	-1.293116	1.815533	1.097867	0.536074	1.595108
-3.845357	-2.937697	-3.800548	-3.834640	-0.082297	-0.890542	-1.056920	0.637467
-0.575647	-0.484734	-4.060283	-2.738205	0.049592	-2.091247	-0.899137	-0.443294
-2.077341	-1.188029	-3.778417	-1.781009	0.441100	-1.476550	0.724023	-1.326674
-1.440935	-0.529482	-3.797350	-0.749453	3.330227	0.153951	0.882362	1.060928
-3.369830	-0.354393	-1.206380	-1.254835	4.583274	3.049155	2.130680	1.253212
-3.666625	-1.229963	0.416793	2.608044	3.640140	2.116561	4.394277	1.801480
-0.942618	-0.982290	2.287171	2.170887	4.795326	4.403770	1.851154	0.708232
-1.858009	-0.014176	0.300054	2.138192	4.855732	2.015682	3.071511	3.665570
-1.738896	0.614281	-0.644657	3.596160	1.216259	3.994096	2.602149	0.735394
-2.340678	-1.065321	-2.279060	-0.374107	-1.253294	2.573714	3.286168	-1.700796
-0.099055	-1.089580	-4.715855	-1.738810	-2.710325	0.925534	1.246269	-0.404197
-1.381124	-1.493297	-4.469540	-0.861447	-4.058235	1.346956	-0.218649	-1.618110
-1.225585	-1.921272	-4.024015	-4.391419	-1.528223	0.166282	-0.195883	-0.918934
-0.879837	-1.458404	-1.497879	-1.968525	2.463110	-0.263490	-0.378835	0.916133
-1.976779	-1.128692	4.751770	-1.095164	3.782466	0.583541	0.925396	2.693192
-2.825809	-1.574538	4.691533	1.089764	5.188344	2.217074	2.603210	2.114242
-1.556626	-2.205540	6.501909	4.640659	4.200745	3.707911	5.006608	2.619185
-1.788429	-1.032098	4.837802	5.903523	5.690469	3.478650	4.057090	1.557022
-1.637616	-1.101212	3.243410	1.084255	1.142317	1.548393	4.699757	1.639454
-1.961087	0.305018	-0.073764	1.384356	1.405487	-0.978461	3.749407	-1.473719
-2.503840	2.671994	-1.724819	1.019226	1.480082	-3.758212	4.269543	-0.228395
-2.168874	5.902115	0.502745	4.113867	1.327201	-5.103060	2.448663	-0.231774
-1.576187	5.069382	5.973129	2.190078	0.461944	-2.725404	2.753668	-0.301355
-1.381378	3.304795	3.467335	1.850860	-1.624889	-0.012845	4.069559	-0.208838
-2.459947	1.934656	2.396263	0.739213	-0.597696	-0.507782	3.268235	-1.815921
-1.419191	0.544664	-1.101786	0.269738	-2.715379	-0.056515	4.247496	-1.660203
-1.103509	-1.804680	-3.724910	-0.465465	-4.881036	3.880156	1.489742	-1.437984
-0.016701	-2.888875	-2.625608	-0.542596	-2.503168	3.185231	1.332874	-0.839963
-0.531963	-2.938820	-3.511980	-1.022953	1.391426	3.455910	-0.278309	-1.407440
-1.784596	-2.156316	-2.619925	-1.736837	1.800646	2.335995	-0.596906	2.096588
0.798202	-3.444061	-5.199742	-3.212548	2.976392	0.823383	0.418583	1.418319
-0.331567	-0.071754	2.415771	-0.844784	0.485364	-2.338723	1.457556	0.168456
2.167697	-0.520095	4.066715	1.400854	0.015563	-2.206624	3.741716	1.233999
2.336598	0.467517	5.755589	2.720967	0.743889	0.246481	2.543760	-1.139951
0.763334	-0.633317	5.501396	3.486955	0.978541	-1.575509	1.764190	0.596206
-1.321091	1.504504	1.891036	3.838619	1.439121	0.971707	0.113404	-1.860029
-0.958376	4.355980	1.336611	2.740558	3.763728	0.988630	-0.460996	-0.058254
-2.159920	1.325212	-0.574180	3.180074	1.089662	2.255958	-0.169812	2.107429
0.146378	1.670402	-1.793634	3.035066	-2.949176	-1.638306	-0.016844	-0.755176
0.738620	0.246050	1.530649	1.383435	0.965414	-3.345164	-0.534091	-1.246171
1.200107	-3.145942	-0.525831	1.178882	-1.751569	-3.713914	-3.037155	-1.653654
2.957241	-1.029075	-0.163571	0.746205	-4.274323	-4.524757	-1.474235	-2.199124
5.025423	-1.209846	2.762029	-0.059894	-0.546950	-1.095892	-0.797531	-2.335981
6.339054	-0.583755	4.054969	1.342886	-0.239748	-0.372819	0.132055	3.596375
2.144037	-2.602800	5.715351	1.638643	0.393582	0.426562	-1.012276	2.015047
1.625672	-3.633282	2.502376	0.802579	0.257641	1.135952	-0.732024	3.225633
-0.703739	-2.779798	0.120844	1.336293	-0.924172	-0.719249	-1.210391	1.966335
-1.446395	1.278953	-1.820744	-1.194814	-3.035757	-0.771540	-2.383077	-0.132947
-2.278893	3.127972	-4.271586	-2.317041	-3.702013	-4.332122	-3.001081	-4.152111
-2.718634	3.838059	-3.200082	-2.273989	-2.477540	-3.631294	-3.041605	-4.176058
0.157785	2.486316	-3.869331	-1.706458	-3.179439	-2.529355	-0.430849	-2.196787
0.478865	1.044245	-2.966432	-1.443647	-0.589109	-1.814506	0.416586	-1.870897
1.323008	2.523346	-1.252884	0.237743	-0.710551	2.137254	-0.230200	-0.647888
2.849415	-0.366380	0.247513	-2.931586	1.917737	2.414726	-0.121108	-0.269959
1.184987	-1.431230	0.961060	-3.244835	0.596452	2.466609	-1.960338	-0.882809
-0.294174	-0.407104	0.639659	-1.479404	0.228897	-1.745895	-0.569590	0.933861
-1.550366	-1.777501	1.901710	0.368107	-1.704830	-1.539087	-1.534267	0.467453
-1.075989	-1.337419	2.131614	0.374499	-0.337828	-0.022366	-0.955768	-0.067433
-1.962041	-1.065857	1.979071	1.967672	1.816602	2.648568	1.502906	0.188704
-1.373421	-2.404313	2.080683	-0.003775	0.562360	0.214116	-0.550345	-0.911837
-0.569326	-0.541287	-0.659750	-0.529441	-0.678253	0.089577	-1.345323	-0.473954
-0.030057	-1.962176	-4.344928	0.795273	-0.254439	-0.365647	-0.350029	-0.029348
-2.044210	-0.644681	-2.040848	0.064669	0.672004	0.383044	-0.924862	1.219883
-1.193286	-2.372898	-2.650412	2.472445	2.728875	-1.270451	0.241576	3.487639
-1.382182	-0.833827	0.530183	2.372003	2.457474	1.336370	-0.656116	3.110319
-0.345297	-0.874566	0.320537	2.711041	2.560500	-0.219293	1.299862	0.864525
-3.172030	-2.124614	4.025050	2.792260	1.082253	1.334361	0.373008	-0.016943
-2.814879	-1.221570	4.930323	1.109960	0.617934	-2.768270	0.071022	-0.445385
0.693056	-1.605431	4.923058	3.291041	-0.185158	-0.781583	-1.692197	-1.964900
2.748877	0.651002	5.766353	1.502902	0.009576	-1.279179	0.317749	0.141712
4.021587	0.163433	3.126811	1.547345	-0.157562	1.715543	2.650660	-0.500250
1.582484	3.539862	3.594131	0.960968	1.495125	-0.513917	2.399035	-0.881284
3.187672	2.532991	2.674415	0.412972	0.087738	-1.362859	2.358973	1.359610
2.508352	1.115020	-2.041037	-0.084844	-2.142522	-2.263781	-1.377427	2.122732
-2.175676	0.249253	-5.590825	-1.127879	-1.563958	-4.308185	-3.278866	-0.402817
-0.113210	-1.321110	-4.505348	-0.845535	-1.400568	0.563931	-2.740646	2.327761
-3.035449	-2.365667	0.597894	-0.806110	-0.118654	3.905967	-2.498468	4.361969
-2.504992	-0.585818	2.147303	1.203795	0.051885	3.565524	-1.355132	1.168905
-2.384636	-2.428159	2.624878	1.769780	1.146848	5.518801	-0.536339	1.994371
-1.274382	-0.403391	-0.227779	0.357345	1.671735	5.096799	0.843708	0.538466
0.052172	-0.752911	-1.461269	-0.122011	1.711845	4.235519	2.164710	0.895890
-0.947273	-0.197617	-2.834891	0.526412	4.126278	3.503560	1.965464	1.481744
0.993885	-0.551509	1.368455	-0.192786	2.670534	1.676924	2.976570	2.211327
1.680647	1.196015	1.156271	2.259395	2.783011	1.570910	1.685927	3.639541
3.606613	-0.685043	-0.356445	0.075855	-0.151790	-3.391482	-2.637868	0.706184
1.982985	-1.519683	-0.528291	0.265693	1.102730	-1.472050	1.020086	1.058957
-0.331136	-1.111201	-4.329367	0.022609	0.434871	-0.552994	3.742986	1.081860
-1.463549	-1.768498	-1.318872	0.721602	1.659331	0.729185	3.316331	1.321993
1.213948	-1.398771	2.143293	3.196573	3.386712	-0.097111	6.254220	1.106257
0.530754	-0.101619	1.473329	3.295621	3.074011	1.357916	6.674752	0.473650
0.384072	-0.082841	0.347837	4.119546	4.301229	2.464469	5.016526	2.327374
-0.501198	-0.712335	0.789716	3.290747	2.617064	2.077747	3.165339	1.850227
-0.712855	-2.847599	-1.093134	3.157425	4.436817	2.839350	2.190591	0.048511
1.367703	-0.631633	-0.122011	1.673978	3.019687	-0.679122	2.620080	-0.321076
2.216776	-0.605134	0.431384	-0.243494	1.451672	-1.369567	-0.033295	0.074067
3.195665	-0.932102	-1.330349	0.203109	-2.209227	-1.775987	-3.461535	-1.754160
1.093471	-2.663735	-2.029109	-1.582713	-2.292111	-5.209080	-3.155242	-2.699457
-0.255404	-1.348732	-3.099497	-2.784161	-2.812781	-4.629746	-1.788218	-4.120225
-0.749061	-1.472890	-3.748311	-3.365736	-4.462438	-1.202385	-3.901764	-3.498663
-1.938497	-1.226310	-4.114653	-3.953537	-5.039782	0.255902	0.936419	-4.662772
-0.907513	-1.697989	-3.061622	-2.780566	-6.625114	-0.468582	2.059429	0.371548
-0.893707	-1.154427	-5.504318	-2.444423	-4.324235	0.280161	3.565165	3.512196
-2.272179	-1.245821	-3.253340	-2.863108	-2.323245	-2.038469	3.716426	1.327374
-2.449327	-2.215571	-3.157890	-3.632322	-1.269946	-3.239770	2.748809	0.289880
-2.251752	-0.397975	-2.719266	-2.296965	-0.983238	-3.716143	0.612713	-0.215286
0.542349	-2.672332	-1.334470	-2.578539	-4.121521	-1.297188	3.462237	-3.272625
0.321475	1.189159	-2.986300	-3.642142	-5.205397	-2.502004	1.021280	-2.654035
-1.337873	2.638700	-1.152958	-1.703277	-2.937767	-4.379992	4.450839	-3.276118
1.073207	4.122591	0.726457	-0.041744	-2.232431	-1.058751	3.583314	-1.118174
-1.190686	4.175434	2.036946	1.977258	-0.916490	3.592220	1.058202	-2.395804
-0.966050	4.618430	-0.515594	-1.501374	-0.541546	1.006619	-0.633098	-0.643207
-0.170586	-0.375219	-2.348461	-0.827039	-1.465198	0.484447	-2.026687	-0.756184
1.905309	-0.319914	-2.500556	-3.511639	-4.049148	-0.329095	-4.504167	0.618165
2.587033	-2.889252	0.696922	-1.123973	-2.385597	-3.549008	-3.281240	-2.424661
4.317389	-4.285132	2.121771	-0.653942	-5.298645	-3.191391	-2.781006	-0.344362
2.146376	-3.134854	1.687091	-1.275948	0.058806	-2.867245	-1.469069	0.915161
4.085795	-3.160217	2.715483	-0.141491	0.556556	0.036331	1.049972	0.715709
4.376946	-2.534819	1.626846	-0.706171	3.276903	1.106536	1.634914	0.946679
5.712231	-0.125259	0.329079	-0.777490	4.419446	4.809271	0.808855	2.338374
4.008949	-0.996237	2.473983	-0.417047	3.075185	3.545636	-0.039105	1.910490
3.652301	-1.196651	2.350957	-0.648145	5.239419	3.306430	2.229531	1.508429
2.672188	-0.189801	1.743300	-0.399583	2.130247	1.648154	0.464262	4.401790
-0.044791	2.206314	2.525212	0.035138	3.912167	-0.999393	-0.655113	3.330272
-0.578534	3.885395	2.548693	-0.091884	1.921778	0.774090	-0.794896	6.807874
-3.297042	4.381743	3.133943	0.800252	2.197680	-2.773497	-0.727489	3.341997
-1.602313	4.536458	5.986660	0.830944	2.684072	1.900744	1.951006	4.310539
0.197351	3.949542	4.765344	2.622191	3.277852	2.258715	3.123589	0.911800
-0.471647	4.592095	4.754495	3.405493	2.331719	2.680316	3.753158	2.238580
-0.934209	3.879918	3.357813	3.707348	2.744173	2.028745	2.566311	0.215577
-3.024233	4.998211	1.571796	2.888356	3.288311	-0.522597	0.435546	0.031692
-0.854720	1.666175	-1.178356	1.229817	1.643435	-0.183010	-0.614838	0.050523
-0.902369	0.321911	1.574857	3.831228	2.115941	1.868906	0.863658	-0.339630
-0.484181	-1.496381	2.801133	2.684390	2.089129	2.642150	-0.696967	-0.081468
-0.041654	-4.318901	2.072473	2.934001	2.235298	4.047523	0.165883	0.286209
-0.041488	-1.255147	3.642575	3.526960	2.485347	4.931224	-0.444591	-1.718700
2.016915	-3.940119	2.411940	3.448267	0.638574	4.178652	-1.692192	0.001905
3.420457	-2.590018	0.368765	1.232021	0.587979	2.062508	0.074480	1.158422
3.283038	-1.578642	-0.859749	0.310120	-1.755839	0.455492	-1.803179	3.187051
2.913358	-1.094991	0.162197	-1.181637	-2.701083	-0.940398	-0.608267	4.853591
1.814017	-0.837965	-3.840499	-1.331450	-1.705652	-1.369660	-2.372189	2.904742
2.079614	2.791437	-1.477836	-0.990520	-1.926348	-1.402596	-0.867143	-1.021697
-2.046949	3.492114	2.366184	-0.341348	0.164828	0.761594	0.285167	-2.352627
-0.294474	3.916367	1.587661	0.969964	0.419875	1.015010	-1.217260	-3.006149
-3.694759	6.091396	2.525793	0.225716	0.916892	1.934052	-0.163824	-0.888764
-1.353306	4.204002	0.153581	0.769107	-0.500823	0.032919	-1.956128	-2.901771
-3.249014	0.405783	-0.106278	-0.746965	-1.429970	-1.612490	-2.621572	-1.572373
-3.010183	-0.715958	-2.517583	-0.658900	-2.854151	-0.878973	-2.741659	-0.987569
-1.265813	-2.184924	-4.979537	-3.061700	-2.017967	-1.505933	-3.086789	-1.230560
-3.064105	0.654487	-2.343839	-2.617365	-3.925019	-2.057169	-1.911663	-0.904948
-0.618158	3.079175	1.231010	-1.985796	-2.439908	-2.476482	-2.231084	-2.178433
2.519027	4.661739	4.014908	0.302005	-0.336135	-0.872271	-4.330851	-0.783916
1.201251	5.795179	2.553354	0.648337	-1.045702	0.146061	-2.516567	-0.592298
5.063212	4.092495	5.329648	0.375200	1.110992	-1.339585	-0.781633	1.634721
2.643711	4.073887	3.091088	2.752092	1.214743	0.312391	-0.500250	-0.750261
1.053048	6.966255	4.988274	1.406612	0.804253	-0.533412	-0.610619	-0.724244
-0.602478	3.534198	3.053304	0.763759	0.834718	0.665705	-0.656842	0.779971
-2.319466	4.201316	3.572278	1.580832	2.387839	1.717842	-0.774119	2.308384
1.546682	5.188209	3.002894	2.127331	2.406614	1.454099	-0.500452	2.109792
0.355467	4.812377	2.503652	3.406752	2.249642	2.214174	-0.177041	-0.120504
1.889588	4.781619	2.972350	3.058697	4.358022	0.783368	-1.006589	0.774295
4.930345	2.133834	2.569787	4.393763	4.604853	1.292879	3.861005	1.055787
3.454937	1.276822	2.671162	4.191750	3.341533	2.629308	1.330638	-1.194827
1.610966	-0.054516	1.219274	0.126256	4.374063	1.840953	1.421711	2.106750
-0.691971	-1.611583	-2.530278	3.464481	3.560341	0.697213	-1.053279	1.655118
1.091426	-1.955778	-1.536495	-1.492178	3.003165	-0.113410	-1.355432	4.047277
2.095658	-0.023202	0.845421	1.910880	2.586136	-2.183319	0.241051	4.126025
0.115423	3.665344	3.331970	0.717952	1.909451	-1.403515	0.401969	2.919762
-2.960778	5.612660	1.412251	3.465139	2.198010	0.700604	-0.222079	0.965486
0.157954	4.683144	1.508762	3.142738	0.243212	-0.548065	0.859207	-2.028603
-3.157282	5.323997	1.759901	2.589648	-0.348343	0.752378	-1.337875	-5.075206
-4.476485	5.976718	1.514369	-0.396030	-0.165558	1.130932	-1.792326	-3.046124
0.490343	3.704705	-0.120436	0.913800	-0.736033	3.110898	-0.636646	-4.273457
-1.354198	2.801958	-0.572016	-1.139161	-0.910068	3.424773	-2.963637	-2.777908
-1.607909	2.328576	-1.098972	-0.282415	-0.775465	2.378057	-2.393398	-0.679876
-3.667789	-0.523943	-2.842704	0.134336	-1.923124	2.118050	0.926969	0.415738
-0.660940	-1.765198	-3.054014	-1.144707	0.024453	-0.003949	-2.387636	0.604332
-0.670862	-3.372690	-4.067904	-2.311346	-1.080533	0.595959	-1.651414	1.162906
-0.824955	-1.561622	0.010327	-0.144583	-0.503685	0.989973	0.701234	2.752359
1.949879	-1.462194	4.575775	-0.570818	-1.390402	3.279593	2.098508	1.412290
5.455341	-0.358106	4.049341	1.809047	0.454914	1.370618	2.890007	0.245098
4.104230	-0.733760	2.457923	0.925912	-0.088137	-0.709154	2.224530	0.087282
6.725245	-1.176058	2.575421	0.411374	0.235344	-2.478122	2.660078	-1.373358
1.786485	-1.772999	1.183131	1.560235	-3.015244	-2.513187	-1.260752	-2.192223
4.181251	-0.909686	-0.636646	1.600591	0.371399	1.329249	0.620842	-1.932815
2.835640	-0.996020	1.123489	0.857942	-2.015028	2.962187	2.906358	-0.624334
2.909754	0.443599	1.624234	-0.222813	-2.820225	1.520024	2.436597	-2.665980
1.461890	-2.068131	1.677487	-0.148775	-0.922094	-0.176039	2.221457	-0.395156
-1.016751	-0.263711	-1.006751	-0.364145	-2.443135	-0.805804	0.948438	-2.395161
-4.193370	-3.983343	-3.745783	-1.071624	-2.051648	-1.697871	-0.959160	-3.109396
-2.715068	-0.407027	-5.057710	-1.475513	-3.889434	1.313160	-2.090338	-0.260163
-3.022745	-2.571365	-4.381333	-1.834714	-2.869793	0.562286	-5.519995	-2.277762
-1.736603	-0.835959	-3.523152	-2.731727	-3.943326	-0.829493	-4.298832	-0.730393
-2.666442	1.918890	-1.775070	-1.764754	-4.163734	-2.212177	-3.992849	-0.977559
0.224138	1.491281	0.481613	-1.107695	-0.900216	-1.696167	-0.596847	-0.812559
-0.167264	0.562713	1.332596	0.090149	-1.577274	-0.915764	-0.169225	-1.103894
-1.883550	1.437083	0.553476	0.108276	-0.235107	0.349830	2.003715	0.016135
-2.308919	0.085192	-3.055645	1.829386	-0.902916	-2.142184	0.027375	-1.689173
-0.549372	-0.732764	-3.127671	-0.574122	-1.824001	-1.930908	-2.007846	-0.085219
1.695389	-2.830785	-1.294802	-1.971050	-2.651463	-2.180442	-2.593248	3.081297
4.089865	-1.551573	0.842361	-0.543598	-2.905402	-2.059388	-2.563432	3.489374
6.439054	-0.148029	0.571517	-1.671768	-1.964118	-2.604045	-0.611397	3.066611
2.263056	0.256445	-0.487536	-1.489559	-0.936911	-1.292916	-0.262642	0.948507
0.686770	0.713447	0.152802	-2.854274	-3.138882	-1.768400	-1.839270	0.318562
1.250595	-0.858423	-4.712971	-1.577813	-2.415430	-1.654299	-0.166178	-2.683426
-0.201069	-1.479268	-2.789355	-2.838876	-0.951456	0.243486	-1.391767	-2.870856
-3.663224	-1.592189	-5.310653	-3.151166	-2.828360	1.464956	-1.881037	-4.051730
-1.847469	-0.723088	-4.036163	-1.938182	-1.435041	-0.678392	-2.517888	-3.068447
-1.450807	-0.597966	-2.294689	-2.316726	-4.443701	0.793743	-3.779620	-1.576310
-0.676036	-1.762424	-3.397631	-3.989298	-2.729338	1.253059	-2.380432	-1.292119
-0.376959	-2.169166	-0.672789	-3.074200	-4.629953	2.523356	-2.980425	-0.113573
-0.627876	-0.507591	1.684134	-1.020932	-3.317846	3.600432	-2.945897	0.638525
0.128412	-0.292502	2.385239	0.945405	-1.001017	2.935887	-1.340049	1.825876
2.348905	0.281899	1.228723	-0.902390	-2.468965	2.786921	-2.018281	1.314879
3.520901	-1.661388	-1.158113	-2.017117	-1.219791	1.815832	-1.760592	3.259333
1.653800	-1.280466	-1.698271	0.764022	-0.203594	3.113219	-1.467582	0.905737
-0.917998	-1.492137	-2.103652	-1.629973	-0.218273	0.584882	-0.800751	0.626091
-0.575496	-3.767002	-3.231757	0.490997	-2.707930	0.954121	0.133103	-0.629605
-3.315292	-0.615962	-3.339686	-0.274168	-2.966863	-4.496466	0.244478	-3.696252
-2.385789	-1.665519	-5.951341	-2.498770	-2.098772	-4.983780	-0.993023	-2.776852
-1.471987	-0.473376	-3.594723	-3.034909	-2.362057	-4.203121	-3.005302	-0.875603
-0.675986	-1.584033	-3.299632	-1.909386	-3.079117	-5.810290	-0.442257	0.824492
-3.021488	-1.200093	-3.603669	-0.798902	-2.764252	-3.045287	-2.750389	1.536034
-0.859094	-2.010956	-4.718935	-3.805556	-2.829361	-2.053914	-2.251396	1.916422
-3.286303	-1.645626	-1.027232	-3.185351	-1.807445	-1.601771	-1.573578	0.197355
-1.747317	-1.688403	-2.365759	-2.293286	-1.752502	0.383342	-2.198434	-0.745366
-3.030537	0.029812	-2.637018	-2.769362	0.445168	-0.442277	2.834536	-0.721243
-1.032363	-1.617085	-0.808409	-0.009080	1.656366	1.153672	-0.417168	-1.793076
-1.140797	-1.711394	-2.378234	-1.467240	2.847892	1.816888	0.348355	0.003435
-1.711038	-0.441517	-2.755192	-1.947743	3.582747	1.816770	0.799007	-0.244111
0.533912	-0.535656	-2.615585	-1.089990	4.562031	1.126819	1.713786	1.663585
-1.271948	-0.744713	-1.061014	-0.448481	4.544246	-0.729668	2.570895	1.169324
-0.458318	-0.434288	-2.034579	-0.268116	3.859392	0.771111	3.297033	1.663405
-0.671099	-0.624985	-1.113181	0.242803	3.564369	-0.188547	-0.149398	1.870327
-1.469592	-0.991903	-0.449321	-1.924723	2.346280	-0.738441	-1.364498	1.011690
-0.220297	1.364454	-2.136899	-0.721395	-3.048077	0.111027	-2.056967	-0.799006
-1.865416	1.650485	-0.582516	-1.769314	-0.499399	2.425158	-1.710003	-1.747462
-0.336449	2.587489	0.944427	-1.113280	2.152315	-0.567349	-0.773106	-1.685778
0.384802	2.467464	-1.515670	-1.007594	1.106264	2.224704	1.888625	2.718846
-3.008261	1.660309	0.014892	-1.697055	0.897951	-0.380482	2.875890	2.904109
0.172658	1.051521	-1.596287	-1.204465	1.729576	0.334792	4.283791	4.883412
-2.159539	-1.219200	-2.090309	1.002077	0.531740	-1.512774	2.182928	2.182653
0.162345	-1.750657	-0.196673	1.083069	-0.219356	-1.280582	1.984602	0.933132
1.748110	0.595649	1.806419	1.911512	-1.826311	-1.461330	1.827514	-1.634750
3.615056	-1.249684	1.533167	1.002004	-0.855223	-2.261721	-0.381836	-3.853295
3.245782	-0.051857	3.540871	3.050247	-2.427891	-1.192055	-2.203647	-1.959902
3.293086	-0.351371	5.461830	2.460139	-0.992715	-1.260631	-2.522618	-1.233671
3.780469	-0.839529	5.110644	0.827980	-0.592893	0.393150	0.418053	2.499397
3.853129	-0.898332	5.540911	1.073470	1.509176	0.022387	-3.142435	2.604402
1.057565	0.893419	4.158232	2.829009	-0.482106	-1.294221	-1.528280	2.679143
1.576477	2.795222	1.235307	0.124596	-0.300838	-2.160072	-1.757882	0.597422
-1.879635	3.845976	0.242034	-0.058969	0.903980	-1.733769	-3.389140	-0.928163
-1.076674	2.402879	1.034013	-0.325786	-3.125649	-1.599811	-1.400852	-4.629512
-2.692639	2.449430	0.088044	0.168945	-2.346224	-3.467098	-2.333219	-3.013424
-2.806531	-1.219974	-0.915674	0.333322	-2.514644	-2.496332	0.107062	-1.167400
-2.243951	-1.744132	-3.404141	0.082748	-2.712008	-2.548111	-1.344110	-1.726441
-0.564700	-2.569647	0.564243	-0.125380	-0.979213	-0.289337	0.750766	-1.369745
-0.983178	-1.334121	1.593476	0.149039	1.038741	0.958190	1.489992	-1.506713
-2.787587	-2.057054	2.197960	0.455805	0.980656	2.148770	2.018769	1.863654
2.064373	0.262552	2.995193	0.932417	0.906133	1.660102	0.968596	-0.547943
3.480502	-2.693804	4.925775	2.781976	0.933475	-1.360912	-0.135324	-1.017504
4.491098	-1.562024	5.263106	2.091581	0.025883	-0.046875	-1.585092	-1.554729
4.089960	-1.339909	4.579785	2.940033	-1.199543	0.363314	-1.459605	-2.912719
2.326689	-1.983961	5.508812	2.668931	-0.047599	2.892956	1.333336	-0.005572
-1.617917	1.176520	3.350287	2.550275	1.739215	1.462549	1.979832	-0.304491
-0.135559	0.353432	-2.014591	1.905465	0.116302	0.572193	-0.161315	0.196927
-0.713537	-1.648227	-5.464921	0.474601	-1.650538	-2.612811	0.659495	-2.654220
-0.867852	-0.016958	-5.744804	1.132784	-1.323502	-3.253864	0.917064	-1.777930
-0.171205	-0.578461	-0.794441	-1.703988	-1.356588	-3.501765	3.921592	-1.793305
0.159303	-1.857839	1.901169	-0.602613	-2.358196	-3.153216	3.989279	-2.826344
-0.502728	-1.332493	4.999124	2.426607	-1.137422	-2.558815	2.531827	-1.522746
-1.644699	-0.952723	4.501326	1.896874	-1.155866	-0.276364	0.783137	-1.630313
-0.737311	-0.209530	5.460373	2.704087	1.352075	-0.737562	3.227509	-0.920942
-2.042365	1.651982	3.099766	3.504246	1.131602	-2.538308	4.058945	-0.783136
0.749139	0.429115	4.576304	4.953051	-0.122283	-0.346204	4.486245	1.620408
-1.800000	-2.165234	1.294787	1.879703	0.788923	-0.998449	3.150010	-0.373812
-0.047883	-0.075866	-1.315485	1.896301	0.214420	-1.667043	2.380040	-1.736994
0.215190	-0.690681	-2.925413	0.131946	-1.502789	-4.549686	1.147238	-3.189839
0.932416	-2.224281	-2.872396	0.181537	-1.635702	-2.162779	1.015102	0.032153
0.113897	-2.043868	-3.705235	-3.739624	0.634083	-0.162120	0.445335	0.192083
-0.872669	-0.098041	-3.507030	-3.624539	2.389368	2.709291	-0.479662	0.155651
-0.605183	-0.455003	-2.740282	-2.515407	1.937954	5.111352	-0.140190	2.708557
-2.379746	-2.815054	-2.505489	-3.625028	2.098844	4.405065	0.050252	1.538702
-2.592158	-0.807496	-1.213553	-1.820101	4.227840	3.090829	1.113566	0.727385
-3.814820	-2.427029	-2.792774	-2.520826	3.271543	-0.131155	-0.111347	0.119508
-1.713932	1.225546	-0.613651	-2.291604	1.714356	-2.512987	-1.730688	-0.743730
0.148503	-0.235773	-3.562486	-1.960434	1.533080	-3.765167	-0.707555	0.344972
4.260287	-0.262187	0.366123	-1.972516	-0.745281	-4.201195	-2.538547	-2.700687
2.343117	0.476704	3.205774	-1.278149	-1.999927	-2.798670	-4.002865	-0.699104
2.278393	2.090199	-0.182532	-0.967434	-1.901855	-1.389293	0.553594	-1.594281
1.728915	3.930496	1.808604	0.501930	-0.642963	1.552537	-1.435671	-1.357917
-0.154719	3.616795	1.838582	-1.460357	1.809652	4.150921	-0.491458	2.556388
-0.489910	2.788394	-1.779497	-1.901395	1.500390	1.163257	-1.930667	0.377636
-2.559657	3.258994	0.054765	0.190217	-0.217345	2.306047	-0.397298	1.386426
-3.055763	2.517992	-1.451930	-1.761821	1.147548	4.600692	-0.440349	0.933258
0.211673	1.445388	0.034116	-1.363309	2.037371	3.737790	-2.053921	1.464834
0.422450	0.217281	-1.544597	-3.044147	2.424027	0.795743	1.079989	-0.394846
4.406766	-2.069430	-0.476168	-0.500234	3.716318	2.409752	1.689579	-0.256182
4.185521	-0.463645	-0.281397	-0.919770	2.460246	1.324815	0.527052	-0.480574
3.498814	-1.878166	2.041214	-0.621155	1.477713	1.288234	-1.666193	-0.657320
6.406245	-2.463294	1.171166	0.250412	-0.430379	1.547309	-0.097955	-0.957321
3.343911	-1.163429	0.991759	0.142930	-1.744028	1.887140	1.531967	-1.589176
2.523614	-0.202571	0.864793	-0.547099	-0.518831	2.537929	3.689173	-0.055284
0.847551	-0.838223	-2.142032	-0.019576	1.200614	2.635274	4.311464	-1.259845
-0.526678	1.241716	-3.276918	-0.170600	3.365608	5.327577	3.094940	1.773342
-0.293573	-1.235456	-3.515063	-0.871071	1.081055	1.296338	3.842002	1.605677
0.492563	-1.419639	-2.346268	-2.345888	1.002655	-3.178042	1.758751	4.884562
0.234831	-2.535134	0.124067	-0.460052	-0.501388	-4.709964	-0.493514	4.567095
-1.374370	0.037958	-1.101658	-1.101561	-2.950472	-3.019926	-1.292091	2.275979
-0.526642	0.081236	-3.311844	-0.591216	-3.354096	-4.275028	-4.142780	-1.278586
-0.636384	0.156400	-1.954290	-3.484016	-6.624457	-3.397670	-5.025081	-1.102400
-2.673599	-0.811550	-3.297298	-1.647961	-1.957053	-0.725551	-1.552193	-4.089062
-1.655486	-0.021817	-0.413666	-1.960650	2.361018	0.719729	0.438384	-2.867972
-1.321648	-0.465900	-0.638295	0.702517	0.766959	3.868771	3.071551	-0.837128
-1.457583	-1.256401	0.299114	-0.205060	2.068371	-0.468924	3.663408	0.282670
-1.578594	-0.505420	-1.940239	-0.877780	3.093457	0.718743	1.610055	0.635023
-2.159882	-2.065657	-0.655553	-2.500243	3.824818	0.109774	3.478193	-0.234070
-0.155146	1.258387	1.094871	1.194752	0.465858	0.100469	-0.640877	-0.911005
-0.539889	1.028910	3.268833	0.847404	3.634578	-0.374871	-0.967156	-0.367885
-2.615110	1.092512	5.011632	0.697514	3.446679	-0.881646	1.674057	0.225994
0.043088	0.442293	4.685969	2.307083	3.783766	0.192944	-0.248138	0.736431
-1.586894	-1.023348	2.114843	1.984011	3.517938	0.684101	0.153560	1.938326
-0.890958	-2.978012	2.256753	0.941299	1.870100	-0.228676	-0.554050	3.796482
-1.906204	-1.831499	-0.016799	-0.197854	-0.273248	-2.390085	-3.760065	1.821698
-1.158834	-1.303511	-4.532516	-0.472047	-1.400503	-2.562826	-3.446088	4.723576
-3.005248	-1.608247	-4.134896	-1.984879	-2.967263	-0.343798	-3.797317	3.199316
-1.489048	-1.282309	-5.504840	-2.815750	-3.618126	0.344599	-2.436951	0.848819
-2.004334	-1.342297	-3.384149	-2.330961	-4.599090	-1.075534	-1.816491	-1.827715
-2.251007	1.559887	-2.545322	-2.757809	-2.304553	-0.420497	1.189463	-4.620183
0.395932	-0.168655	-0.554961	-1.379695	-0.965312	-0.453388	5.119812	-2.526787
-2.722318	-0.546926	-2.964664	1.128481	-0.098666	-1.588308	2.565456	-4.118323
-1.484058	0.168075	-1.545034	0.928820	-0.779713	-1.036655	2.347395	-2.702193
-0.494989	0.254746	-1.540469	0.340822	-3.159851	-0.688930	2.004130	-1.478795
-1.366612	-0.531013	-0.844270	-2.318113	-1.746177	-1.183130	-1.898139	-0.255227
0.614473	0.800097	-0.815638	-0.616683	-0.931889	2.863543	-3.695413	-2.063490
1.518963	0.337476	0.008427	1.037611	1.378413	4.562692	-1.842691	0.396618
3.547759	-1.132178	3.211725	3.365170	2.894834	3.676817	-1.314872	-0.360802
3.060859	-2.405964	6.220356	3.628094	2.200873	1.946217	-0.232957	-0.669349
3.637763	-0.669583	4.846318	3.799683	4.630934	1.978395	1.332054	-1.454223
3.514368	0.301464	2.250313	5.002638	0.475518	-2.656050	-0.557838	0.733477
1.220275	-1.576925	0.968738	3.526959	-0.752872	-6.015716	-2.696333	-1.934447
0.049483	-1.554048	-0.164105	1.122647	-1.272536	-3.665904	-1.708732	0.222105
-0.585910	-1.076007	-0.116718	2.286002	-4.290671	-3.688612	-1.920933	0.508735
-2.457205	-1.098903	2.630699	0.964325	-1.511474	0.618260	-3.121137	-1.955357
-0.867102	-1.382337	1.846946	2.421615	3.545655	0.831514	0.489556	-0.642669
-0.309002	1.076492	1.394523	3.190773	2.984719	1.515549	1.309146	-0.878102
-1.092208	0.002282	0.020128	4.953199	3.871519	2.497166	-1.657166	0.869848
0.063482	-0.061867	-3.603938	2.180994	3.395457	0.272166	0.821020	1.122979
-2.593236	-0.928257	-4.793976	-0.129142	3.298036	2.878450	1.905703	0.360394
-1.423461	0.287413	-5.260387	-1.252208	4.379456	0.626018	2.290084	0.131293
-0.754994	0.493842	-2.719370	-3.864504	2.263121	1.318671	0.567763	0.992078
-1.990837	0.412129	-0.931227	-3.056931	3.690630	2.115209	-1.234660	-1.185450
-2.426590	2.817573	0.135143	-2.885987	2.521387	1.482234	-1.380986	-0.693191
-0.796855	2.474073	-1.995062	-2.746772	0.701392	-1.405754	-1.837913	0.035956
-0.956133	1.068930	-0.611942	-1.732186	0.174848	-0.375055	-2.750042	3.326694
-0.263624	-1.151959	1.304004	-1.882629	-1.935543	-0.092067	-3.388572	3.381522
-0.998630	-1.322793	1.552673	-2.104800	-2.791381	-1.164190	-2.369205	3.288342
-1.325152	0.052827	1.751967	1.512001	-1.920163	-2.579824	-2.306638	2.977655
-1.642590	-1.051100	2.875084	2.411774	-2.517488	-1.151468	-3.365374	-1.316038
-1.156245	0.424925	-0.722277	1.063120	-0.589854	-0.289520	-3.077511	-2.531235
-2.662520	2.062602	1.624085	-0.125061	-0.121560	1.796019	-2.285349	-4.010037
-0.307414	1.960530	3.183468	1.697431	1.673996	-0.885150	-1.856688	-3.062440
-1.234529	1.193707	2.864973	4.401797	2.084316	0.103873	0.333372	-1.847846
-0.279965	3.082034	1.840098	2.772036	2.461101	-0.994509	-0.385170	-1.180651
-1.860924	0.560410	2.992543	0.949350	0.353652	0.144302	-1.101413	0.305645
-0.007707	1.654034	0.644808	1.507037	2.418472	1.770308	-0.282856	-0.333658
0.171285	2.055704	2.353091	1.104100	3.577260	1.840510	0.742900	-0.373257
1.155851	0.273521	-0.977606	-0.723663	2.724920	3.579607	-0.111145	0.156748
-0.515909	-0.739317	-4.182787	-2.919951	2.595352	2.204601	0.087510	-0.679141
-0.813897	0.372890	-5.059449	-1.089663	1.898558	0.658092	-2.872436	2.054476
-0.189115	-3.748859	-4.554996	-1.754100	1.809540	-0.505919	-0.766682	2.671001
3.077438	-1.435866	-0.250226	-0.519361	1.290297	-0.975332	0.443072	5.222336
2.665861	-0.661329	1.879860	-0.741446	2.360233	0.731854	0.042326	3.700180
1.986851	-1.719552	5.064560	0.866545	3.251248	2.094340	2.298480	2.310337
0.261508	-2.237434	2.444775	1.229913	3.393743	1.545726	1.710235	3.684306
-1.873468	-1.462476	1.132303	2.632057	3.754920	0.782412	1.822890	4.307589
-1.340079	0.145521	-0.018656	-0.915022	3.111680	1.020300	0.715345	1.675487
-2.648627	-2.160844	-6.605802	-1.065224	2.709124	0.686790	-1.790798	-2.632799
-1.985311	-1.590873	-3.972736	-2.477548	1.510254	0.045482	-2.051840	1.976333
-2.642333	-1.334864	-5.693359	-1.029496	-0.750630	1.949777	0.192218	-0.405716
0.505907	-1.408221	-5.456472	-1.847165	-3.652126	0.911876	1.037579	2.632955
2.093406	-1.184743	-0.743474	-2.045357	-4.349532	-0.593822	2.566041	1.473447
-0.704535	-1.081931	-2.621167	-1.785771	-4.284549	-2.352015	1.192505	3.114262
-0.764319	-2.003386	-2.977151	-4.532107	-3.680375	-3.233002	2.190572	2.929700
-0.662245	-1.458910	-0.321827	-4.365765	-2.179708	-5.512185	-0.682759	3.040464
-2.903714	-1.588603	-5.876996	-1.324444	-6.250348	-3.690061	1.776213	2.782354
-0.970229	-0.379166	-3.603858	-1.641845	-2.859493	-4.932330	2.842888	-0.373928
-2.115489	-2.567200	-4.107413	-2.473767	-3.488443	-2.603292	0.900667	-3.014182
-1.459496	-1.808106	-1.735163	-0.946711	-1.192197	-4.031047	2.080449	-3.727405
-2.099050	-1.538285	0.024392	-2.373775	-2.709854	-1.912994	2.370936	-2.469797
-2.181352	-0.574038	-4.303648	-2.614261	-1.359412	-2.107832	3.366228	0.264943
-1.434404	-1.622966	-2.149685	-0.517268	-2.145971	0.833939	3.554424	0.529918
0.956093	-3.504269	0.663182	-1.568995	-4.182230	2.027419	2.527526	1.846027
4.297040	-1.706550	1.423550	-0.599044	-1.861688	2.179210	4.563934	-1.192826
5.213434	0.309891	4.236321	-0.357313	0.348156	3.251710	3.635048	-2.058342
4.778475	-1.658546	6.465993	1.639597	-0.086697	3.802122	2.952469	-2.351419
3.773762	-0.634264	5.124766	3.198787	3.033353	3.696544	2.759297	-1.476755
3.773994	-2.767262	5.978838	3.697856	-0.450693	4.577978	3.483733	-2.406650
1.466071	-2.124542	3.369810	2.494205	0.577466	2.331925	0.801777	-1.762302
-0.016109	-1.772706	3.166081	-0.584367	1.062931	1.717383	1.330930	-2.546909
-2.824746	-1.036254	1.852949	1.344740	0.375403	-1.103645	1.859693	-1.212671
-0.254242	2.319213	2.456516	2.076228	0.638081	-0.250760	1.780565	-0.698987
2.039003	5.588994	3.007579	2.594595	2.008568	-2.169662	1.169949	2.137847
2.499288	7.219287	2.662238	2.475641	1.361863	-1.702250	1.216044	4.143529
0.424813	5.190792	4.241893	2.085467	0.381867	3.853177	1.905450	3.220662
2.994775	4.019907	1.349343	1.165473	-0.987219	4.252818	0.040970	3.336048
2.952776	4.106132	2.569488	1.431058	0.192006	1.125174	-0.499397	2.132587
2.862713	2.979465	1.819626	2.191623	-2.524059	0.249045	-0.868650	1.068780
2.682586	4.300504	1.067358	-0.082532	-0.790413	-4.462368	-3.096688	-3.223270
1.453394	3.749450	0.362082	0.029992	-2.769354	-3.715465	-4.058610	-5.934064
0.876437	3.425900	-0.237701	-0.456705	-0.765483	-7.314745	-5.223015	-4.077198
-0.945087	-0.025546	-1.402393	-0.353722	0.301301	-3.776309	-3.679003	-4.305473
0.793523	1.856811	-2.098194	0.294441	-3.905902	-0.118057	-3.517973	-3.539187
-2.626536	-1.930532	-4.634005	-2.259518	-1.790491	0.899213	-2.833923	-0.405338
-0.531463	-0.853174	-1.424925	-1.131797	-1.808765	3.077000	-3.321254	2.291975
0.064541	2.541283	0.437243	-0.944097	0.214975	3.607105	-2.088063	2.780153
