X1	X2	X3	X4	X5	X6	X7	X8
-1.448242	-1.016934	-2.269731	-0.996550	-3.413516	-1.924154	-2.271686	-3.103641
-1.280139	-2.716560	-4.430030	-2.848194	-3.531907	-2.840187	-2.658759	-3.199946
2.428910	-0.887561	-1.252956	-2.509056	-0.930281	-2.645948	3.361557	-2.700339
3.903407	1.258763	-0.369109	0.130962	0.473163	2.401461	5.036364	-0.736720
-0.004949	0.947513	0.284111	0.915661	2.081626	-1.451162	4.700360	-2.294490
1.113244	0.861790	1.700306	-1.902858	0.718508	-0.536417	3.849646	-1.437050
0.866986	-0.315006	0.659075	-0.984495	0.204710	-1.325607	0.775021	-1.545602
2.496778	-1.002575	-0.574781	-3.682250	0.252433	-1.930132	-2.537216	-4.066545
2.438721	-1.971015	-0.532562	-2.950522	-2.568322	-3.201795	-3.097264	-2.887980
2.735914	-1.655226	-2.096166	-3.190712	-1.925354	-2.337198	-5.265223	-3.397609
2.155660	-1.721309	-3.551594	-1.890520	-4.118062	-2.115241	-2.880195	-1.535332
0.826958	-2.511361	-1.664546	-0.357344	-2.722845	-0.795426	-1.798379	1.055851
1.885409	0.410316	1.131280	-1.223086	-1.076802	-0.728155	-0.604576	2.583038
1.758615	-0.005376	2.326384	1.498556	-1.200733	0.792571	0.313315	2.817829
1.126274	2.470264	2.414666	1.370081	1.492063	0.633250	0.210592	4.114524
1.275789	0.062435	4.684227	2.068989	0.104487	0.752479	-0.997744	3.539322
0.997260	0.100438	0.915266	1.326781	1.240541	-0.735341	2.439007	4.006223
3.475388	0.587373	1.598386	3.112656	2.919525	-0.026113	-0.983556	1.731625
2.257772	0.266342	0.235686	2.340715	2.431939	1.045761	0.558267	3.294329
1.270915	0.551744	0.036666	3.746758	0.302985	2.164881	-1.373024	3.797934
-1.848384	-0.194921	1.360927	2.330184	2.772464	-0.162157	-2.403530	1.537540
-1.757023	-3.183751	-1.171430	-2.092506	-0.030623	-1.118253	-3.315650	-0.716054
-2.195903	-1.811447	-2.926405	-5.729113	-3.485677	-3.220209	-1.119885	-2.122348
-2.593222	-2.025808	-4.764097	-3.728736	-1.724495	-2.729226	1.912366	0.438957
-1.459980	-3.350133	-2.654206	-1.497075	-0.572777	-1.047907	2.002601	1.278462
-0.968176	0.205177	0.241868	2.740768	1.647778	-0.399653	4.090521	0.503266
1.076891	2.392823	2.760026	1.945496	2.119971	1.466434	1.771726	2.736068
1.274421	-0.397694	2.688569	1.527306	2.526302	-0.371147	-1.478084	2.536770
-0.022885	2.038225	2.777997	1.342399	1.056473	0.149102	-1.530010	1.405969
-0.993126	-0.185119	3.447210	2.503675	0.373584	-0.028421	-3.249852	2.957967
-2.024802	-1.058425	3.222509	3.412334	-1.347764	0.650684	-0.633610	1.583562
-0.362812	0.193606	2.202394	2.434275	1.167130	1.723213	-1.037483	2.343756
-1.053255	-1.118225	2.282767	2.455598	-0.654934	-0.626535	-2.455873	0.180547
-3.246731	-0.667018	-0.289073	0.495704	-0.408154	0.170839	-1.255278	1.880636
-0.391139	-1.487673	-1.255826	-2.668809	-3.970129	-2.219566	-1.357099	2.295823
-2.342978	-3.318889	-1.408090	-3.208441	-1.907060	-2.151854	0.753863	1.142807
-2.281747	0.320033	-0.949765	-2.877891	1.377755	0.221075	3.047309	-1.949410
-1.296147	1.095095	-3.311651	-0.829161	1.731617	-0.108181	4.585139	-1.381631
-2.178676	1.612496	-0.326747	1.246750	1.496326	0.444177	2.310253	-2.568153
-0.968033	2.796536	-0.027154	-2.561360	0.816684	-0.760754	2.112651	-3.276778
-3.775819	0.175315	-2.116969	-2.254589	0.293990	0.944625	-0.525968	-2.105505
-1.938931	-1.706765	-1.789094	-3.599540	-0.471154	1.689012	0.655098	-2.396234
-0.086071	-1.361306	-3.164226	-3.154311	-0.058348	1.731606	3.467047	0.212635
-0.703636	-1.074807	-2.419567	-1.843005	1.033509	3.388205	1.578080	0.627003
0.061174	-0.655568	-1.336516	-1.636620	1.313617	4.826007	2.746197	2.726668
-0.500340	0.049612	-1.458072	-3.055558	-0.250622	0.201710	-0.496102	3.116733
1.374221	-0.105369	-1.459634	-0.589320	-1.037908	3.334214	1.615183	0.763096
3.023860	0.382091	-2.007603	0.434195	-2.545840	3.943216	-1.864248	-0.385642
3.129876	-0.284009	-0.250877	2.197686	-0.155218	3.889214	0.046206	-3.224081
-1.065830	0.014232	-1.304658	-0.164348	1.383859	2.494208	0.665244	-0.649220
0.688843	2.263113	-0.377543	0.281992	1.897392	1.296494	-0.515434	-0.267359
-1.046204	2.174834	0.730167	-2.224394	1.516280	-1.648727	-1.438027	0.830601
-0.807072	0.857396	-2.269127	-2.960906	-1.479674	0.389141	-1.284835	1.319262
2.291742	0.972698	-0.845025	-3.894647	-2.558471	1.510198	0.182742	0.973524
2.213238	-1.441759	-1.416326	-2.187215	-2.525510	2.029541	-0.037795	1.817887
2.450116	-3.138176	-1.872731	1.176288	-5.471991	-2.273430	-1.904248	1.746251
2.592577	0.326647	-3.984939	-1.308539	-6.274712	0.218782	-1.213115	0.162716
1.787021	-1.479790	-3.142949	0.130004	-3.946674	-0.946224	0.199204	-1.234916
0.665550	-1.652487	-1.523061	1.755016	-1.031776	-2.503150	-0.338492	-4.314946
-1.209636	-1.669244	-0.458075	0.349296	-0.949117	-0.414997	1.421899	-0.206473
-1.184836	-0.829261	2.922810	0.839043	0.903202	-0.230967	-1.225724	-1.883896
-1.635550	-1.779739	1.451294	0.303456	0.341084	-2.410961	0.945740	0.331084
-1.732876	-1.417377	3.777077	1.950335	-1.865773	0.553018	2.657891	0.891768
-0.374415	-1.161676	3.872059	1.747879	1.685932	2.260470	4.860829	0.633957
-1.665565	-0.360336	2.144441	0.536686	0.674401	1.652692	3.999955	0.050550
-1.462526	0.526443	2.938724	-0.312043	1.195532	0.854583	2.289769	0.755550
-0.986898	0.932660	3.961607	1.486789	0.201427	-1.032758	-0.508430	1.508855
2.292222	-1.165184	2.504390	-0.351818	0.264086	-0.070733	-3.176039	2.163166
0.131733	-1.186490	2.472474	2.618134	-2.423491	-1.889543	-3.388360	3.193385
-1.464665	-1.508159	1.396760	2.036946	-0.883503	0.273810	-2.530892	4.921111
-2.365269	2.159310	2.587646	1.992816	-0.049250	0.207824	-2.753134	3.359544
0.789819	2.398516	2.415635	1.484042	-0.103232	-0.630402	-3.234087	1.797186
-0.485098	2.991159	3.162425	0.171924	-2.535549	-2.228170	-3.096449	1.067637
-2.004820	2.479038	0.729317	-0.601339	-2.026600	0.854419	-2.587920	-0.750102
-0.914847	1.230653	-0.375988	2.348252	-0.866485	-0.128336	-0.650000	-4.488732
-1.962078	2.624204	-1.255192	1.779495	-0.388104	2.430663	-0.117989	-6.218851
-0.501012	1.282091	-0.532292	4.270589	3.257244	1.875314	0.367314	-2.637160
-2.891348	4.583012	1.055410	3.281333	2.363458	1.718617	0.362410	-2.271557
0.502814	2.416067	1.418215	2.328727	4.850038	2.865169	0.648898	-1.494142
2.770775	4.286356	1.019123	3.753368	4.418486	2.231069	1.585380	0.376686
1.578036	3.913879	1.427334	5.316756	2.987000	4.095316	-1.455644	-1.009674
4.542297	4.204735	1.345148	1.173989	5.072981	-1.854991	-0.754574	0.751980
3.724460	4.620623	2.329765	-0.212134	2.448730	1.408245	0.288790	-0.109152
0.972324	3.273943	3.011986	1.557786	2.605945	-0.326976	1.982250	0.571531
-0.159609	1.513994	1.419710	1.315347	1.971128	0.179645	3.761106	0.090029
-1.341739	2.797076	1.221938	2.365449	2.143178	0.872205	3.287558	-1.632158
-0.313865	0.130788	-2.403831	-1.384010	-0.532805	2.719504	3.308406	0.131472
-1.953686	-0.822970	-1.632696	1.436468	0.295479	2.671940	2.601153	-2.106082
-1.451302	-2.149899	-2.655858	-1.760818	-1.504769	2.744011	0.110297	-1.276919
-1.557212	-1.882099	-2.306816	-0.919568	-0.854051	1.395718	-0.965861	-3.028538
-2.064414	-2.331172	-1.129370	-5.119585	-4.210266	-2.097842	-4.862819	-4.164438
-1.064009	-4.039918	-2.954921	-2.277570	-3.009414	-1.678671	-2.593578	-2.903421
-2.993496	-3.685138	-1.985869	-2.809025	-3.268795	-4.104768	-3.826137	-3.021884
0.585227	-4.570032	-4.240413	-1.144550	-2.703310	-1.768936	-0.995995	-3.353627
-0.367641	-2.849101	-3.148454	4.377353	-0.265458	-1.485976	-0.434651	-4.815350
-0.934398	-1.010646	-0.784592	2.453082	1.417860	0.805811	0.397694	-2.955353
0.552356	-0.987067	-1.527426	4.541536	1.839643	1.009625	2.948343	-1.523635
-2.296477	-1.163466	-1.234757	3.275213	0.017592	1.337762	0.208394	-0.214295
-1.090398	0.309657	-0.826886	1.581212	-0.799793	1.786024	2.630749	1.456067
-1.050205	0.265801	-0.217212	4.082132	3.516887	1.394307	0.127609	0.654551
-1.069998	-0.813334	-1.412435	2.070671	2.143831	2.800812	1.770774	0.203058
-0.382676	0.384050	-2.183656	1.125027	1.697640	-0.507763	0.383044	-0.813011
-1.168138	2.146553	-1.226374	0.284999	1.913013	0.271981	-0.040979	-2.436958
-2.752583	0.027873	-1.553591	-1.264015	1.204950	-1.828958	-3.312295	-3.048480
-2.047311	-0.215790	-2.668606	-0.481517	-0.207350	-2.813080	-4.131703	-3.389977
0.480879	-1.151136	0.029981	-3.419707	1.188413	-1.388586	-3.526403	-0.682550
1.008788	-1.436668	-1.480031	-2.297887	1.125038	-1.722377	-1.699294	-2.929898
2.489817	0.072714	-0.029142	0.416940	-0.483174	-1.440555	-1.132375	-0.710620
2.513866	1.119810	1.848448	2.336974	1.175774	0.599080	0.412854	0.873983
0.030936	1.294318	4.520938	3.629412	0.238084	0.961526	2.052595	1.010913
-0.370272	2.181037	2.729528	3.046954	2.875054	0.496382	2.639747	1.694869
-1.703957	-0.423834	1.846718	-0.458503	2.042984	-1.035151	1.237512	0.753452
0.358482	1.508905	0.625808	-0.748060	2.593673	0.324124	-0.444210	4.366162
-0.153355	0.975852	0.144497	0.457581	1.673521	-1.496294	-0.302618	2.123900
0.681733	-0.016194	2.989584	-1.109982	2.505127	-0.789404	-0.994612	0.681465
-0.497353	-0.810034	2.266869	1.122050	1.533791	0.353091	-1.597491	-0.896743
-1.377112	-0.311768	2.479253	2.731876	-2.249889	-0.552309	0.545447	-0.284522
-2.100344	1.829201	2.080734	0.858893	-0.861713	1.158895	-1.685199	1.064328
-1.060847	1.634974	1.485112	2.202800	2.385818	1.943103	-0.881927	1.945405
-0.075322	2.513848	2.477887	0.310695	2.056104	3.636012	1.208262	4.899812
2.255734	0.041724	0.390457	-0.018524	2.838244	1.598524	0.639170	5.647347
0.252920	0.728198	-1.263176	-1.359158	3.740936	-1.342664	-2.195502	4.150911
0.634438	-0.306528	-2.595615	-1.081709	1.613881	-0.756352	-1.873054	2.383804
-2.710312	-1.441157	-1.764259	-0.776479	0.980778	-4.099440	0.048615	0.643827
-2.273828	-0.395290	-2.935909	-1.139569	0.181025	-1.960431	-1.282894	-0.120521
-1.771111	-0.645528	-0.756065	0.270619	-0.625879	-1.549223	-2.928582	-2.261240
-3.623359	0.878028	1.825972	-0.244717	-3.323433	1.468381	-0.964846	-2.007529
-2.072271	1.743776	0.965801	2.411321	-1.553940	1.923182	0.755813	-0.702088
-0.735347	3.072717	3.757521	3.512032	0.218500	3.209178	2.331697	1.630682
-0.601685	2.706847	3.304233	0.812414	0.904686	3.277670	4.617406	3.009381
0.615615	4.517566	1.480236	1.229465	-0.610982	2.422255	3.781540	1.073510
-0.816047	2.111874	3.194028	2.728783	1.700093	0.466534	2.755501	1.931669
-0.409368	0.135067	1.983010	0.375267	0.032611	-0.346993	-1.790711	1.420957
3.867351	-1.186753	1.504080	0.779516	-1.259729	-2.889229	-2.338795	0.796875
2.423712	-2.234890	1.955338	-1.053974	-4.033728	-2.419172	-0.223051	0.851123
5.069815	-1.370044	1.986783	-1.999803	-0.967087	-2.299125	1.083423	1.288899
5.071461	0.705183	-0.220685	-0.093173	-0.011107	-2.079586	-0.782474	-2.614795
4.249351	0.441391	-1.113167	0.206614	1.380310	-0.832258	-1.843540	-0.248960
2.659586	1.816777	-1.179765	0.571657	2.564664	-1.423040	-2.409175	-0.930196
-0.798033	0.829041	-0.023278	-0.928147	1.884653	0.348268	0.371622	0.044496
-1.373705	2.606781	0.735593	1.181000	2.886077	-1.672136	-0.867549	1.371418
0.013970	-0.288703	1.034446	0.540098	4.374233	-0.648952	-2.501487	1.123468
-0.486907	1.464886	0.225681	1.003245	1.811821	0.183920	-3.372491	2.010245
0.388266	0.849247	0.896597	-0.227362	2.552239	-2.396021	-1.134061	1.297051
-1.086111	-0.251821	-0.259007	-1.754924	4.408887	-1.196275	-1.821096	-0.190415
-1.204338	-0.500919	1.330269	-0.476643	1.661963	-1.897242	-1.991496	-0.667954
-2.662513	1.155551	1.347424	4.579480	2.996166	-0.829324	-0.887759	-0.406765
-0.441234	1.277787	2.405456	2.616543	3.294993	0.441381	-0.934485	0.730850
-3.170303	3.142890	4.826465	2.922144	4.371945	2.012270	0.789425	1.609092
-2.343617	3.095756	4.802650	2.829081	4.991020	2.684345	0.135374	1.846260
-0.116476	3.797585	3.076910	3.631853	1.882316	1.939104	-1.542039	2.264053
-1.714378	3.065176	3.512144	0.952058	0.582033	2.118148	-0.472213	-0.884927
-1.353724	0.691927	0.414752	-0.187705	-1.438933	-0.782024	-1.457047	-2.401783
-0.624711	-1.707564	0.322632	-3.217439	-3.116080	-2.021412	-2.276241	-3.413013
2.038760	0.249802	-0.750917	1.286256	-4.121113	-1.569217	-0.971194	-0.267320
2.083091	-2.439776	0.577405	-1.161824	-1.590830	-1.583138	1.683093	-1.691403
0.992183	0.361101	1.412796	1.225522	-0.099835	0.491023	2.050922	1.671538
0.343536	0.951131	1.066255	1.107991	1.841971	-0.228632	3.150994	0.563902
-2.655149	-0.216788	0.868282	0.527781	-1.474212	-1.467805	2.720608	0.121988
-3.838170	0.054043	2.503175	-1.814509	-1.078087	-1.808596	2.569465	-0.014004
-1.209527	1.504924	-2.413866	-2.884380	-1.728955	2.203596	-1.149734	1.696926
-0.661520	2.765252	-0.911843	-1.727135	-1.442517	1.671070	-2.046489	2.914976
-1.895046	2.087325	-1.217156	-1.585175	-2.400876	1.551826	-2.008499	3.485347
-0.425306	2.071744	-1.166007	-0.377902	-2.293732	0.082664	-2.350465	4.069037
-1.859498	2.283705	-0.321497	-1.866516	0.512712	-1.926617	-3.203886	3.655647
-2.240221	-0.216792	-1.167627	-1.439920	-1.218244	-2.672016	-2.500260	2.242475
-1.075575	-3.380248	-2.224097	-3.458615	-2.797803	-2.285333	2.702011	3.348422
-0.040559	-4.587565	-3.037710	1.097597	-1.564865	-3.274069	3.648429	2.220786
2.434628	-1.191245	-2.918766	-1.259386	0.152466	-1.570824	4.970894	-1.024534
1.161188	-0.983588	-2.711965	0.916836	-0.202409	0.638703	4.939806	-2.788737
1.096920	-1.121797	0.241790	1.138361	-0.276294	-0.584589	5.192365	-2.975125
-0.778374	0.655928	0.740598	1.446787	1.785812	0.076000	3.713673	-2.645598
1.353107	-0.971516	1.129660	0.527212	1.022305	0.060771	1.823228	-0.717157
1.045764	-0.664228	1.607972	0.539536	2.426984	-0.649978	3.451032	0.486998
3.434496	1.981888	2.856435	-0.081343	1.232047	-0.201745	3.212085	2.826765
2.700607	1.893633	0.938247	0.054473	2.278194	-0.400230	3.165487	0.905444
2.912995	1.201703	1.037306	0.362083	2.771621	0.081165	2.965537	1.111234
0.853462	3.714599	1.979813	2.915586	5.301928	2.446442	3.901538	2.224635
1.953410	2.891519	2.621165	5.066380	3.856413	1.633600	3.375588	-0.634154
0.356838	3.235061	1.235562	3.667963	4.200773	1.918240	3.351688	-0.272434
2.311347	1.951524	2.285902	4.389535	3.437308	-0.569139	-0.317562	-0.095806
-0.800261	-0.713993	-0.561117	-1.252706	2.455415	0.232264	-3.741962	-1.841370
-1.450485	-3.955491	0.111606	-2.127861	-3.407707	-2.833052	-3.115211	-2.359828
-0.824926	-4.737473	-0.240731	-4.011431	-3.834160	-1.830685	-3.137010	-2.708980
-2.314481	-2.932139	-0.467930	-4.989219	-3.496145	-3.666437	-4.163158	-2.077127
-3.491650	-1.617091	-0.675192	-1.540524	-0.256265	-1.465707	-3.152455	1.120031
-2.648433	0.524871	-2.009917	-5.008349	1.394678	-0.932494	-1.190601	-0.123208
-0.933729	0.430144	0.442392	-0.226495	1.674684	-2.209100	-0.414097	6.086656
-0.223135	-0.444573	-1.010165	-0.757862	2.342450	-0.830222	-1.478241	6.098121
-1.167853	2.330420	-1.109290	-0.668553	2.746574	1.672738	0.427465	2.356588
-0.264081	0.202921	-0.690583	-2.466068	2.260855	1.325780	2.257423	2.505354
-0.586818	-2.108971	-0.134646	-2.699508	1.454590	2.990806	-0.045768	4.097220
1.827737	-2.606958	-3.680081	-1.369675	-1.089421	0.467815	-1.876408	1.472385
1.145984	-4.596941	0.095112	-3.351270	-4.405881	0.260307	-1.368097	1.279047
0.027524	-1.777021	-3.742668	-2.997693	-3.898791	-2.647917	-2.388335	-0.447095
-0.401641	-0.412299	-2.003824	0.260653	-1.586554	1.440343	-2.733722	-0.919740
-0.956812	0.114123	-0.517255	0.485569	2.482330	1.712286	3.887442	-3.336590
-2.079787	1.006245	1.170536	1.152752	3.019357	1.545914	3.204357	-3.426047
-1.767066	4.791565	1.240349	0.710703	3.226727	2.129727	1.516222	-1.690310
-1.905147	-0.083618	2.010481	1.930519	1.793937	1.452824	3.399538	1.121220
-0.287231	0.704495	0.581133	0.941100	0.959686	0.120806	2.601805	-0.663559
-1.700616	-2.461698	-0.148197	-3.255256	-0.228628	-0.700427	1.170021	2.543652
-0.292802	-4.411497	1.082089	-1.718148	-2.121606	-1.732275	-2.647112	-1.089347
-0.081387	-1.980103	0.782390	1.691521	-2.164552	1.033763	-1.438195	1.183044
-2.815371	-1.771218	1.458306	0.859452	-1.013565	1.384987	3.516172	4.717122
-2.888754	0.931257	-0.006566	1.060743	2.534151	2.505098	5.960888	4.517587
-0.199035	0.941122	0.647074	-0.509507	2.917495	5.168994	5.024354	0.094839
2.709088	0.685475	1.573625	1.533301	3.513066	3.548178	1.627868	1.157976
1.149114	2.460715	2.107885	0.130367	3.994561	3.531549	-0.951968	0.051597
0.465545	1.315141	1.607552	2.168290	0.523779	-1.159594	-2.958456	-0.555698
-1.270118	-1.240048	-0.074173	1.372068	1.205118	-0.965248	-3.565696	-1.445710
-1.589176	-2.625752	0.125907	-2.016198	-1.693924	-5.050115	-4.486188	-1.394340
-0.709128	-3.245174	-0.262008	-3.899510	-5.220948	-3.231293	-3.337833	-0.840290
0.127428	-3.468913	-3.690120	-2.951068	-6.699056	-4.044983	-2.577830	-2.237259
1.943892	-1.860671	-4.238031	-1.429173	-4.593950	-0.950484	-1.193280	-3.043648
1.483064	2.335052	-0.987440	-0.978726	-1.961332	0.971404	-1.574984	-1.629260
1.275945	1.254154	-2.306249	1.572273	-4.182003	-0.378819	-0.107142	-0.469993
-1.113864	-1.958565	-0.144261	-1.841478	-4.226965	-0.436252	-0.359554	-1.349050
-2.167862	-2.395606	0.041726	-1.337978	-3.054620	-1.316595	-1.253421	-1.189031
-1.890950	-2.459170	0.597008	-0.691328	-3.579569	-2.749848	-1.669443	-1.632637
-1.850525	-5.534658	-0.831514	-1.021329	-1.768515	-2.954210	-1.834921	-1.375469
-1.804189	-6.276971	-0.242543	-3.225281	-3.321858	-3.086581	-3.001854	-0.491027
-0.132839	-3.266309	-0.754979	-1.494685	-3.028200	-0.027661	0.465955	-3.722312
-1.766977	-2.339873	0.905377	0.488958	-1.388544	-2.690449	3.442008	-0.743126
-0.966700	0.008736	2.222923	1.554949	2.856710	-0.033946	2.808103	0.167232
-1.684408	1.083917	3.096359	2.048286	3.067660	3.913150	5.510540	0.226560
0.636298	-1.087030	0.880183	2.104569	2.448104	3.941138	3.968019	2.357957
-0.641980	0.029994	0.037294	0.333399	2.221840	4.044519	5.562338	0.944623
0.828958	-0.016712	-0.518409	-1.201727	3.232767	2.828593	4.006798	-1.575043
2.758613	0.267752	-0.362927	-2.682807	0.456784	0.108660	1.625097	-1.896141
2.925585	0.650086	-2.520361	-0.293743	1.794688	-1.333879	5.089736	-2.359974
1.889775	0.903588	-0.539811	-1.933134	1.216079	-2.598824	3.044013	-2.570040
0.228082	3.638958	-0.553180	1.152918	2.191954	-1.814875	2.749229	-2.505542
-0.608591	4.974995	1.671131	0.561115	3.609913	-0.376031	5.013581	0.545821
-3.550946	6.648300	3.262123	2.265554	3.778454	2.682108	3.496670	0.723848
-2.433480	4.649071	0.831594	1.300937	4.348675	3.721842	2.590196	1.650837
-0.601495	3.748108	1.443842	4.102463	3.120275	5.833672	1.128857	0.786989
-0.531090	2.084711	0.597667	5.174132	1.900652	3.706397	-1.401048	0.107902
1.426137	2.904078	-0.691232	1.999343	3.078305	-1.627281	-0.360618	-0.096323
2.812084	0.834211	-0.605556	2.191197	2.691033	0.410837	-3.470155	-1.484089
4.402254	0.330308	-1.427607	0.803393	1.680334	-5.087149	-4.508559	-1.271395
5.676045	1.156169	0.942316	-0.982669	-0.356293	-2.948338	-3.349931	-4.331741
4.024459	0.969894	0.477111	-0.579088	-0.938549	-0.996029	-2.147571	-0.862630
3.627296	-0.032918	-0.232123	-1.629066	1.516864	-1.721823	-0.845081	-1.593060
1.526656	0.241633	-0.526087	-1.706802	-1.093756	-2.596419	-0.683161	0.315166
-0.728761	-2.149953	-1.475682	-2.387896	0.308391	3.113782	0.616588	-2.607050
-3.172754	-2.991076	-1.952008	0.284352	-0.678196	3.085182	0.155866	-0.892711
-2.950522	-1.503537	-1.773066	-0.478658	-1.262319	1.239281	-0.206028	-1.961016
-1.911266	-1.960035	0.745742	-2.422026	-2.732380	-0.046622	-2.352896	-1.365465
0.251414	-3.821571	-1.299783	-2.325553	-2.519779	-3.669626	-1.019337	-1.104061
3.295720	-1.655346	-1.959044	-2.596637	-2.425418	-3.426530	-2.791453	0.441698
2.761052	-1.311558	-2.652740	-2.856979	-2.341497	-4.866735	-2.022344	0.044610
5.504509	-2.002709	-1.253773	-1.402579	-3.836818	-5.736940	-3.631111	-0.339324
3.959992	-1.931598	-0.223142	-2.489337	-3.296482	-0.603746	-0.056355	-0.231206
4.213701	-1.392025	-1.745650	-1.125753	-1.842490	-2.557851	-1.129676	-1.734736
4.531636	0.394309	-3.102496	-3.350225	-2.324044	-0.137256	-1.562976	-2.434214
4.260899	-1.741995	-2.876382	0.141744	-2.094243	-2.868361	-0.022355	-3.400441
3.560688	-1.955237	-2.016108	-1.191143	-2.999690	-2.473364	-4.136314	-0.495317
5.569804	-1.837218	-1.915875	-1.908987	-4.042285	-1.506467	-0.668754	1.349258
4.698648	0.682063	0.105717	1.845012	-1.184030	-0.627069	-0.835375	1.919383
5.832119	0.281506	1.841367	4.498554	0.273976	-0.347969	1.196322	0.307657
2.771318	0.927512	3.341973	3.306341	1.127130	0.080432	0.874035	0.827782
3.530145	1.377279	4.103637	2.490371	0.415932	-0.665865	0.914964	0.199055
-2.222800	1.283509	1.897756	2.913946	0.017381	1.277640	1.739509	0.389777
-2.961317	0.102801	3.347031	0.347365	-0.261424	2.005446	2.261268	0.496747
-2.569705	1.771356	3.033161	0.097630	-1.201884	3.141555	3.006741	1.162766
-2.523565	3.486775	2.825645	0.412539	0.710301	1.778166	-0.265673	-1.660768
-1.062796	2.062256	2.649982	1.554294	0.673330	4.159279	2.541624	0.681146
-3.164599	0.903601	2.376673	-0.977705	0.717101	5.498995	1.002233	-0.122392
-1.036372	-1.575590	1.849717	-1.147558	0.903315	2.166914	4.455153	-0.348183
-2.930517	-0.627216	1.090513	-1.481164	1.717070	3.935435	5.982482	0.690372
-1.562132	-0.617879	-0.385940	-2.794523	1.004965	1.651159	4.819320	1.973075
-0.231218	-1.080676	-3.433741	-2.587035	0.540101	3.297586	1.444665	0.088224
-0.212475	-0.721708	-3.799192	-3.797999	0.967076	1.811517	-0.581081	-0.524081
-0.331603	-1.887874	-3.603492	-1.869415	-2.630411	1.729850	-3.019122	-0.511840
-0.364101	-2.966674	-2.344242	-1.755882	-2.969059	0.363786	-2.220756	-2.011352
-0.157270	-1.713307	-2.545542	-0.980900	-4.548370	-0.733774	-1.397286	-3.551919
-2.174209	-3.413573	-1.054794	-1.260068	-2.179444	-2.212231	-1.924112	-1.721339
-0.048018	-2.923872	-3.316796	-3.572887	-2.484181	0.382816	1.045966	-0.547114
-1.010798	-2.883402	-0.707750	-0.846855	-1.727783	1.515066	0.791146	2.056856
-2.994748	-2.177063	-0.345655	-1.171572	-0.880149	1.615420	2.385528	3.142072
-1.012568	-0.281956	-2.540513	-1.820837	-2.399980	2.255877	1.096111	2.912333
-0.963759	0.960822	-2.014323	-0.431251	-1.874577	0.034638	-1.681005	1.828240
-2.086720	0.715170	0.359414	2.150887	-0.972140	-0.930598	-1.831222	0.134692
-0.853751	3.312988	3.131099	5.152579	2.266331	-0.515130	-0.655940	0.868789
1.003948	3.307279	2.970930	5.117224	2.640136	3.597642	2.495939	1.762931
-0.450723	1.201142	3.822608	3.306022	2.346273	3.618517	1.517016	2.002619
-0.932365	0.579578	1.777332	3.793376	3.291343	3.882696	0.744590	0.942251
-0.045977	-1.916713	1.298202	0.050784	0.727545	5.335779	1.085760	-0.728271
-1.806459	-5.890629	-2.481481	-2.525053	-2.206221	3.642065	0.225924	-0.513748
-1.194512	-4.203770	-2.820919	-4.595133	-2.459155	1.863755	-1.218916	-2.261680
-0.822734	-2.255335	-1.796310	-3.604557	-0.536158	-0.324952	-0.490663	-1.265166
-1.891827	1.840076	-1.041457	-2.683924	-2.135129	-1.329455	-3.205417	-2.099607
0.035209	2.556865	-0.587257	-1.044734	-2.009969	-4.538954	-4.477279	0.649897
-1.129224	0.427431	-0.718213	-1.043185	-2.458478	-3.635750	-3.487449	-1.017354
-2.286628	-2.660923	-2.657823	-1.048377	-4.230657	-4.133143	-4.076928	-1.091759
-0.679903	-1.801098	-1.011587	-2.575811	-3.943904	-3.981332	-1.210316	-1.511618
1.386952	-3.661592	-0.894407	-3.796384	-3.284621	-2.488118	-1.987014	-1.468832
1.767837	-2.536605	-3.905681	-3.830197	-4.732508	-2.454401	-0.341624	0.901100
4.156450	-0.082336	-1.905610	-0.423350	-2.016664	-0.791981	-1.497144	1.898278
3.755394	-0.577683	0.495506	-0.952741	-2.417690	-3.253558	-2.925077	-0.372098
0.609666	-1.868047	-0.146533	0.280930	-1.705085	-1.367432	-2.050223	0.563672
0.825668	-1.351226	-1.277727	-0.215937	-0.797250	-0.430002	-1.095582	-0.494811
-1.499601	-0.148519	-0.759775	-1.237441	-0.228585	-2.385171	-2.999454	-2.496948
-1.307640	0.200674	-0.095178	-2.432481	0.769011	-1.700936	-1.973141	-2.903639
-2.621251	2.186554	-0.760736	-2.273657	0.070438	-1.595199	-2.510643	0.378017
0.811868	2.408624	-2.612249	-0.617969	0.142394	-1.694059	-1.874761	2.738420
-0.572985	0.521782	-0.235016	2.771385	0.890082	-0.031017	0.302606	4.317070
0.109391	2.315731	1.888963	2.897304	2.671200	-0.457573	1.384655	4.038467
-3.301903	1.746171	0.537487	2.947189	3.356250	1.537073	0.184888	0.203211
-1.633069	0.460703	1.685757	1.439541	1.992630	0.529221	-0.734696	1.075303
4.198393	-0.947472	3.317373	1.703560	0.734341	2.365771	0.582601	1.502143
4.917185	0.936847	2.021835	-0.795553	0.595984	1.617223	0.967980	1.184331
2.728805	1.463262	0.668243	-0.955699	0.216059	2.609076	-1.130260	2.098866
0.886053	-2.150827	0.787898	-3.293475	-2.156935	1.507731	-1.036220	-1.004749
-0.391470	-1.306220	-1.866201	-2.828783	-3.044496	-0.559813	0.204401	-2.099117
-2.316564	-4.279814	-2.024353	-2.614021	-1.074125	-1.929056	1.187701	-4.229035
1.471870	-2.997709	-1.972458	-4.144489	-2.673722	-1.977098	-0.679319	-3.457104
1.845532	-1.623505	-1.322315	-2.914486	-1.991985	-3.933440	-1.091661	-1.956625
1.500323	-2.969599	-2.578626	-1.341413	-2.251416	-3.487180	-3.590823	0.646204
-1.052859	-2.830491	-3.904088	-1.868169	-0.707313	-2.621320	-1.945208	-2.233217
-0.709612	-3.747480	-2.038403	1.517448	-1.968376	1.327840	-1.321415	-2.409888
-2.394637	-0.695065	-2.355370	3.922436	0.546195	1.418201	-2.125344	-1.559310
-0.876034	-0.686744	-1.124888	4.432397	-0.873699	0.481261	0.461304	-0.994680
-2.315203	1.606682	-3.299258	3.422631	1.732142	3.673321	0.801829	0.060599
-1.589644	-0.104084	-1.665379	3.214038	2.455617	3.221081	1.217231	-1.923570
-1.129357	0.257558	-2.578850	3.773219	2.182329	2.637741	0.715809	-0.876589
-0.184643	0.148609	-0.044072	4.085774	0.348377	1.873800	-1.367737	0.695744
-2.012100	-1.888430	-1.902045	2.975504	0.214861	1.386058	0.443993	-1.814272
-1.434930	0.196643	-1.485767	2.755408	-0.888818	0.772414	1.493998	-2.735336
-1.270032	-1.965573	-0.827739	1.346487	1.243641	2.595470	1.079479	0.782352
-0.461406	0.122526	-2.648260	4.203141	1.615337	5.069825	0.968535	-0.439308
-0.168453	0.195438	0.020670	2.170671	1.236372	3.778177	3.700066	-2.738916
2.143128	-1.070134	0.664552	3.005577	2.831045	4.286128	1.434171	-0.466271
0.888037	1.912910	-1.561115	1.018659	1.128458	1.943478	0.051651	-1.245572
0.881273	0.637271	0.873770	2.164517	-1.377289	1.702125	-0.697694	0.057579
0.157737	0.139251	-0.036092	-0.783548	-1.098596	-3.555931	-1.788265	-1.461216
-0.514271	2.762450	0.347698	-1.393337	-1.879962	-2.351888	1.986939	0.950342
-0.250252	3.022470	0.853241	-1.108348	-0.747186	-1.933348	4.054416	0.168154
-0.053806	3.314411	1.379438	0.759918	1.500431	-2.100311	4.522667	1.021820
0.453568	2.349474	2.662589	0.622061	0.846991	0.879823	5.618493	1.258441
-0.015530	2.848461	2.254593	2.353682	1.648893	-1.424546	3.771692	1.910316
0.102699	4.178071	2.324053	5.199280	1.589240	0.558682	2.160465	1.367045
0.403156	5.119407	1.993567	2.668356	1.209530	0.042706	-2.596488	0.828630
-2.534960	4.539870	3.777137	0.647710	1.680766	-0.557773	-1.796067	0.176970
-1.202548	4.848359	1.882162	-2.038558	0.982246	-0.453856	-3.048072	1.266365
-2.008508	-0.859024	1.368143	-0.009748	0.265972	2.685058	-0.214704	1.028516
-3.344441	-1.648077	0.130781	-1.465860	-0.527455	2.012767	1.601138	1.968223
-1.705946	-2.786901	-2.749225	-4.153994	-1.119135	0.860272	2.715955	2.303486
-2.344424	-3.734894	-3.060073	-1.051050	-0.948167	0.213472	2.256245	3.484805
-0.725374	-4.139155	-1.362864	-2.869528	-0.331751	0.652469	1.920909	3.571481
-1.014796	-1.509583	0.859403	-1.344428	-0.148686	-2.337940	2.609047	2.771313
-0.896191	2.189622	-1.361472	-0.199850	-0.725771	-2.326153	1.669159	0.055302
-0.484758	2.103261	-1.195288	1.935506	2.624493	-0.779171	1.435446	-1.477052
0.280804	2.677236	1.646955	1.216639	3.751409	-0.892195	-1.293792	0.192951
-0.116907	0.575147	1.476058	1.116351	4.473676	0.053377	-3.769857	-1.499789
1.539610	0.640095	-0.298780	0.845940	4.521495	-1.300757	-3.018646	-2.672770
2.756054	1.223980	2.035743	0.830206	1.393766	-1.943896	-1.132360	1.445705
0.794427	2.764005	0.478626	0.060950	1.958591	-1.890740	-0.754000	4.565939
0.909828	3.637068	1.615371	0.718170	0.225370	-2.344490	-3.182364	4.930931
2.823658	2.254072	1.389976	0.685468	-2.737796	-1.178446	-2.016752	2.777181
3.432015	3.719416	2.204543	1.737042	-3.289707	-0.940808	-0.126665	0.411889
3.360001	2.092203	1.750073	2.317692	-3.600062	-1.501176	0.301699	-0.507944
3.514315	3.955531	2.352765	1.535519	-2.738461	-0.442850	-0.464361	-1.786818
0.216658	1.788603	2.061619	0.835921	-3.034702	-0.923629	-1.833745	-1.605834
-0.795371	-0.183081	0.483037	-1.697901	-0.481885	-2.687115	-1.387352	-1.862790
-1.526172	-3.377221	-1.724982	-2.659648	-2.730210	-1.800808	-3.176682	-3.954488
-4.018043	-4.369715	-4.613237	0.388680	-4.739976	-2.683906	-2.797334	-2.588326
-2.639486	-4.294164	-3.040727	-2.137718	-1.359182	-0.686511	-1.763309	-1.673405
-0.714100	-1.950666	-3.141053	-1.917442	-0.509327	-1.610023	-2.551005	-1.653825
-2.450185	-1.098520	-0.250714	-0.506092	-0.752311	-2.907440	-2.625123	0.058915
-1.233741	-0.648627	-0.312210	-2.476369	1.802867	-2.628565	-1.701962	-2.275685
3.012632	-0.822186	0.308160	-3.342273	-1.456493	-3.170796	-3.195122	-0.522725
5.034935	0.414504	-0.327005	-1.504305	-1.567190	-2.044933	-0.597802	-1.681606
1.234266	1.723144	-0.116303	-0.892065	-2.856123	0.102822	-0.700502	-2.012027
0.662528	-0.011566	3.667866	1.294946	-0.974991	0.983672	1.281678	0.298713
-2.468082	0.504375	4.105401	3.970828	-0.304895	1.073214	-0.231361	1.308812
-0.279461	1.210167	2.941903	1.023780	2.492568	-1.098050	1.272081	2.514872
1.250789	2.220710	4.180373	2.306902	3.359396	2.522779	0.480905	2.257692
2.089969	3.025305	3.112111	2.718092	5.055992	-3.047698	3.561212	0.055572
8.018879	1.892053	2.831116	0.208951	4.929055	1.994718	4.076901	1.593913
3.352019	3.940454	2.610590	0.034077	3.772087	3.061727	1.850173	-0.304386
4.503789	3.347808	2.552533	-0.280329	2.988387	2.941729	1.961029	-0.266624
2.130690	1.316316	0.763544	-2.406470	0.648357	2.734826	0.544569	1.040099
3.018821	-1.386922	0.174724	3.113956	3.094497	1.989515	-2.300606	2.408382
1.856283	-0.120905	-0.571226	0.527246	0.215508	0.039898	-2.631696	1.040126
-1.044025	-2.000434	1.761694	1.122101	-2.587810	-1.117425	-1.606101	-0.377569
-2.694902	1.116793	0.130383	-0.954182	-2.859656	-1.998854	-1.572219	-1.033904
-3.579648	3.662075	0.747042	0.699699	-3.497729	-2.200690	-2.337549	-1.409178
-1.154163	3.356812	-0.965928	-1.036459	-0.344329	-3.129732	-1.153093	2.552609
-0.540647	1.423806	0.211372	-0.616856	-2.505955	-1.798780	-2.106748	0.482757
-0.980700	2.326856	0.816643	-1.786792	-1.585906	0.059965	-3.305215	-0.056934
-0.628021	0.956762	-1.151416	-1.245870	-2.571883	-3.383195	0.595708	3.122836
2.344089	1.889125	-0.363203	-1.213488	-0.759184	-4.071161	-2.379480	2.156867
-0.531070	-1.938356	-0.156319	0.025350	1.223691	-2.058332	-2.439877	2.689959
-1.158297	0.650221	-0.757263	-2.390855	1.521543	-1.257209	-2.089182	-0.583389
-0.372191	-0.376646	0.410664	0.948096	2.729173	0.616208	0.685604	-0.835875
2.308046	0.597045	-1.445537	3.802601	0.386280	2.622420	2.343982	-3.083601
2.677114	1.447193	-1.974966	1.996961	1.648066	5.801427	2.972654	-2.413365
3.825716	1.987098	-2.846723	1.731273	0.086131	4.533329	2.451719	-2.332768
1.739849	-2.206139	-1.176807	0.006236	1.064175	2.724126	2.773879	-0.011111
-0.122086	-2.493720	-0.200520	-0.873249	-2.426200	3.188918	-0.085765	-1.854892
-0.929588	-3.311942	-1.132260	-0.750385	-4.498395	1.905806	0.853186	-1.360312
-0.056057	-4.952308	-0.614627	-2.634773	-2.045108	-1.513211	-0.848666	-2.963472
1.600306	-1.411816	-2.807322	-3.024113	-3.461639	-2.487832	-1.004021	-2.449770
-2.144098	-3.874167	-3.848644	-3.458006	-3.156289	-4.898657	-0.333078	-1.499608
-2.864369	-3.583960	-1.279993	-4.205954	-1.784755	-1.832585	-0.623036	-0.612084
-1.080208	-0.454797	-2.190269	-0.562958	-3.363638	-0.044218	0.102505	-2.462500
-1.383813	-0.433176	-2.171372	-2.882719	-2.792437	0.848747	0.623247	-2.823055
-1.031185	-0.478899	-0.849702	-0.366938	-2.625351	0.894008	-0.978910	-1.731548
-0.604025	-0.992165	-1.351159	-3.810116	-3.021781	-2.922834	-2.082066	-0.653181
0.428170	-1.217975	0.132258	-4.193354	-1.683326	1.911222	0.211881	3.250447
3.323097	-1.457028	-1.476653	-2.216754	-2.576184	0.697075	1.199132	2.653436
2.286258	1.912275	0.230510	-1.789617	-0.916756	4.240025	3.183086	4.679986
-0.683648	2.687033	-0.284954	0.658156	-0.535441	3.390474	2.048146	3.529496
-1.138921	0.929548	0.493955	-1.299136	0.849061	4.556921	2.505711	-0.332432
-0.556959	3.287717	-0.030162	1.594505	-0.022750	3.217966	3.423983	0.276700
-2.048264	1.083441	0.597493	-0.020221	0.474628	0.822110	0.813262	-2.324406
-1.919736	2.442721	0.232522	-0.133217	-0.170305	2.127154	-0.318751	-1.272352
0.343626	-0.183546	-1.041475	-0.654782	0.883451	2.095696	1.559845	-1.415937
3.102423	-0.258459	0.763600	-2.404520	0.796996	2.066038	-0.697549	-0.381261
1.508952	-4.099318	0.375849	-2.387030	-3.301668	-2.000420	-0.461032	-1.472925
3.571816	-1.407223	-1.253629	2.079186	-1.444342	-0.142479	-1.307904	-2.131327
3.383314	0.379224	-0.374734	4.559926	1.919975	0.782164	1.326936	-0.629369
2.133445	-0.926577	1.758934	5.061589	2.374083	1.396207	-0.163611	1.910051
0.252711	0.527874	2.373075	3.998574	2.320582	1.343251	1.007056	1.969331
-0.169690	-0.737623	0.184589	3.608180	3.270474	2.100796	-1.206862	2.985972
-1.478856	-2.029869	-1.293024	2.128704	2.489958	2.067143	-0.167764	1.321974
-1.882689	-0.454165	-2.304965	1.359347	1.622836	0.378791	-1.827250	-0.739563
-2.928888	-1.385711	-1.679133	2.054905	1.031206	1.581342	-0.488618	-1.096239
-3.303552	-1.595607	-0.944028	2.867579	1.639270	1.726396	-1.300468	-1.887555
-2.728183	0.597946	-1.999250	-0.215934	2.783129	0.216252	-2.311799	-3.751909
0.803121	1.967147	0.144400	-0.001334	2.936881	1.367911	-0.520710	-3.383302
-1.611542	1.182495	0.375722	-1.616624	3.475928	0.047574	0.488800	-2.327034
0.964629	1.137291	-1.358884	-2.988104	3.001871	0.091341	2.132631	-1.152304
-0.579866	2.060433	1.063982	-2.856776	3.432309	-0.321288	2.760185	-2.743214
-3.188227	0.944522	0.833021	-1.195042	3.838643	-0.812313	-1.728737	-0.251162
-1.802154	-0.315045	0.203231	-0.540502	3.292273	-0.559033	-0.743135	-0.618049
-1.649347	0.188934	-0.082488	-0.856359	2.059699	-1.904347	3.285792	0.238926
-0.045707	0.501856	-1.044534	-1.683613	2.766922	-1.601157	1.635046	0.754862
-0.657133	3.725821	0.944490	-1.179567	2.354542	-2.652060	4.486226	-1.375740
-0.111325	0.273330	-1.742213	-1.144421	0.222360	-2.689858	4.023134	-1.143781
-1.286884	-0.394020	-0.838746	-0.690676	0.113076	-2.433148	4.918772	-1.843060
0.818491	-2.579229	-0.584008	-3.622836	0.445689	-2.005233	2.303538	-1.896677
-1.688401	-2.579097	-1.987099	-3.748000	-2.209399	-2.582409	-0.262164	-1.490231
-1.674959	-3.916726	-3.026820	-0.775770	-2.715888	-2.065279	-2.562535	0.163776
-0.330784	-3.920815	-1.255370	-1.696348	-1.383779	-0.635041	-1.587274	-1.932355
-0.048476	-3.477867	-1.373349	-3.071935	-2.970770	-2.528894	-2.679280	-0.840023
-0.916635	-1.635580	0.586542	-2.195433	2.367539	0.485061	-1.711251	-3.385628
-2.439561	0.981642	-1.427298	-3.082542	-0.883553	-1.059675	1.552312	0.009529
-1.302554	0.145901	-1.312067	-2.276365	-0.354445	3.612198	0.457511	0.749350
1.107286	-0.327205	-0.304967	-1.642603	-1.938437	4.475981	2.861948	2.224733
1.391958	1.394223	-1.948097	-2.399558	-1.849728	2.740873	0.956622	2.500979
2.579964	-1.453816	-2.538358	-0.909329	-2.439718	2.986676	2.398434	3.728289
0.147001	-1.263221	0.348250	-1.400320	0.151992	1.761589	2.274886	4.554463
-0.613429	-1.547395	1.610927	-0.146932	-0.074195	-1.360787	1.684978	3.383900
0.977673	-2.048538	1.826473	-0.373466	-0.221982	-1.975052	-2.430189	3.746002
0.656807	-3.556651	1.487088	-1.778922	-2.863667	-3.760105	-3.067213	3.622768
3.085372	-1.646935	0.854471	-3.789204	-1.803949	-4.664147	-3.086395	1.229398
-1.159430	-0.675390	0.011023	1.214588	-2.514330	-0.553676	-2.216533	-0.263307
-0.410001	1.341382	1.245943	1.895653	-1.224308	-0.376693	-2.384426	0.207954
0.751460	1.107681	3.491330	2.228488	-0.732583	-0.368597	-1.265974	0.502479
-0.402248	1.460506	0.362886	4.366193	0.188044	-1.177388	1.403725	1.006871
-0.827426	-0.874045	4.903509	1.002367	-0.348926	0.629034	1.759971	-0.094672
2.406928	-0.516971	2.473500	0.268307	-2.268992	0.551670	-2.276835	1.494851
2.092213	-1.498574	2.064758	-0.627487	-0.792255	-0.291780	-0.132892	2.303341
0.271628	1.018645	2.213983	0.825483	-2.504615	0.896384	0.164401	-0.884602
1.438873	1.364586	2.437875	1.347316	-0.444070	-0.336937	-1.799755	-0.031978
-2.150351	2.396447	0.669234	2.697911	-0.617322	0.645957	-0.211660	-0.757386
-0.472345	4.271527	-0.601440	3.087665	1.695330	3.390966	0.329788	0.076374
0.248090	4.419827	2.579152	4.317779	2.936687	0.099490	2.052788	1.669202
2.744756	3.639644	1.804111	3.394649	4.174948	0.458330	1.848943	1.052098
4.179250	2.906678	3.770736	1.417076	4.144914	0.741486	3.640552	0.461264
1.808774	4.188128	3.227327	-2.256442	1.691284	0.191958	2.441718	1.626399
1.623927	0.778293	0.931385	-4.238106	0.677960	-1.587153	0.261539	3.684105
1.476708	-2.218128	0.169308	-4.681418	-0.156860	-2.884348	-1.892782	2.800780
-1.546782	-6.697035	-3.445603	-5.787379	-5.277374	0.211574	-3.113845	3.300927
-3.123143	-5.835430	-2.541848	-3.179390	-6.125483	-0.996486	-0.709749	2.265845
-1.658176	-4.321914	-3.572728	-0.882852	-4.662887	0.402971	-2.233894	-1.527666
-0.982982	-1.646487	-3.688642	0.164532	-2.334585	-0.828954	0.896322	-1.149504
0.074141	0.289050	-3.658591	1.313664	-0.545377	-0.275762	-2.241401	-2.943769
0.471390	2.043696	-1.938675	3.116740	-1.447764	-0.012751	-2.197662	-3.938561
1.126168	3.851850	-0.908993	2.589259	0.847956	1.216978	0.029240	-2.058779
0.692872	1.303210	-0.452847	0.422122	0.385681	-0.139575	0.323105	-2.542523
-1.254597	0.815177	0.107565	3.740826	0.256913	-0.224709	0.044535	0.628409
-0.829540	0.446450	-0.520958	4.034470	1.436251	0.820476	0.556629	-3.047985
0.154244	-0.882973	-2.956917	0.136853	2.335395	-0.734920	-2.053611	-1.344502
-0.248446	1.480507	-0.988310	0.647174	0.240846	0.709003	1.313016	0.238658
-1.111010	0.875490	1.802161	0.270433	2.530203	-0.590254	-1.051990	1.238895
-0.836349	0.179975	3.820197	0.306427	2.830867	-0.860192	-0.802128	2.915109
-0.935262	3.261361	2.023498	2.126356	0.771637	-0.092810	0.218302	3.156503
-0.913050	0.652447	3.975164	1.323718	2.132215	0.311891	-1.178898	1.058175
-1.162313	-0.564267	3.245294	2.254814	0.511799	1.316713	1.550172	2.116528
-1.219252	-1.416382	2.027790	4.330941	1.891590	0.950154	0.334112	-1.441539
1.403035	-1.028800	-0.701350	2.749798	1.593888	-0.618084	1.639624	-2.283325
0.590145	-2.167721	-2.303925	2.935285	1.170694	3.519398	-2.034493	-1.912228
0.389779	-1.037946	-3.591936	0.284201	-0.627094	-0.152200	-0.927536	-0.139949
0.423137	-0.674876	-1.221381	-0.289755	-2.985874	-0.229477	-1.153906	0.837213
0.122619	-2.047211	-0.022262	-2.297885	-1.627048	-0.238334	-0.870303	-1.675440
-1.235177	1.497148	0.362922	-1.648889	-2.320914	-2.535070	0.006075	-1.197108
