X1	X2	X3	X4	X5	X6	X7	X8
-0.575851	-3.852978	-1.276014	-1.163126	-3.867469	-1.785569	-3.465176	-1.358491
-0.939272	-3.716161	-3.164342	-2.902649	-2.783509	-1.133645	-3.106714	-0.823573
-0.714039	-3.295453	-1.109561	-1.179451	-0.603707	0.633444	-1.323988	1.766999
-0.998050	-1.023653	-0.382171	1.957167	1.204935	-0.331602	-1.606399	5.003226
-1.758805	1.541737	1.705229	3.767903	-0.201086	2.249919	0.563753	3.943010
-0.849003	2.988817	2.333939	0.236058	-0.539070	-0.439393	-0.251733	3.008452
-0.534044	3.998987	3.687361	0.900629	1.124680	2.585763	2.855743	2.230154
-0.824327	3.795848	3.824595	0.209916	0.759163	2.987288	0.453880	0.629715
0.840249	3.643097	5.552441	0.111717	2.552077	0.813484	-1.667123	-0.118461
4.302984	4.237936	4.709700	2.238433	3.314920	3.009750	1.014233	0.688625
4.303379	1.411663	3.302274	0.995261	2.838492	1.914587	-1.175051	1.748275
3.802234	2.434379	4.903361	1.625600	3.922389	2.239797	1.108322	2.420691
2.484150	2.347982	3.414764	-0.710849	1.165010	-0.479220	2.708453	1.127573
2.359827	0.513672	-1.653218	-1.917190	-2.288646	0.820837	1.507140	-0.402677
-0.475734	-0.913851	-4.441683	-0.703922	-5.486282	-0.793131	-1.532117	-1.048058
-0.999033	-0.627687	-5.853032	-3.355247	-6.804098	-1.000124	-1.998119	-2.556370
-0.408370	-3.229138	-6.896063	-1.916665	-5.495697	-2.718341	-4.567668	-1.948010
-0.301344	-4.829203	-5.366476	-2.567779	-2.675081	-4.238881	-6.541663	-1.990778
-2.211054	-3.937784	-4.051372	-3.655989	-3.996451	-0.720344	-0.618306	-2.367672
0.125699	-2.341781	-1.407048	-1.443396	-3.405210	-1.035529	-2.846099	-1.462192
1.348415	-2.864294	-0.237904	-2.702801	-1.949558	-2.963335	-0.684641	-1.605737
1.039796	-2.580424	0.978759	-0.814906	-1.923897	-2.061962	-1.537334	-1.888604
0.858540	-2.094572	0.218043	-2.603112	0.267570	-1.865009	-1.910679	-0.491094
-0.435951	-2.544339	-1.895853	-3.147120	3.094442	-2.514475	-2.091077	-2.055005
-1.023178	-0.593624	-0.843827	-1.363231	2.218217	-0.676061	-2.869130	-0.903636
-0.656540	-0.101429	-0.304279	-1.878146	3.236793	-1.704766	-2.696638	0.981615
-0.525238	0.250246	-0.529609	-0.830167	1.857769	-0.914988	-3.481502	0.782847
-0.544570	-0.797401	0.044084	-2.037995	-0.919658	-0.164028	-0.019324	1.187963
-0.382139	0.069331	2.207700	0.759470	-3.824488	0.133214	-0.390305	-1.361938
-2.299842	-1.466760	1.279640	-0.667375	-3.574824	-2.115360	-0.687846	1.950347
-1.436381	-1.616374	-1.794696	-0.267330	-3.857067	-1.917250	-1.053048	-0.980382
-1.562056	-0.864012	-4.239409	-2.135997	-2.526020	-1.147556	0.316987	0.598276
-3.658865	-0.698275	-2.848396	0.979923	0.175216	-0.007978	0.844858	-1.713277
-2.285611	-3.273663	-3.486358	1.914230	0.101239	0.001385	0.035063	-2.761442
-3.408192	-1.845878	-1.282095	-0.937680	-0.412452	-1.893467	-0.690998	-1.915816
-3.241810	-2.374420	-1.214806	-1.206805	-1.152859	-0.908133	-0.942727	-2.638299
-3.705164	0.214909	0.841309	-1.813349	-1.593385	-0.572214	1.741474	-0.637691
-2.570054	-0.850090	0.210550	-0.245611	-1.247830	-1.375009	2.118604	0.736711
-1.866081	0.093480	0.856019	-1.250294	-2.511797	-2.983617	-3.554938	0.216007
-1.858745	-1.330580	-0.356186	-0.890099	0.221213	1.191761	-1.158754	-0.689203
-1.357347	-1.874071	-1.695263	-0.363426	-2.422002	-0.668874	-1.037046	-1.048017
-0.664787	-0.343496	-1.460913	2.849122	0.040956	-0.303822	-2.556314	-1.927635
1.040836	-0.193953	-1.612835	1.570646	0.456586	0.668217	-1.026361	-0.875655
1.407919	0.233754	-0.319929	1.881942	2.727386	0.480843	-0.512088	-0.848876
0.189864	0.363127	1.250006	-0.683689	2.185254	0.252157	-0.613497	-2.985299
0.853168	0.503963	1.118069	-0.189449	4.257988	1.320958	1.633711	0.947678
-0.495167	-0.534839	0.071661	-2.520440	4.420387	0.271447	0.315734	-0.128943
0.228957	2.827622	1.359782	0.266437	3.846049	-0.055777	-0.640229	-0.577363
0.884339	3.484043	3.637232	2.195182	5.324572	1.482087	-0.080081	0.508419
2.249080	3.899624	5.659212	4.097992	4.885356	2.013939	2.027477	1.380605
2.188678	2.237463	2.805121	5.429767	0.939097	5.542078	3.369744	2.107694
1.432433	2.598360	2.422460	3.536506	-0.575106	3.564806	4.685617	-0.013011
0.493844	1.638213	-3.023671	1.346106	-1.280953	0.673321	0.713995	0.909589
-1.458989	-0.898178	-5.307873	-2.355032	1.592752	-2.685277	0.363375	-0.507605
-1.171468	0.543485	-4.338844	-2.986512	3.883609	-1.568186	0.409457	-2.281491
-0.689793	0.960702	-3.001784	-2.396632	4.389716	-2.393308	3.884539	-0.082370
2.475635	0.630471	1.301305	1.435504	4.416370	0.451157	5.345918	2.290760
4.518415	2.438991	1.782425	3.433596	4.014572	1.582010	6.516592	0.412899
0.742446	0.754861	0.402076	3.699743	4.236118	0.124649	6.124161	0.257948
1.271529	0.159380	2.059457	1.115144	2.297808	0.817576	3.508721	1.156408
1.603660	-0.216753	0.430069	5.118596	1.831040	0.700590	5.576771	0.369079
-1.042659	-0.306440	-1.466189	2.441300	-0.887488	3.744791	3.817409	2.006262
-2.963231	0.514019	-0.279216	3.461853	-0.786177	0.185878	2.782934	0.837658
-2.866756	0.208123	-2.065112	-0.112745	1.272271	-2.599349	2.763042	-1.015034
-2.690235	1.578669	2.392823	-1.135196	2.724054	-1.901090	0.374133	-0.034711
-1.260469	3.086158	0.895189	-2.004300	4.827472	-2.631045	-3.691296	-0.308274
-2.077960	2.573788	3.010285	-0.123760	3.370022	-1.417314	-2.321347	-1.311121
-1.446608	2.553157	5.615412	2.650124	2.639503	0.690301	-1.799222	2.009847
-0.796614	2.910865	7.408170	2.845051	0.048114	-0.588398	-2.627123	0.442531
-0.680480	4.420610	4.616459	1.427220	-1.739748	-0.498113	-3.132651	0.463532
-3.649806	-0.091709	-0.092922	0.266228	-5.216382	-2.874344	-2.333710	2.540351
-2.418895	-2.301092	-4.102372	-0.286924	-2.298892	-2.042790	-1.533901	-1.062213
0.147654	-4.358842	-5.243692	-1.220138	-3.575378	-2.430554	-1.593526	-1.802258
-1.532361	-4.561160	-7.173682	2.133285	-0.514042	-0.545634	-0.469887	-2.804284
-1.011142	-2.498446	-2.703541	1.335443	0.383416	-1.947331	0.401013	-2.017791
-1.570489	-3.607202	-3.082369	3.242736	3.215792	0.756954	-0.175627	-3.325677
-1.367504	-0.966530	-0.859668	5.287762	1.903786	0.685920	-0.078510	0.182557
2.934812	2.154871	1.045663	5.409821	1.850297	2.093168	1.685863	-0.572488
2.304958	1.885097	1.691324	3.964511	3.494223	3.835097	4.097688	0.293888
4.059932	2.918849	2.375415	4.355931	3.138363	1.972607	4.664364	0.382987
5.150534	4.100225	1.891736	1.430781	1.172115	2.344397	2.910689	0.606707
6.530161	1.915723	3.701285	2.668358	1.651078	1.425066	3.366861	0.298351
5.063613	1.408343	3.596264	1.131862	0.066851	0.421214	3.994676	0.431618
5.305988	0.761183	2.262272	1.968792	-0.857368	0.182240	1.774834	0.101408
4.396484	0.803142	-0.235291	0.297147	-1.559280	0.061045	-1.706268	-1.477178
3.688702	0.702418	0.879674	0.988426	-2.680886	-0.154373	-3.028633	-1.388039
1.735538	2.297011	-2.502033	0.425928	-2.208387	0.072185	-2.933462	-0.089176
0.278792	2.125019	-0.261111	-2.713749	1.957614	2.424120	0.947742	-2.013787
1.086263	1.639641	0.112939	0.537895	-0.597382	3.231931	3.751777	0.215227
-0.637952	1.367276	0.347216	-2.243741	0.948822	0.598117	3.130341	-0.648434
-1.326553	-1.556178	-0.768180	-2.687559	1.086825	0.086777	4.911831	-2.736868
-2.787941	-1.111422	-2.429948	-0.277359	-0.829773	-1.001289	2.105246	-1.137675
-0.952519	-1.678958	-0.765289	-1.968741	-0.482375	-1.936182	0.438882	2.431844
-0.034288	-0.420885	1.261896	-0.342609	-1.322481	0.137598	-0.274062	4.359490
2.748151	-0.202806	3.647507	1.408039	0.043008	2.841850	-0.020688	2.652963
4.598697	1.027377	3.567144	-1.603499	2.262390	4.290373	2.536000	5.355465
4.958847	0.423365	1.688407	-0.644724	3.639564	2.862067	4.718902	6.206293
3.257202	-0.228345	0.362495	-1.261037	2.236529	3.363031	5.062414	3.745051
2.082358	3.074647	-0.627692	1.711661	1.398683	4.664364	4.637734	3.785836
-0.132685	2.583438	1.420546	0.422069	-0.341173	4.251066	3.043361	3.790650
-0.683329	1.128529	1.278108	-0.981313	-1.606842	4.566236	1.818291	1.661293
1.752925	3.180217	-0.046706	0.952313	-3.041125	3.452673	0.910823	-1.207836
-1.943024	-0.708099	1.027303	-3.199053	-3.061022	-0.183623	-2.416546	-1.932035
-2.729879	-0.319520	-2.193264	-2.318312	-4.028036	1.034147	-2.703818	-3.126705
-4.344040	-1.558547	-3.897909	-3.374165	-3.978366	-0.817219	-3.755195	-2.163345
-2.908009	-2.307081	-2.841831	-2.244613	-3.764614	-4.082220	-2.950780	-0.701656
-2.967187	-2.042824	-2.332931	-2.467356	-3.602281	-2.983057	-3.937175	0.365463
-1.906576	-1.275676	-0.126610	-2.150296	-1.679668	-2.926631	-1.996882	0.646013
0.867622	0.952860	-1.999267	-1.558233	-1.116576	-2.426743	-3.351703	-0.754808
-2.043893	-0.369516	-0.566404	-2.401868	-1.303207	-1.959093	-1.446742	-1.135699
-0.963123	0.633295	-1.139121	-3.567702	-0.770960	-1.107483	0.551701	-1.161759
-2.615170	-2.101009	-3.980618	-2.890836	-3.524338	-2.968713	-1.852677	-0.576489
-2.338235	-3.157029	-2.830795	-3.442169	-4.498741	-1.313983	-3.290079	0.603511
-1.439118	-2.421466	-1.275853	-3.357204	-3.003269	-0.623295	-2.434806	-2.289458
-1.827123	-0.461722	-3.112293	-3.663641	-1.916925	1.349451	-0.983262	-0.614096
1.974651	-0.513096	1.822985	-0.064679	0.966991	3.344154	2.043852	0.129796
5.499201	3.143809	4.467181	2.239379	0.834878	4.903613	1.421934	-0.310581
4.614127	4.085091	6.195794	2.319233	2.539535	3.406928	2.149981	1.243873
2.765426	3.593252	5.106123	2.628883	2.201362	2.671998	3.507592	1.511858
1.651298	1.328188	3.185468	0.976728	-0.409943	0.592621	1.583463	2.011873
1.846242	0.164898	-0.717370	-3.290533	-1.985880	-3.194202	3.546293	-0.201081
-1.899545	-1.505717	-4.079294	-4.104901	-0.398651	-4.873273	2.162879	-0.743105
1.515338	-1.601560	-5.705504	-1.442775	-0.997557	-2.541192	1.086620	-0.918697
0.493687	-1.824632	1.404701	2.359643	-1.102797	-1.016460	1.524813	0.978041
2.883304	-0.074633	2.893420	1.002153	1.371527	-1.532278	-2.080744	4.424609
3.072585	-0.677765	6.405651	0.958054	-1.849087	-0.658646	-3.108854	4.369009
2.235230	0.757471	5.426395	0.054946	-3.493137	1.134535	0.554183	1.211639
4.391637	-1.625726	2.922951	0.889927	-1.564426	-0.501337	-2.298737	2.495999
-2.156294	-1.739757	-1.326382	0.279499	1.134145	2.318139	1.012584	-2.208711
-0.396065	-4.097223	-5.650704	-1.945041	1.988577	2.574561	0.729245	-3.038390
-1.354176	-1.048325	-5.083615	-2.567592	0.440768	2.969329	4.031243	-2.392639
-2.217729	0.511036	-3.871017	-2.078455	0.203718	2.998542	4.300976	-2.589457
0.179074	-1.348241	-4.024009	-2.130830	2.869226	3.450199	4.926542	-1.694546
0.432633	-1.429358	-1.057993	-2.854618	0.156890	3.577900	3.244139	-1.324505
-1.385052	-1.104214	1.395831	-2.683320	-1.817789	1.028143	4.291465	-1.450335
-0.073084	0.914888	-0.989937	-2.305435	-3.667812	0.212129	0.553618	-0.946934
2.872337	-1.436852	-1.508298	-1.748865	-2.895280	-1.991544	-2.498904	-1.063405
2.571809	-0.169935	1.390248	-0.496610	-3.761694	-1.274676	-4.948604	0.377054
1.023433	0.595538	1.740899	-0.962769	-0.722254	-3.955268	-5.287382	1.827142
0.501406	-0.571934	-0.632244	-0.541644	-2.878361	-3.700621	-2.136441	2.652259
-1.009771	-1.070652	0.834317	-0.991735	-3.929915	-3.077035	-2.831484	2.542605
-1.396700	-2.225017	-1.770817	-2.658342	-2.583118	-2.214111	-2.493811	-0.263221
-1.797682	-0.056029	-2.535148	-2.218766	-2.123269	-2.390251	-1.786625	-3.015818
-0.627517	0.902310	-1.104776	0.418994	2.690931	0.008547	2.081172	-2.618687
2.182893	2.042099	2.794499	1.086236	3.897580	1.710680	3.586779	-1.649129
1.155648	2.387338	5.130875	3.848361	5.565079	0.043849	3.630293	2.286458
2.454348	1.226326	6.094953	3.782268	1.107828	-0.553748	2.139813	1.471771
1.591491	1.158062	5.376232	1.382357	1.210825	0.779490	3.813637	0.574412
2.072777	1.443646	1.970611	0.148128	1.023970	0.007060	-0.902138	-0.894520
0.171105	-0.050525	-1.951411	-1.510821	-1.963138	-1.017437	-0.853712	-0.363425
-0.854726	-2.964749	-4.704134	-2.341787	0.148902	-0.800701	-1.957787	-1.720104
-0.589815	-3.518429	-5.832458	0.008727	1.314688	2.339766	-2.570766	-2.579956
-1.779064	-2.373464	-3.593384	1.961121	-0.069079	1.985663	0.958851	-2.062683
-0.474273	-2.048456	-0.383813	3.372797	0.629299	2.743892	1.320861	-2.254684
-2.517843	-2.465605	2.458555	1.118552	-1.283477	0.038149	-0.740038	2.038441
-0.026173	-3.089612	1.886119	2.973788	0.297692	1.426236	2.032154	0.311990
-2.089466	-1.179378	1.738879	3.358704	-0.641895	1.025652	0.512833	-2.240035
-0.703220	-1.455903	-1.366166	4.450700	2.885763	0.536196	-0.622600	-3.476136
-1.699036	-1.931088	-2.397516	2.548775	1.852065	2.089467	-0.648148	-0.793213
-2.154615	-2.318933	0.795827	3.642130	0.915510	1.552665	-0.784812	-1.137066
-2.015357	-2.016440	2.530564	2.928265	-0.115101	1.459390	0.154405	-0.151995
-1.994762	-1.528008	1.512194	0.851379	0.575531	-0.744560	-1.804196	-0.671201
-1.734530	-0.185338	3.808316	0.936973	0.532005	-0.252384	-2.721719	1.155316
-0.418562	-0.684831	-1.229969	2.264746	0.514822	0.184517	-0.797564	-1.228245
-0.568958	-1.787788	-0.486164	3.033198	0.219082	-0.039057	-1.205632	-2.370183
-1.482418	1.084492	-1.360467	1.690330	0.480783	1.409993	-0.082726	-2.865899
-0.927241	2.495708	-2.011381	2.916941	0.127027	2.750266	0.540854	0.673807
-2.865129	2.776459	1.364896	1.797231	-0.938288	2.679962	0.267005	-1.460167
-2.338580	2.403144	1.333662	-0.964699	-0.123562	1.900282	0.990228	0.662881
-1.499396	2.309264	1.374017	0.395450	-1.500393	0.397023	1.259620	3.764949
-3.223576	0.912819	-1.222340	-2.303321	-0.347084	-0.685313	-1.371620	3.195638
-2.009719	-0.458594	-2.508109	-0.008413	-2.323833	1.496872	0.128107	4.600946
-3.031727	-2.038973	-4.351991	-1.505126	-0.924842	-0.344322	-2.538600	2.471974
-1.363998	-1.766119	-5.603185	-3.018258	-0.824809	-2.624695	-1.516143	4.433121
-0.485032	-1.926732	-1.760193	-1.976711	0.526765	-3.347148	-0.297722	3.069687
-0.142230	-2.857413	-1.957315	-1.575684	3.447780	-2.423480	1.926261	2.430272
-1.809691	0.641738	-2.135752	-1.376977	5.664536	-3.143293	0.501305	1.306874
-1.550615	2.338721	1.238197	0.858510	2.896833	-3.632886	-0.223591	4.455294
-2.077301	4.064036	2.534531	1.722278	1.847071	0.392840	-3.104728	1.373332
-0.236249	1.512182	2.610349	0.660027	3.240050	-1.096015	-1.331507	3.477086
-2.069159	2.895059	1.471651	-0.852744	5.027870	-2.037752	-3.079729	1.347057
-0.715830	1.618667	0.823336	-0.417834	2.104932	-3.561470	-2.306795	-0.776956
-1.605462	1.140107	-0.028095	-1.333743	2.873735	-1.637370	-2.097306	-0.071553
-1.695054	-0.029123	-0.322844	0.128830	3.786280	0.998147	-0.772962	0.254166
-2.950506	0.902378	0.156391	0.414585	3.113767	1.422383	-1.021965	2.232799
-0.737217	-1.996691	-0.146293	0.230222	3.016595	-0.242465	0.056784	-2.432752
-1.671387	0.265372	1.573905	-0.354859	0.886166	-1.509995	-0.171815	-0.455590
-1.757914	-0.646535	-0.022516	-1.602958	-4.463021	-2.417708	-2.137063	-1.807113
-0.476800	1.713788	1.120245	-1.220673	-2.674765	-1.152205	-1.586961	-3.882223
-1.741141	0.496943	3.448087	-0.335306	-0.661366	-0.286684	-3.415209	-0.753219
-0.790339	-0.554872	4.830009	1.660046	-1.148224	-0.474548	-3.220708	1.606997
-1.628892	-0.944156	5.075412	2.332281	0.239261	-1.259695	-0.058260	1.259825
-3.054899	0.362491	3.655294	2.434900	-0.380709	0.988775	-1.873563	-0.095634
-1.454060	1.025769	1.792357	1.838005	-1.516635	0.807260	-0.529820	0.134019
0.627926	1.939179	-0.257201	0.188994	-0.836717	-0.732638	0.885970	-0.944217
-0.214440	2.243719	2.537021	-0.385131	0.716747	0.323079	2.882205	0.434458
-1.177556	3.961892	4.639721	-0.589070	0.802256	1.088612	3.608286	0.500843
-2.544923	2.446296	3.829201	1.117577	3.207311	3.703961	5.200612	1.172739
-1.600938	4.949833	2.202160	1.148111	2.170313	2.292826	4.091083	0.345544
-0.202902	2.000801	1.452897	-1.432268	1.642061	3.037606	3.929698	4.742860
-0.856212	1.118603	-0.097187	0.060541	-0.004343	3.167602	3.342456	1.597284
-2.764969	0.542538	-3.101293	1.428939	0.436901	2.835914	3.765658	2.554917
-1.574970	-1.114794	-2.926621	0.277325	-0.002906	1.036441	-0.059097	1.551059
0.251085	-1.637593	-3.041070	0.400500	-1.469464	2.440283	-0.930008	1.946908
2.162697	-1.180756	-1.518341	0.423666	-1.565273	0.216642	-0.687077	2.667366
-0.743132	-2.295786	-1.146634	-1.817779	-2.334331	1.126816	2.809596	3.066131
-0.686702	-0.883180	-2.591550	-2.084132	-2.656337	0.651805	1.316712	1.561703
0.770089	-2.553339	-3.723687	-4.458794	-3.822192	-2.906589	0.473470	-1.870718
0.390643	-3.168761	-2.267446	-2.755264	-4.523695	-1.701168	-2.556630	-0.997733
-2.315240	-3.714047	-2.027427	-3.014742	-4.858344	-3.988831	-5.091188	-4.646141
-1.387758	-3.432796	-0.547331	-2.396326	-0.537139	-1.122378	-5.482203	-1.540644
-0.236410	-2.554707	0.952644	0.360884	-1.798480	-0.825509	-2.437377	-1.922842
1.675805	-1.448680	1.806497	0.537188	-1.412265	1.072175	0.686291	-0.861534
3.999888	-1.047914	3.478628	-0.997612	-0.838693	2.077776	0.411002	-1.981321
2.472642	-2.500208	2.694837	0.293483	-1.326865	0.088594	-2.251545	0.601796
2.001368	-1.671962	1.517124	-0.043926	-3.754378	-1.709672	0.123550	-0.201982
-0.250834	0.207125	-2.450510	-1.453437	-2.463933	-1.266722	-3.040413	-0.053157
-0.060761	-1.314846	-3.690466	-2.078451	-0.920527	-4.028555	-2.197232	3.699372
-0.066613	-2.444975	-3.630643	-3.996667	1.273739	-4.112871	0.456391	4.214904
-1.159387	-1.933560	-4.291241	-2.311383	0.942267	-4.149871	0.607857	4.734340
-3.596183	-2.667201	-2.054960	-0.375599	0.020057	-0.679853	0.569267	2.122578
-1.654898	-0.194398	-0.996200	1.454585	0.595611	-0.027318	0.722521	0.953519
-2.436232	-1.115449	-0.927660	3.022670	-2.474170	-0.175365	-1.011781	-1.924937
-3.183782	-1.071453	-1.143240	0.870457	-1.850686	-1.410795	-0.030139	-3.429892
-2.252347	-0.610409	-2.032341	-0.074254	-3.380935	-1.689407	-1.214952	-4.116245
0.844773	-4.388218	-3.106161	0.603540	-2.582216	-2.501001	-3.408520	-2.483297
-1.941418	-1.673077	-3.041201	-2.575363	-4.581128	-2.698176	-2.055842	-3.283947
-0.567019	-3.520986	-1.617859	-3.473661	-4.752571	-3.120234	-2.445118	-1.069796
-1.627030	-4.044543	-3.549637	-2.336553	-1.044142	-3.266472	-3.719547	-1.570944
-0.940747	-3.504848	-1.211533	-3.797139	2.506958	-2.943292	-2.560728	-2.689592
1.883829	-1.239600	-0.633347	-0.940318	1.860832	-3.007093	-2.259862	-1.531739
1.341102	-0.984298	0.710022	-1.358589	-0.352320	-2.262074	-2.791848	-0.582986
-0.115828	0.381760	-0.949227	-0.572651	-1.357396	-2.286236	-2.223184	-1.624533
-0.766359	-2.135726	-1.159093	-0.217804	-4.250795	-1.736878	-2.044271	-1.978480
0.569812	-2.357055	-2.717775	-2.796146	-3.004716	0.710800	-0.378107	-2.358728
-0.719915	-3.481124	-3.565474	-3.506778	-2.167458	0.573799	-0.476392	-3.034576
0.538662	-1.322934	-2.381987	-2.246097	-1.709220	3.169318	0.900674	-0.709825
0.304345	0.301217	-2.047516	-1.596804	-1.148300	3.588057	3.024194	-1.811075
2.384835	1.644330	0.469141	-1.700798	0.308504	2.933118	0.166966	-0.749226
3.818435	3.094707	2.870384	-0.125077	-1.163209	1.091799	-0.315207	-1.612879
3.635145	3.603248	3.570313	0.597658	-2.133336	0.689903	-2.374426	-0.574832
6.605368	3.618455	2.982430	-1.190890	-1.360576	-0.046272	-2.871489	-0.791788
3.691805	1.966829	3.873834	1.015378	0.635471	1.933475	-0.365295	1.216655
2.657958	3.766471	0.335926	1.178864	1.338309	2.828544	1.378956	-0.726204
3.785929	-0.691217	-2.408092	2.743967	1.245837	4.032336	1.907366	-1.880564
2.448018	0.593566	-3.181921	1.298090	1.822657	2.770051	2.174235	0.284073
1.079229	0.881021	-1.124560	1.102132	0.975770	3.673688	1.222764	2.625908
-0.502339	-1.923051	-4.068109	2.059995	-2.099221	-1.259851	-1.680445	1.659840
-2.083982	-2.101948	-3.872065	0.560480	-3.082617	-2.524766	-0.556993	4.265470
-1.189999	-2.131868	-2.607730	-2.342613	-3.319415	-2.625458	-2.723177	1.092998
-2.912989	-1.384011	-3.390302	-2.817484	-3.897414	-2.585925	-3.901097	1.168923
-1.555050	-3.949675	-3.281080	-2.609130	-2.800212	-1.218768	-3.433752	-2.011455
-2.382381	-2.682358	-0.697864	-0.546153	-3.433310	-2.551287	-2.914840	-4.272336
-1.927779	-2.923060	-1.218753	-1.464049	-3.890204	-1.887981	-1.108262	-2.669219
-2.237144	-3.061679	-1.662146	-0.679520	-0.479093	-0.013250	-2.574415	-2.296405
0.529227	-1.052313	-1.830543	-0.963164	0.178123	1.954706	0.718802	-2.914095
-1.579165	1.312239	-2.700042	0.977820	-1.686954	2.252188	2.722889	-2.854987
0.043182	0.729179	-0.235343	-1.674868	0.352078	3.617896	0.396148	-1.423582
0.528868	1.928007	-1.011045	-1.417827	-0.061680	2.612630	0.948880	-3.765981
-3.074004	-2.407374	-1.610548	-2.221156	-0.362427	1.992090	-0.942715	-2.549683
0.311767	-0.612663	-1.817650	-0.589454	-2.457061	-0.996324	-1.452434	-3.078188
-0.251117	-5.209359	-4.428151	-1.952621	-4.137081	-2.235811	-2.503077	-2.745196
-1.787355	-2.732760	-3.246549	-0.996056	-2.202886	-2.918072	-3.921343	-1.651408
-1.830545	-2.276564	0.340656	0.242142	-2.036073	-1.128305	-2.547630	-1.516723
-2.346087	-0.038671	2.644864	0.096173	2.046658	2.496889	0.173462	0.335159
-2.085178	1.908922	4.288578	1.226838	3.679608	3.793511	1.258636	3.362837
-1.160017	1.693815	5.417397	4.088239	3.398480	5.781860	5.841191	2.455012
-2.519202	-0.266089	4.489023	4.983474	4.471873	5.056337	2.928030	1.765384
0.297867	2.343511	6.247057	5.784346	5.272591	5.892741	4.253453	2.562552
0.594292	3.731816	5.044999	5.243055	4.715833	5.462874	3.196962	1.098917
2.807074	0.718528	3.917350	4.036201	2.489402	4.873535	3.923358	1.636079
1.975515	2.478249	1.906812	0.670585	0.709799	3.170525	2.974342	2.337437
-0.426483	-0.142520	2.524385	2.238808	1.081925	2.902643	1.512315	1.156492
1.712079	-1.268178	4.404870	1.090470	0.535381	2.783990	0.554779	4.359143
-0.157396	-2.280222	-0.161131	2.918072	1.182269	0.139465	0.028234	0.667891
-3.267307	1.054148	-0.146019	3.685414	2.358289	0.333570	0.221882	0.286636
-0.837254	2.208234	-1.098891	3.726298	3.941244	0.946203	-1.191375	-1.892423
2.190566	0.872238	0.187553	1.335322	1.472134	-0.208035	-1.750037	0.237616
4.249853	1.262561	3.286714	0.088789	3.708061	-0.727343	-0.262803	2.082751
0.699108	2.225204	2.322493	-0.135801	1.029325	0.432878	0.486029	1.665083
1.723033	-0.176630	3.325292	0.520251	-0.695871	0.798328	0.697359	1.917311
2.213629	-1.146940	2.499710	2.188847	0.230573	-0.492293	-0.088210	0.922937
0.709396	-0.108925	1.342849	0.864087	0.925258	0.918916	-0.465978	0.253559
-1.128865	-0.456483	-0.795790	1.314172	2.296086	0.861254	-1.176143	-1.884422
1.723349	0.394487	-1.187805	3.333001	4.634458	0.815022	-0.451205	0.396395
0.474736	2.806487	-0.309697	3.369875	3.127674	-1.713682	-0.682962	0.341608
3.971100	1.398618	-1.291363	1.274395	4.095536	-1.331855	-1.283214	3.370518
3.684139	3.461181	0.351696	0.923262	2.188245	-1.973200	-1.136858	3.255726
1.767556	-0.353021	0.654583	-1.730926	0.738103	-4.110515	-1.083695	1.644230
4.703551	-0.509887	-0.870103	-0.560866	-1.417791	-1.607601	-3.121822	-0.474768
3.039325	1.291483	0.400641	1.067940	-0.861035	0.519242	-2.987439	-1.285669
4.771978	1.620793	2.619314	2.973593	-0.398028	-0.752585	-1.381145	-1.156873
6.253812	4.343442	1.909019	4.616895	1.435631	2.962816	0.048062	1.430520
5.095627	4.681333	2.397456	4.500044	1.947742	1.018546	1.532582	0.734611
4.324824	4.731666	1.782526	4.462641	0.882108	-0.023095	0.313517	0.184499
3.793304	2.852244	0.456130	-0.177914	-1.986572	-1.036207	-0.583533	-1.754216
4.370166	0.765667	-2.729731	-0.006820	-2.510497	-2.202691	-0.980566	0.713867
4.031812	-0.618963	-3.347757	-3.316878	-3.439565	-4.745046	1.244819	-1.787353
3.936542	0.309056	-1.255245	-2.346186	-2.537977	-2.529773	0.298421	-1.917976
3.630957	1.094324	-2.106495	1.085554	-1.202631	-1.460173	0.227743	-2.262201
3.248058	2.330344	0.785594	1.142043	-0.771926	-1.242144	-2.613314	-1.269228
6.639543	1.865215	0.548023	0.386381	2.263738	-0.343688	0.553150	0.719742
5.059015	2.817941	-0.727908	-1.263732	0.522661	-2.109705	2.324735	1.391110
4.642574	-0.212479	-2.406996	-2.338195	-1.061455	-2.377595	4.184844	1.489775
1.977219	-0.130843	-2.697342	-2.094209	-0.095510	-1.727657	3.517977	-0.273762
2.116552	-1.514249	-3.538944	-2.668675	0.770996	-4.395694	-0.048666	-0.002502
-1.377228	-1.832196	-2.839102	-1.194691	1.624265	-1.628304	-0.668283	0.663556
-3.422721	-1.987583	-2.338914	-0.519758	2.640996	-5.162188	-4.551774	-0.418888
-3.894325	-2.308410	-0.438779	-1.465676	2.985090	-2.114646	-3.545239	1.434365
-3.060641	2.932426	-0.279697	-2.012645	2.134047	-0.726280	-3.068475	1.237216
-3.306569	-0.426174	-1.510267	-1.489565	3.321068	-3.291288	-3.332483	2.601565
-3.298109	1.001590	1.649812	-0.890437	4.224454	-1.133572	-0.652363	0.419011
-4.164660	0.558820	0.620841	-1.544361	2.009703	-0.927232	-0.163812	-0.962245
-2.805923	0.015316	2.134121	-1.765636	-0.094582	-1.256568	1.688268	-1.390204
-2.968497	-2.383019	0.232953	-2.945763	-1.898603	-0.015081	1.526480	-1.929465
-2.630882	-1.190586	-0.977262	-1.816243	-4.448258	1.877129	-0.481577	-0.888528
-2.206479	-4.168382	-2.900124	-3.036475	-4.262149	0.571461	-1.030602	-2.510895
-2.654388	-3.301308	-2.665232	-3.742061	0.185226	-0.750385	-2.251795	-2.094363
-2.063608	-0.855861	-2.041785	-1.499299	1.202667	-0.855909	-1.137255	-3.659234
-2.799640	-0.928141	-2.537782	-1.704491	1.762873	-1.437713	-1.131982	-1.768108
-2.108885	-2.849048	-0.562723	-1.869537	1.704345	-3.095996	-0.160075	-0.654785
-3.140041	-1.046979	-1.218906	-0.411438	0.473882	-1.570159	1.935566	0.563136
-1.215410	-1.846935	-1.644231	-0.830493	0.945484	-1.009603	2.762442	0.502254
-2.614192	-0.311814	0.254903	-1.839404	1.190252	2.089672	3.848552	2.993669
-2.431587	0.172784	2.291396	2.298530	1.411085	2.433464	5.661897	4.500982
-2.263595	0.924961	1.873750	1.827807	1.620283	5.785175	7.369777	2.898291
-2.223217	2.256316	4.575164	2.714127	3.024245	4.990002	5.250993	2.736997
-2.139353	0.697452	5.732740	3.588490	3.068172	4.292345	5.575544	1.535400
-0.645804	5.017268	1.545678	2.516695	2.827963	4.030104	1.184231	0.440399
-2.798470	2.879566	0.274579	2.826142	4.051017	1.494378	-2.007746	0.952196
-3.432352	0.096346	-0.497056	1.395629	1.570035	1.413567	-1.751487	-0.006312
-2.986450	0.310509	-0.969727	1.813156	2.867216	0.305668	-2.387092	-1.666122
-0.192664	-0.492645	-0.719134	2.794822	0.992159	1.840483	0.385438	-1.770937
1.560904	0.269185	1.046024	2.824228	2.048963	5.584809	1.175405	-1.053155
3.202354	1.214500	2.073249	2.971171	2.830929	4.088947	3.986907	-0.450778
3.973185	0.580699	0.389539	4.030551	1.498855	4.628896	5.143645	1.093095
6.211198	1.250885	-0.551604	1.853068	3.740342	2.980954	5.346618	2.053764
5.141190	2.211957	0.040921	-0.039080	0.788787	2.116621	5.119527	1.249129
4.875662	1.963716	1.257913	-0.933493	-0.344609	2.353596	6.690671	1.898889
6.994212	1.238061	-2.424726	1.315228	-0.545247	-0.512622	3.662050	-0.945656
3.659139	1.385695	-2.074097	-0.170918	0.642071	0.237267	2.333163	-1.131905
2.960644	-0.971084	-0.022799	3.067768	0.728945	0.676361	0.303111	-2.332260
1.717525	1.617326	1.838768	4.412485	-0.343225	2.232960	0.481092	-3.259920
0.204080	3.029024	1.737905	2.420932	2.346358	0.899963	3.712207	-1.703386
-0.031890	1.701212	4.102912	-0.082492	0.062995	-0.577231	3.833855	1.121543
-0.352486	1.343089	4.347090	1.255813	3.036983	-0.612724	4.651335	-0.646835
0.644689	2.551155	1.678838	0.170445	2.334323	0.190185	3.928148	0.633182
0.531536	1.565111	4.293457	0.913803	2.968112	1.660193	3.513692	2.951592
-0.618547	2.275557	4.448048	0.733185	1.583850	2.455801	1.016966	0.277295
-1.543960	-1.107406	3.582609	2.179092	0.445235	-1.382094	-1.609629	3.220092
-2.574806	1.664420	3.406943	1.785422	1.672766	-2.107591	-1.052895	3.167682
0.330716	0.225637	3.667248	2.634973	0.546443	1.124507	-3.494332	4.267464
1.155404	0.930245	1.211025	3.236545	-1.609038	0.278600	1.120759	3.179239
0.295857	1.756343	0.482775	-1.277164	1.108924	2.709287	4.520977	1.192005
-0.227727	0.974531	-0.091004	-0.123954	0.629927	2.098467	6.161422	-1.099436
-1.055848	1.436510	-1.095010	-1.221828	-0.813631	1.350639	3.781992	-3.957185
-2.449008	-0.248020	-1.514844	-1.976186	-2.558651	-0.935399	1.116886	-2.952944
-2.545707	-3.178560	-4.977905	-2.869830	-3.697035	-0.878247	-4.163395	-1.879011
-1.506648	-2.889210	-3.634494	-1.105161	-5.603684	-2.904007	-5.407054	-0.402188
-2.690631	-4.517669	-3.121511	-2.726880	-3.551701	-3.211780	-7.695991	0.128826
-0.141058	-1.650339	-3.054655	-2.081688	-3.091085	-1.588667	-5.620808	1.056330
1.479570	-1.577618	0.454173	0.990113	-2.905640	-1.109269	-1.393505	1.627624
4.082052	0.267092	1.284973	0.233821	-0.143467	-3.600587	-0.731884	1.649608
3.513086	2.422091	1.736746	0.100636	3.383132	-0.981722	-0.949946	2.180780
5.180471	3.145479	1.985590	-0.594644	1.344956	1.205023	-1.577892	3.466942
3.067706	3.024457	0.329106	-0.782620	2.569803	-2.019851	-0.090223	0.526392
3.394988	1.867722	-0.228406	-1.539094	-2.249630	-1.369247	-2.240340	-1.166970
5.047018	1.118276	0.810254	-1.163668	-0.969144	-1.956265	-1.590745	-0.469044
4.030593	1.853418	-0.731716	0.819658	1.495059	-0.459607	-1.473340	1.706070
5.707511	2.562647	2.067486	2.567182	3.791078	-0.017274	-2.659825	1.682370
3.529772	4.624862	2.615758	0.777802	1.080009	-0.867767	-0.591902	0.048358
4.121274	2.717464	2.437100	-0.468284	-0.488249	-1.090988	-1.073873	-1.130068
1.691316	-0.423148	-0.520187	-0.123176	-3.697198	-0.601437	-0.437839	-2.034208
2.960595	-0.343875	-1.684505	-2.124876	-2.436140	-2.671917	-1.746901	-2.574762
-0.729089	-0.604817	-2.739553	0.974914	2.024223	-1.366129	-1.783261	-3.590631
-4.229239	3.502425	1.339867	-0.965008	1.624488	-0.685673	-0.776921	-2.429715
-1.895555	4.350351	1.825856	-0.225342	5.568554	-1.807752	1.945818	-1.614014
-2.250139	2.596160	4.337613	0.998809	4.113618	-1.387766	3.112653	-0.246029
-1.737794	1.824651	3.858937	1.444144	2.739977	0.902182	2.566885	-1.144561
-0.407420	0.468323	5.971528	1.764761	1.112731	0.578492	-0.639591	-0.774809
0.296581	0.581876	4.256886	0.629159	-1.319725	0.475363	-0.325274	0.609427
0.493108	-0.569091	2.824610	-0.308764	-2.297491	2.607692	0.685633	0.509445
-1.062442	-3.516578	2.009599	-0.858709	-3.273870	0.945278	-1.234572	0.181445
-0.001670	-4.578687	-1.983747	-1.309179	-4.025366	2.171520	-1.098291	-0.449173
-0.941377	-1.754618	-2.405029	-0.088075	-5.006779	0.115017	-0.347225	-1.978110
-0.403565	-3.003573	-2.988348	-3.833598	-0.915313	-2.363034	-1.876576	-2.731665
-3.256537	2.392948	-0.429303	-1.438751	-2.077469	-2.702433	0.093553	-2.242240
-1.154092	1.681345	1.296003	-0.477334	-1.977851	-2.909282	1.644261	-0.960035
-1.125234	3.024615	1.903971	-0.473850	-0.659861	-1.755382	2.563846	-1.021849
-0.228064	1.962159	2.978399	-0.348201	0.947599	-1.784435	2.754805	-1.632485
-3.126483	3.242874	3.335987	1.160813	2.693126	-2.345043	0.856638	0.650559
-2.769894	5.052161	2.603134	1.315189	3.983618	0.658393	2.194240	-1.345218
-2.005897	2.768018	4.492040	0.917726	3.808872	0.471972	1.068412	1.141282
-1.651395	1.922344	3.198903	1.587222	3.250485	0.044392	-0.382450	0.081861
-3.781489	-0.037062	4.184122	1.898875	1.974055	2.734552	-1.953448	3.096717
-2.120081	-0.762601	2.804997	0.471284	2.373980	-0.981351	-2.529584	0.833450
0.073927	-1.278974	-1.049873	0.405146	-1.120244	-1.337717	-3.067460	0.866460
-3.066767	-2.679683	-5.051589	0.312361	-2.182818	-2.910948	-3.582879	-1.183254
-0.702063	0.549472	-4.011253	-2.380474	2.108754	0.012954	-0.617842	-0.752893
-2.176464	2.126989	0.682836	-2.609660	1.102369	2.641188	-0.472251	-1.717955
-1.898072	0.226168	-0.771325	-0.265799	2.472826	5.172352	4.183590	-2.885443
-3.239688	1.854006	1.024464	-0.973093	1.334822	4.077645	7.462080	-0.296956
-1.863713	-0.895897	-1.366097	-2.561343	0.591953	2.498665	5.042916	-2.413694
-1.346451	-3.007743	-2.120511	-2.094651	-2.277782	1.389610	3.283596	-2.656759
0.458598	-3.416333	-3.106579	-1.192319	-3.964287	-0.222121	0.191718	-3.374650
-1.251067	-1.797767	-2.935300	-1.515449	-5.229664	-1.334529	-4.171820	-3.753768
-1.340050	-4.414149	-3.566577	-1.102842	-5.128016	-2.926117	-5.975722	-4.056414
-0.989651	-3.168478	-3.829911	-1.008799	-3.092545	-3.467985	-7.242490	0.044414
-2.014072	-2.632656	-3.639202	-3.280524	-4.273155	-0.904336	-4.317225	-1.177987
-0.437815	-1.661284	-2.681052	-1.245916	0.262653	2.018529	0.269770	1.715284
-1.746582	-1.175465	-0.001763	-2.176778	-0.134426	-1.243992	-0.366709	1.836626
0.012927	-2.537799	-2.964334	-1.512112	1.373708	-0.545800	0.219038	2.521840
-0.980892	-2.391487	-2.657468	-2.245319	1.336750	-1.422597	-1.101693	1.767824
-1.151739	-1.715432	-1.310866	-1.406100	-0.237701	-2.128684	-3.667205	2.417378
-2.111217	-4.097234	-3.148029	-1.650659	-4.507349	-2.493664	-3.572098	2.767703
-0.716426	-3.395996	-3.137658	-1.243495	-3.149296	-3.456137	-2.229877	4.906897
-1.026569	-1.060417	-1.631454	-1.264911	-3.270545	-4.711105	-4.766044	5.428260
0.064253	-2.449201	0.698380	-3.675608	-2.411298	-2.895171	-1.934700	-0.076107
2.045438	-1.076648	-0.274555	-1.215288	-1.796858	-1.146535	-1.282449	-0.185406
0.977785	3.554140	1.691638	-0.282253	-2.627028	0.457701	0.356206	-0.078736
2.093191	2.564061	2.315058	0.259796	-0.912311	2.900335	-1.727836	-1.925998
1.603956	3.164815	0.166604	0.034558	-0.814809	3.379165	0.218322	-0.615892
2.807777	1.608099	1.547175	0.664630	-4.077424	-1.357910	0.304278	-0.947618
1.461254	0.632912	0.212868	-1.880988	-3.596660	0.194409	1.534128	0.058023
1.186484	0.007052	-2.390316	-2.100098	-5.018118	-3.703580	-1.932130	-2.747569
3.446566	-1.341881	-5.086881	-2.654702	-3.349403	-2.038980	-4.060298	-1.174594
0.591098	-3.081991	-2.086026	-1.230201	-3.867415	-3.558591	-3.541779	-1.373052
1.149280	-0.202278	-0.350754	-0.093696	-1.220058	-1.901915	-2.195575	1.135457
-0.356692	1.063256	2.276034	1.125810	0.163466	-0.052255	-1.196289	2.600831
-2.341518	0.938210	2.687836	2.601817	0.866154	-0.551310	-0.156624	5.998772
-1.543100	2.020682	5.245152	0.528523	0.743504	1.882917	0.025518	3.822379
-1.087538	2.629870	4.271579	0.618726	-1.217287	-0.037877	-2.110865	2.302251
-1.247736	3.330372	0.778116	0.652726	-1.266921	3.067109	-0.492376	1.001489
-1.325494	0.983488	-1.110238	-1.727879	-4.202201	3.185372	0.585782	-3.241808
-1.317414	0.930115	-2.679685	-3.507390	-4.253729	0.696511	0.468407	-3.251540
1.464104	-0.142148	-4.088726	-2.480009	-4.112907	-1.142377	-1.175803	-3.959806
2.753656	-1.795503	-3.975863	-0.918937	-4.526338	-2.136292	-0.645251	-3.293508
0.847743	-0.320551	-2.167597	-2.458775	-4.172324	-2.313337	-4.696041	-0.375244
2.840562	-1.719894	-2.925830	-1.702024	-3.098168	-1.936312	-3.933473	-1.163716
0.650113	-1.650334	-2.295664	-4.506087	-0.332872	-4.557619	-2.850051	-1.489523
-1.361807	-1.945372	-0.703599	-1.020063	2.446662	-2.670261	-1.379877	-2.883066
-2.045498	-0.686710	-0.276838	-1.646254	3.090532	-2.446138	-1.792953	-2.863044
-2.292262	0.729550	-0.984382	-0.727961	3.394535	-1.941652	-1.295682	-4.146657
-1.523601	-0.303493	1.907568	-0.634586	0.305770	-1.301404	-0.494267	-0.888406
-1.887114	0.579459	5.536609	1.073171	0.833633	1.611003	0.747390	-0.875490
0.671395	2.604805	5.058541	1.083409	-1.092476	-0.635432	0.200788	2.209090
-1.690173	0.318843	2.850862	-0.353974	-2.669361	2.346990	1.705322	4.606334
-1.299321	-1.693629	0.954070	1.414521	-3.717923	0.516467	0.224792	2.931344
-2.649049	-0.483512	-2.188536	-1.939006	-5.809964	-0.512402	-1.064706	3.152517
-0.815359	-3.056809	-6.920758	-1.365357	-2.170886	-0.536819	-1.496674	2.149356
-2.349352	-3.987919	-6.916197	1.053468	-2.038392	0.237015	-2.408613	-0.557441
-0.754229	-2.917346	-5.092755	2.331568	0.840218	-0.957603	-1.461927	-2.479673
-1.093891	-2.137991	-1.601534	2.382341	-0.227060	-0.256373	-1.077618	-3.773240
0.070760	-2.840955	-1.099434	1.421187	-2.703127	0.065004	-0.095488	-2.187842
-1.661276	-1.680340	0.267442	-0.167595	-0.673884	-2.519675	0.226361	-1.528979
0.271999	-0.784847	-0.563107	-2.730605	1.255667	-3.567711	2.203827	-1.962151
0.270585	0.437321	-0.195183	-1.960245	0.623323	-1.889206	5.083207	-1.138157
-0.810220	-2.902136	1.453113	0.999884	0.017883	0.509040	2.203499	-1.294898
-0.679916	-0.998521	4.669480	2.246383	0.345146	1.368024	3.426000	-0.610473
-0.612206	-1.053634	2.078815	4.063350	2.118009	3.171546	2.184310	0.090819
-1.647989	-0.062678	1.459518	3.391485	3.267972	5.018303	1.170125	-2.044623
-2.583067	-1.780053	-2.778414	0.264687	3.681933	2.856695	0.836343	-1.195199
0.467960	-1.063862	-0.792481	-0.909644	3.360690	2.290820	-0.314437	-0.742508
-0.752810	-0.681305	-1.141985	-2.400210	3.143041	0.598976	-3.262917	0.992050
-0.878077	1.554815	-0.139028	-2.844710	3.358987	-2.843837	-3.103901	2.439275
-0.833243	0.621997	0.560288	-1.582545	3.360324	-1.083822	-2.254089	3.285169
-1.400808	-1.447761	-0.204137	-1.718715	3.087752	-0.458380	-1.067684	3.637030
-0.473573	-1.785359	0.520295	-3.199522	3.104769	-0.271311	0.044412	2.194260
-1.164439	-0.891099	-0.054118	-1.159864	1.385775	-1.692818	-0.988602	0.678658
-0.834906	0.557417	-0.995877	0.329357	0.802067	-1.697402	-0.869329	-1.155574
-0.318476	-1.053812	-2.538483	2.023241	1.249546	-0.535264	2.051729	-0.083437
-0.596149	-1.467788	-2.717538	3.420288	1.456009	-0.306706	2.779771	-0.894530
-0.801025	-0.500311	0.045156	4.290197	1.374057	0.676872	3.014796	-1.198452
-0.780306	2.264916	-0.668401	4.110969	1.129787	2.381368	0.912800	-0.318404
0.736507	0.934192	-1.192811	5.018003	1.013499	1.500580	-0.711418	0.062316
5.881315	2.946316	2.807423	5.335199	2.637792	0.647207	-0.249859	0.655407
5.991016	2.184487	3.704003	4.169357	-1.383435	-0.660551	-0.729526	1.460971
6.847810	5.216504	2.930624	1.020376	0.551618	0.445103	-0.836019	4.791308
4.335597	4.897164	2.023787	0.442858	-0.442851	-1.144732	2.522659	3.919218
6.081275	3.685167	2.501391	0.013802	-0.432442	0.128044	0.809707	2.956703
4.608545	1.832112	0.950133	-1.879893	0.563645	-1.439271	3.080124	0.780961
3.521305	3.155697	-0.044088	-0.832026	2.162608	-2.159579	1.546407	3.140795
1.387056	0.623420	1.647828	0.591003	2.896647	-1.798480	2.584255	4.489505
0.375897	0.321682	2.595578	1.745695	4.308262	-2.131777	0.027066	2.449091
0.699227	2.010180	2.925162	-0.008551	2.688453	-1.869269	-1.245060	0.893754
-0.353154	0.035914	2.753878	-0.223835	0.840518	-0.816558	-1.743525	-1.338805
-1.537646	0.349782	0.289626	1.620845	-2.226742	-0.257045	-4.197631	-1.770785
-2.428950	-1.986017	-1.794597	3.699387	0.298172	1.305168	-1.918979	-0.305687
-2.346867	-0.991284	-1.786791	2.797993	2.695660	3.527580	-1.022971	-1.094008
-2.131195	0.474580	-0.851657	3.916863	2.962221	2.056190	3.460893	1.157351
0.486464	1.890074	-0.230097	3.143097	2.880057	2.888298	3.724911	2.326591
-1.762090	0.712397	-0.091412	1.941295	2.235966	-1.048999	3.031481	-0.064687
-1.145257	1.748948	-0.097003	-2.016041	1.476449	-1.103700	4.190203	0.009419
0.201363	-0.005875	-0.611070	-2.902411	0.514405	-0.361508	2.927276	-1.719992
0.074769	-0.037772	0.040384	-3.577116	-1.396365	2.530176	4.928598	-0.417018
-0.016039	-0.672344	-1.198741	-2.864053	-3.204061	4.376552	1.697268	-1.963158
0.816440	-1.769891	-1.210746	-1.911324	-2.786383	3.507019	-0.092615	-1.383813
-0.003396	-0.258116	-0.290232	-1.525226	-1.794830	3.008175	-0.031151	-2.307580
-0.607345	-1.637019	2.218600	-1.157860	-1.542203	3.196119	1.256457	-2.128458
0.408291	-2.158000	-0.120452	-0.152924	0.684798	1.529151	-0.895791	-4.112648
