X1	X2	X3	X4	X5	X6
0.418061	-2.551794	-2.476857	-2.429010	0.719715	-0.128365
-1.408192	-2.108586	-2.622240	-2.867320	1.345135	0.429624
0.295955	-0.287060	-0.196644	-2.801253	1.053676	1.085429
2.445500	2.830484	-0.596069	-1.250609	1.527240	-0.983249
3.884643	2.092544	-0.761815	-0.730391	1.507229	-0.072207
4.425985	0.655319	-0.784282	-2.377900	0.268246	0.623458
3.930824	1.446009	2.606530	-0.069839	-0.299508	-1.626653
2.084061	-0.053888	4.267821	-0.231608	-0.326631	-0.015137
-3.745006	-2.799372	1.454492	1.185289	-1.204919	-1.013792
-2.696476	-1.342746	-0.148758	0.460551	0.850128	-0.530516
-3.179550	-1.090508	-0.187328	0.801977	2.912314	-1.623006
-2.552029	-1.261562	-2.775319	-1.001735	0.684840	0.705639
-2.323012	-2.053207	-1.392129	-2.994088	1.595209	-1.414978
-0.213401	-1.432046	-0.523859	-0.184683	1.222523	-0.038355
-1.045795	-2.261378	-1.703810	0.495578	-0.435317	1.345809
0.221306	-3.052105	-2.162080	1.749093	1.294593	-0.451983
-1.861201	-0.882228	-1.891269	-1.208640	4.118355	2.912071
-2.378514	-0.541149	-1.916179	-3.029222	4.300070	0.765472
-1.784035	-0.766368	-0.666607	-0.158856	5.857342	1.737623
-0.542263	0.320914	-1.778255	-0.587344	4.646472	0.651625
-2.128899	-1.344804	-1.553622	-1.216086	2.936162	1.511080
-1.200944	-2.119124	-3.084208	-1.955586	2.573215	1.371890
-2.105497	-3.034847	-1.044214	-2.097945	-1.509966	-1.109043
-0.357760	-2.631773	3.277462	-2.453965	-2.659680	-1.581818
-0.849133	-0.618304	1.570719	-0.292147	-0.834625	-0.804933
0.305484	0.219159	1.892057	-1.306895	-1.554397	-2.406287
-0.799810	1.653214	0.703176	-0.833409	-0.760295	-2.028677
-0.683315	3.507362	0.793977	-0.704091	1.189083	0.644697
0.888369	3.325400	0.584559	-0.301144	0.508741	-0.319363
2.251840	2.880427	0.255722	-0.135468	1.202380	-0.040155
2.723400	0.958543	-0.119633	-2.024567	-1.413798	-2.046479
2.384846	-0.952953	1.148494	-0.183142	-0.512290	-1.071432
1.304279	-2.792764	2.120902	-0.522795	0.011506	-0.928413
-2.059302	-3.291490	1.064492	-1.468228	0.948093	-1.244022
-2.216496	-1.262332	-0.665237	-0.410542	4.732372	0.441744
-2.004106	-1.999391	-1.418184	-1.326639	2.658547	-0.288816
-0.292630	0.593831	-2.343050	-0.212422	0.602018	-1.254098
3.483830	-1.873067	-1.451834	2.818408	-1.054910	-2.769904
1.876974	-2.076985	-2.808036	2.535148	-4.746436	-3.159931
0.410102	-0.918625	-1.979457	4.587498	-7.635258	-1.574578
3.875713	-1.464289	-1.786796	3.565055	-5.287374	-4.345745
2.921006	0.020124	2.541347	3.827417	-8.901780	-1.732330
4.209782	1.799710	1.778371	4.255183	-8.437076	-1.507834
4.133340	1.480771	2.872176	3.346350	-7.938657	1.595346
4.283279	3.001003	2.243063	1.126318	-3.801623	-0.948790
0.173999	3.715006	2.952531	0.077483	-1.490570	-1.869742
-1.696300	4.213880	1.894480	-1.730056	-0.014597	-1.335508
-2.772620	4.344922	-1.377390	-1.845901	-0.701702	-3.075289
-1.009760	3.361231	-0.434578	-2.958953	0.162519	-1.880983
1.674179	4.348307	1.787614	1.217886	-1.130432	-3.938390
4.557397	4.443148	2.991887	2.858113	-4.243355	-1.583510
5.615893	3.995854	2.168140	5.078827	-5.727145	-1.189941
4.295967	3.118422	-0.119525	4.722326	-5.992901	-3.486385
1.315718	2.417752	1.033989	1.327509	-4.807020	-2.358139
-0.427154	-0.935358	-0.850617	0.873674	-1.059101	-1.461805
-2.051550	-3.541408	-1.862742	-1.796082	4.896560	-1.881781
-5.551170	-0.358200	-1.436388	-2.877260	3.871963	-1.277068
-2.160814	-0.921535	-0.556254	-1.896962	3.359113	0.072835
-2.005584	-1.241013	-0.653341	-1.219889	4.693410	0.647928
-1.249478	-2.206438	-2.104749	1.566757	3.100957	0.866510
0.443201	-0.929108	-3.767078	2.320073	0.178156	0.274583
-1.554946	-3.713126	-1.316628	2.429359	-2.462190	-3.074355
-0.132819	-4.734592	-1.878800	3.308012	-5.952280	-1.921702
-0.769120	-2.778309	-3.297694	3.793031	-6.813511	-3.340860
-2.550149	-5.948976	-3.926210	1.010113	-5.554580	-0.316929
-0.769306	-1.834496	-3.897249	2.679759	-3.571186	2.239492
-1.398791	1.155832	-2.296311	3.245364	-0.618327	2.895902
-1.872105	3.721905	0.746704	0.225229	0.315000	2.828801
-1.102749	4.319022	-0.219405	1.851151	0.952396	-1.525911
-1.322422	5.521083	2.450063	-1.001772	4.960465	0.196664
0.071074	5.132686	3.218706	-0.554141	5.158008	-0.191672
1.755139	4.423431	2.678524	0.363142	6.611826	-0.117021
0.195573	4.385815	6.288917	0.235676	6.324624	1.630116
2.129475	4.337438	3.289784	1.834759	4.354202	3.078840
-0.197854	3.261799	3.266726	1.398089	6.761862	4.549750
1.106583	0.131397	1.966041	2.388164	5.148407	4.194945
2.622088	-0.741769	0.816929	0.034784	1.875139	3.434624
2.446759	-0.391201	-3.757311	-0.769254	2.550759	3.481387
1.621297	-0.752100	-2.940378	-1.638752	-0.493529	-0.033768
3.264600	-1.188766	-4.770174	-0.769610	-1.354125	-1.519040
1.701169	-0.171101	-2.768299	-2.344030	0.135175	0.908169
0.015502	-3.669706	-2.867053	-0.383815	-0.669629	1.047159
-1.913600	-3.156881	1.235562	-1.153165	-1.984434	-0.632571
-4.141138	-2.402929	0.153247	0.667318	-3.518337	1.462777
-0.426813	-2.300449	4.247500	1.830533	-1.577338	1.721302
-2.540924	1.173657	4.564022	1.340177	-1.650134	2.471705
-1.130472	2.553587	4.889911	4.120749	-2.029123	1.280983
-0.720458	3.345142	3.217067	2.957349	-5.043403	1.192335
-0.471782	4.488819	4.866689	3.400774	-7.440972	-0.159739
-0.949245	4.356119	3.959277	2.556523	-7.733729	1.856759
-0.172246	2.665039	3.430930	0.538094	-3.375671	2.931028
0.761514	0.859580	1.763647	0.173886	-2.276297	2.170567
1.929734	0.167239	-1.516973	-1.314602	1.308495	0.174775
1.757114	-2.196084	-3.005829	-2.100072	0.752108	1.329350
0.258153	-0.886190	-4.507324	-4.083925	1.225743	1.554991
-1.817248	-0.589880	-3.173458	-2.475663	1.537601	0.115596
-2.938490	-0.247355	-0.064630	-0.059488	0.143485	-0.831535
-3.146374	-0.674116	2.836857	-0.483999	2.680097	1.767096
-1.995399	1.045036	-1.237098	-1.206400	2.699638	0.036687
-0.400967	0.268800	0.663206	-1.742291	3.131209	0.319837
-0.532077	-0.117424	-2.101532	-1.145173	3.346514	-1.152255
-0.433931	-3.366639	-2.281314	-0.784548	1.445253	-0.307792
0.227073	-1.956643	-1.469240	-1.862618	2.443227	2.814127
0.042332	-2.848640	-4.425912	-3.718983	-0.215560	3.786798
-0.535752	-3.486128	-2.282229	-4.365445	-1.061808	2.882120
-1.385980	-1.314610	-1.598994	-3.898805	-2.514214	3.789092
-1.720254	-1.607286	-3.442006	-1.786165	-0.885278	2.859412
-1.031972	-1.612757	-2.143867	0.962775	-0.279997	1.727078
-0.918235	-1.980824	-1.782977	-0.380187	-2.277970	-0.398311
-0.369344	-4.598587	-2.294838	-0.438152	-1.049096	-3.394157
-1.102899	-1.376948	-3.050551	1.946378	-1.884873	-3.455561
-0.726701	-2.200408	0.381984	2.393503	-2.722898	-1.201226
-1.160848	-4.551066	1.169066	-1.338278	-1.794271	-0.709553
-1.207543	-2.532725	2.903494	1.078732	-2.228891	0.580456
-1.233185	-4.351784	1.609766	0.138033	-0.420155	2.939699
-1.857274	-2.600245	2.940882	-0.040276	-0.454762	2.841975
1.548690	-2.879008	1.064241	0.065303	-2.863511	3.072382
-0.706495	-1.581074	1.131841	-1.156630	-0.901301	-0.072283
-0.859027	-2.757443	-0.668417	-2.510276	-1.063629	-0.141520
1.820791	-0.331917	-1.048836	-3.144938	-0.890194	1.418067
1.370162	3.476003	-2.909317	-1.859315	0.092805	1.656478
3.698083	3.584618	0.569841	-0.338009	-2.246232	4.359711
0.368055	4.926626	0.689935	-0.645421	0.365299	3.997263
2.505278	4.070027	1.235064	-1.902052	-2.137002	4.422932
2.445351	-0.092581	1.183029	-0.288403	-0.219834	2.154618
4.866574	1.663104	1.547126	-0.648875	1.877405	4.225417
3.676947	0.440979	0.727957	-0.330969	2.545716	4.616528
3.736171	0.826544	0.292018	-1.003686	3.412001	4.918250
-0.477057	2.976998	0.041210	-0.824727	3.867759	5.022579
-1.452635	4.066042	0.149331	-1.627592	5.158394	3.258215
-3.095863	4.049773	0.097380	0.595916	7.260805	4.471355
-2.777543	-0.201807	0.490057	0.644398	4.440995	5.936098
0.296627	-0.566701	-2.967141	-2.060349	6.618564	4.374541
-1.637855	-1.343107	-0.605713	0.575377	0.977814	4.407483
0.645312	-2.294328	-0.910262	1.054872	0.491845	2.053221
3.827327	1.234237	-2.205488	1.441038	-3.638641	-0.784646
6.377691	0.534487	-0.273892	2.757072	-5.541743	-2.591421
2.667803	2.163021	-1.864476	2.291574	-4.551460	-0.667404
4.115363	1.657839	-1.112840	-0.067357	-2.523391	-4.351099
1.707171	-0.738259	3.370914	0.087079	0.405166	-3.302607
0.213127	-2.474274	2.750186	-1.441220	-0.978890	-1.953429
-5.180769	-4.942406	3.516474	3.458646	-1.875157	-2.980869
-4.357018	-3.004156	3.330877	2.386276	-3.571433	-2.829227
-1.900218	-1.686924	1.620895	0.709669	-0.602919	-2.095505
-0.844371	-1.359411	2.924925	0.745325	-1.953112	0.123194
-2.869376	2.757083	3.944768	2.415142	-0.428113	-2.205532
-0.282234	4.071858	4.701421	1.358620	2.169781	-1.645083
0.236656	4.278013	4.004085	1.059859	2.050769	-1.235863
-1.750307	4.873749	4.584057	3.053258	0.988353	-2.118172
-1.490022	5.105063	3.164137	1.806915	-0.906267	-4.202314
-2.117690	3.123758	4.270624	1.691731	-2.180989	-1.976588
-1.964110	1.897631	3.692817	0.503305	0.182987	-1.645398
-0.692483	1.780383	3.757414	0.864836	5.095263	2.076654
-0.212808	-0.170587	3.056015	1.780623	5.816937	2.365768
1.943914	1.212621	-0.107681	1.669767	2.980013	1.983041
4.560584	2.482808	-0.610976	0.622765	6.503490	3.455572
5.417301	2.842772	-1.099670	0.452819	4.589868	0.258359
2.946067	0.520714	0.113336	-1.261573	3.505550	1.014300
3.323579	1.474633	-3.043859	0.106988	2.198035	-0.097807
-0.071560	-2.776471	-2.792757	-1.792197	0.891824	0.236037
-3.287551	-3.791398	-2.415957	-1.724429	0.363918	-1.688470
-2.483395	-3.912848	-2.989862	-0.597109	-1.751682	-2.020330
-3.852390	-3.611121	-0.315971	-1.501937	-1.278777	-1.406343
-1.683137	-0.355118	1.541213	-2.209714	2.206335	-3.309713
-2.197736	-1.156739	1.488491	-1.895240	2.260554	-0.781339
-0.164286	-2.212383	-0.945639	-1.329516	3.085382	-0.933825
0.786612	-1.621051	-1.144577	0.298459	0.799617	-1.811471
3.839959	1.735357	-1.837525	-1.496416	-1.177939	-1.239979
4.561355	1.434042	-0.865083	-1.755643	-1.724285	-0.565050
2.254999	1.398202	0.499448	-0.834220	-1.516921	-0.547087
0.771093	-0.541962	0.975567	1.180352	-3.082647	2.698910
-1.819663	-1.945949	2.544574	1.452272	-4.201662	2.063540
-2.978771	-3.156661	3.204967	1.940539	-2.912966	0.779600
-3.029628	-3.941797	2.808546	0.164955	-0.823359	0.190590
-2.274536	-0.911556	1.682310	0.801618	2.235261	-0.074293
-1.849693	-0.569140	0.240459	0.070128	4.690693	0.063052
-1.595800	-1.884047	-2.310609	-0.351015	4.875838	-1.153978
-1.449857	-3.580978	-3.137093	-2.838111	1.802797	0.095216
-1.233162	-2.761733	-4.553595	0.128539	0.205568	-0.927767
-2.446617	-2.166712	-3.143216	-0.251564	-0.895346	-3.610629
-0.243921	-1.246014	-2.160355	-1.659821	-4.041946	-1.505370
-3.052573	2.827360	0.542386	-2.344033	-3.143532	-2.636391
-2.280273	0.109411	-0.503692	-2.080698	-1.562104	-3.636295
0.336579	0.666439	-1.967892	-1.612819	0.964740	-2.239481
-0.606117	0.272844	0.060288	-1.970993	1.613298	-1.592551
0.147540	0.038326	-1.066254	-1.059322	3.588372	1.231993
0.022550	0.058085	-1.687918	1.013194	5.232762	-0.694748
-0.561787	-1.822978	0.569795	-0.208445	5.432867	0.475923
-1.420171	-1.334164	-0.005015	0.066161	6.202188	-0.509894
-0.575601	0.975729	-0.075048	-1.982088	3.376125	0.476400
-0.469577	1.807299	1.327895	-1.519392	0.465477	-1.215096
-1.411198	3.969948	0.030914	-1.916750	-1.542554	-0.249982
-0.140565	4.659876	3.812508	1.038236	-1.158168	-1.995461
-0.477176	5.532082	2.590977	-0.244133	1.581233	-1.219532
0.402267	2.771868	3.673621	1.427043	-0.044449	-1.166496
-0.508233	2.061333	1.975740	-0.229436	0.577685	-1.134854
1.694322	-0.308122	-2.824468	0.375830	0.360436	-1.244708
-1.670766	-2.138498	-3.727201	-2.457758	-0.945398	-1.529057
1.107803	-2.652093	-4.690060	-2.190702	-1.647614	-1.082902
0.038929	-4.332008	-5.096846	-1.629300	-1.928315	-1.049744
0.417112	-3.013441	-3.356058	-1.239753	0.226501	1.786017
-1.973947	-2.787594	-2.025696	-1.948861	-1.070168	-1.136121
-0.913547	-2.771164	-2.778762	-2.700822	1.309680	2.345442
-0.718590	0.269047	-2.439654	-1.182438	-0.190356	2.868106
-0.200973	-3.482460	-2.088773	-0.266609	-1.065777	1.740671
-1.145196	-3.720484	-3.706219	0.520367	-3.375681	0.577035
-0.821160	-3.261425	-2.161592	2.371090	-3.835671	-3.354802
-0.218164	-1.650282	-2.280792	3.914958	-1.647645	-0.662639
-1.472907	-1.172756	1.541982	4.829974	-3.672004	-1.689379
-2.087990	-2.247145	2.181429	2.923036	-4.617749	-4.469620
-1.248711	-2.662550	1.665049	0.075145	-1.638679	-1.123163
3.706129	-0.861870	2.922343	0.224502	-1.741294	-1.872609
3.989632	4.855395	1.971710	-0.676394	-1.006395	0.154242
2.268497	4.272646	0.964151	1.214459	-1.442983	-2.036210
0.991725	4.177384	-1.478434	-1.177141	-0.389957	0.167635
1.140617	0.163608	-0.243644	-1.161692	0.244082	-1.018324
-2.367828	-0.561281	-3.402980	0.204906	0.240833	-0.359787
-2.471509	-2.537282	-2.595141	-1.069447	0.772497	1.543147
-1.875925	-4.894696	-2.539427	-2.525750	-1.303027	-1.619724
-1.919377	-2.447321	-2.215437	-2.244804	-2.543739	-3.251099
-1.316963	-2.744257	-3.674372	-2.528707	1.392060	-1.519377
-1.534083	-2.783103	-2.681730	-2.282560	2.138070	1.479840
-1.035937	0.254140	-1.393712	-0.773462	4.326890	2.481852
-0.270125	-1.062027	-1.935717	-0.705713	2.901520	3.069761
2.129455	-0.691703	-2.399044	-2.631412	2.394359	2.318765
-0.655298	-0.823388	-2.724394	-2.550358	1.031607	2.340165
-0.056884	-2.230481	-2.377064	-1.681452	1.669464	-0.073439
-1.263501	0.104618	-2.547556	-3.052693	4.018828	0.182852
-1.631750	1.116309	0.265731	-1.759480	4.997199	-1.540460
-1.017529	1.485594	0.835399	-0.065514	6.308778	0.728424
-1.844439	3.081872	1.049048	-0.501693	4.781562	0.915205
-0.770880	0.246944	1.117478	1.273083	4.446252	0.418382
-1.316350	-2.386190	-2.092610	1.837514	-0.775953	-3.336244
2.047551	-4.192528	-3.067816	3.960602	-4.450055	-1.984473
-0.620878	-2.313171	-2.110938	3.332645	-1.579552	-0.240005
-0.920135	-2.551518	-3.745176	-0.129654	-6.081846	-3.099139
-0.260421	-0.320469	-3.191330	-1.047296	-0.768739	-0.929076
0.138866	-1.161123	-1.661298	-2.031680	1.472771	-1.922514
0.353825	1.366120	-0.027780	-2.374405	1.968881	-0.831355
-0.706742	2.118462	-0.359674	-2.627871	4.570491	-0.818296
-0.964637	3.736401	-0.717681	-2.434577	6.273200	1.186562
-1.514757	0.778539	-1.106900	-0.823823	5.407408	-0.720581
-1.848604	2.297077	-2.911729	-1.007908	4.182114	0.412876
1.944524	2.595514	-0.175267	-2.186332	1.720117	-0.221166
3.469426	3.444851	1.236586	-0.147393	-0.615384	-2.377408
4.513904	5.223089	0.783330	-1.821792	-3.383689	-4.546149
4.989057	2.535328	2.098968	-1.559628	-2.965801	0.148012
6.052686	5.156969	-2.145200	0.307401	-3.954018	-3.288425
4.733691	0.004911	-0.080874	0.555494	-0.922543	-2.474460
1.301073	-1.877944	-0.919452	-0.845748	0.326724	2.139008
-2.595868	-2.695296	-2.736533	-1.675523	-0.683417	1.544280
-3.094132	-3.285845	-4.187316	-4.642032	2.157931	2.644556
-4.154619	-3.411290	-1.188700	0.741726	0.121468	3.849136
-2.070428	-3.052431	2.629415	-2.051148	-0.937306	1.571622
-1.386258	-2.482268	2.028331	-0.658654	-2.421594	0.551113
0.711590	-2.015599	1.485248	2.660710	-1.176695	2.880710
3.823217	0.778975	2.735169	0.443044	2.990090	-0.609686
5.070923	2.945155	-0.464607	1.724048	3.720058	-1.019875
5.320908	4.860842	0.340522	5.547324	2.750710	-0.982756
3.382073	2.074935	-1.601442	4.204872	2.474144	-3.151929
1.343618	0.900635	-2.193100	2.116993	-2.154341	-2.757492
-1.770056	-2.700757	-3.598350	3.184087	-5.694546	-1.943246
-2.745550	-1.879442	-2.758590	3.702755	-3.378972	-0.964790
-4.377963	-0.075618	0.079280	1.840799	-2.306719	-2.503922
-2.368195	2.275015	2.916862	0.317018	-0.526990	0.671756
0.394054	2.928556	3.432256	0.009114	-1.205986	-1.705753
0.465385	2.753707	6.525364	1.039187	-2.506506	-0.771349
2.255498	1.154368	2.552986	1.310538	-2.060753	2.323068
-1.146107	-0.898561	2.135325	1.297167	-3.235328	2.324798
0.445570	-3.651080	4.258981	0.901876	-2.668732	3.899744
-2.029270	-4.600288	2.474555	0.800966	-0.308365	2.432304
-3.135727	-2.194585	1.288048	-0.098364	-1.484930	1.892981
-0.464001	-3.578870	2.903762	-0.494512	-1.030527	1.539874
-0.994092	-1.974143	0.496298	-0.219577	-2.826357	-0.478016
-0.893499	-2.509605	-1.208344	0.190141	-0.922322	-0.445788
-1.569323	0.576547	-1.016461	-1.747156	-1.036023	1.134959
1.314338	0.387010	-1.194754	-0.641069	1.704838	-2.141476
3.879182	5.697487	0.100380	-0.559096	3.694061	-2.796491
2.546111	6.951378	2.050742	-0.429436	4.912345	0.622515
5.356124	6.616682	3.009432	-0.881889	5.916387	1.490341
4.682122	5.079400	1.294552	1.552146	3.874988	-0.927211
3.203705	3.395932	0.890403	1.157471	1.462345	-2.428741
1.082973	1.500178	-1.416414	-0.863115	-0.736243	-1.052448
-2.742274	0.619540	-0.694698	-1.054111	-2.419477	-2.340531
-5.428835	-0.395184	-0.529448	0.014986	1.656442	-1.305791
-3.877911	0.644608	-1.871462	-0.220426	5.789712	1.456974
1.428098	2.517915	0.621061	-0.148145	5.377632	1.145365
3.102194	1.052538	2.786722	0.185031	5.345601	4.933881
5.596476	1.730777	5.541721	0.579801	3.532317	0.783024
3.881743	0.383032	3.863361	1.137066	2.008779	0.729594
2.167198	1.984004	2.551541	2.683629	-1.941214	-2.447809
0.231738	3.706392	3.534265	0.726788	-3.338463	-0.682983
0.316465	2.748897	4.274931	1.012245	-4.445371	-2.162228
1.142179	1.909119	0.318242	1.157802	-3.304138	-2.955044
1.071380	2.397059	-1.246402	0.164858	-0.223866	-2.625530
-0.313733	-0.834584	-0.770398	-1.496985	1.446844	-2.140286
2.384042	0.146591	-4.011647	-3.390927	1.032690	-1.037311
4.627504	-0.772716	0.365853	-1.289767	0.900072	0.449096
5.443953	1.105494	-2.313898	-0.382003	-0.114413	0.883536
2.849590	1.294323	-0.779597	-0.473035	0.754735	1.728307
1.533414	-0.650729	-2.494744	-1.786363	0.045314	3.113612
1.093626	-0.935263	-2.359938	-1.201284	0.436422	3.810351
-4.103275	-2.368078	-2.300378	-3.008699	0.796158	2.751623
-4.121187	-3.581474	-1.385563	-0.988407	-0.115078	3.460031
-3.404912	1.841450	0.534909	0.479694	-0.128490	3.153673
-0.337348	1.021292	2.192137	0.639704	5.827522	1.039951
-0.103497	5.408354	2.704524	1.053925	3.897057	-0.809735
-3.375657	4.381436	3.239170	2.009756	4.041913	-0.842784
-2.509429	3.388837	-0.009424	1.374099	0.815789	0.296904
-2.591712	0.138958	0.046643	0.337354	-1.802017	2.616829
-1.094606	0.269100	-3.849428	-1.364576	-1.441606	2.585592
-1.816112	-2.518738	-3.394436	-1.822793	-1.152480	0.110693
-0.552730	-4.785556	-1.756880	-3.101994	-0.359840	1.088633
-0.968858	-4.209153	-0.156759	0.309222	-1.416387	0.547411
-2.678197	-1.204130	-0.355472	-0.351546	1.448177	3.461730
-2.022947	0.614714	0.944282	-1.198995	4.143851	3.174688
-1.686709	0.964679	2.401903	0.859174	5.474534	4.872486
-0.245980	2.936666	4.556392	2.211663	4.805623	4.505125
-0.177263	2.859473	2.277251	0.914173	2.971417	3.863505
-1.150356	2.140602	3.001680	1.126905	0.155716	4.108427
-0.593159	-0.521947	4.743480	0.684658	-2.477082	2.989390
0.563027	-2.354675	1.407152	1.411836	-3.545679	3.597894
-0.935196	-4.585280	1.538196	1.251137	-4.296377	3.410042
0.070270	-4.396864	-0.021586	-0.426936	-3.542776	-0.242469
-1.818074	-0.872926	-0.702993	-1.047783	-0.228577	2.694064
-2.173028	-0.714565	1.156675	-1.219803	-0.233983	-0.821760
-2.341091	1.393318	2.878518	0.048605	-2.960595	-0.897541
-0.260364	1.950424	0.926238	0.816742	-1.580614	-2.555977
-1.331747	-2.183748	1.217336	1.786008	-0.580641	-0.472170
-1.818738	-4.636896	2.305912	0.621605	-2.652178	1.245281
-1.251739	-4.355922	3.053767	2.328834	-1.822827	1.360977
-1.300649	-3.795424	-0.304899	-0.216105	-1.513887	1.789918
-1.686868	-4.044403	1.788516	-1.738410	-2.797062	2.583904
-2.038096	-2.439958	1.424412	-1.277581	-2.888253	1.910236
-1.203132	-1.838490	3.434990	2.023984	-2.639559	1.411813
-0.656177	-2.241597	1.202350	1.493285	-1.607884	0.079635
-3.154730	-3.258181	2.198994	0.166423	-0.477129	-1.614396
-1.933092	-2.267940	2.579121	2.120199	-0.516094	-2.447981
-1.280261	-4.119374	3.503633	-0.387686	-2.038580	-0.691920
-1.531538	-2.895384	0.424530	2.186069	-2.441091	-0.293813
-0.680022	-5.544469	-2.311887	-0.999935	-1.461226	-6.341558
-2.797414	-1.869829	-2.732318	-0.080796	-0.844686	-1.434757
-1.815614	-2.265964	-4.053361	-0.400915	-1.371974	-3.344508
-0.498220	-3.486073	-4.041117	-1.434390	-1.023991	-1.402612
-1.323433	-1.933256	-5.981985	-2.434221	1.560963	-3.398769
-0.962253	-1.593113	-3.048063	-0.931305	-2.376415	-3.267978
-1.479179	-2.840245	-3.063853	-3.022143	0.879676	-1.755839
1.519189	-1.352149	-0.806652	-1.209733	1.708032	-0.944152
4.477251	-0.499927	-3.331360	-2.775674	1.748054	-3.124817
2.036507	2.880122	-0.386777	-1.241866	-1.516260	-2.914134
5.913258	3.981898	0.788898	-1.916206	-0.318211	-1.088303
5.586903	4.712901	1.837965	0.880304	-1.450400	-1.869722
5.751244	4.458033	3.266625	1.237568	-1.929030	-1.913294
3.290680	5.511692	4.720679	0.607085	-2.934600	-3.773016
3.710311	5.437980	4.334426	2.216856	-3.217412	-4.448389
3.723539	3.548696	2.673569	-0.148716	-1.003367	-0.267213
0.007563	1.272442	-1.564694	-1.911332	1.950433	-3.958388
-2.116017	-0.735384	-3.943261	-0.846991	3.711789	0.841886
-5.448100	-4.952180	-3.950732	-1.293891	1.328297	1.177910
-2.432286	-3.549846	-3.740906	-2.362131	-0.029442	-0.775116
-1.688774	-2.370881	-2.984283	-1.358810	0.704970	-1.324793
-1.098865	-3.423287	-1.346462	0.703772	0.700033	-0.288519
-0.732957	-2.478161	-1.029243	2.890817	-3.941556	-1.936496
0.255649	-2.691704	-0.622125	4.123726	-1.963696	-3.887322
-0.172946	-0.386715	-2.048908	1.980399	-2.565390	-3.320899
-0.975442	0.891805	-0.539392	2.554239	-0.355037	-2.427724
-1.332838	2.348458	-0.733275	2.968245	-2.054639	-1.527799
2.005165	6.195544	1.141543	0.706919	-2.245998	-1.505624
2.904170	4.136564	3.267962	0.498262	-4.303913	-4.043297
6.723675	2.600616	3.313383	2.157075	-4.642786	-3.281820
5.192881	2.630603	1.588806	1.062359	-2.851619	-2.550891
4.943988	1.461925	-0.023468	-0.056485	1.142689	-2.243611
4.257198	0.649881	-0.017239	-1.211356	4.178936	0.460620
-0.634589	1.839773	-2.473007	-2.080852	5.696622	0.764903
-1.282274	0.264300	-1.969770	-2.926473	6.042145	2.081738
-3.958955	1.119564	-2.967128	-0.878518	6.814105	2.610725
-4.201533	-2.492835	-0.947281	-2.340185	3.742900	-0.099537
-2.528206	1.047103	-3.525828	-3.342274	2.509731	1.252654
-2.049574	-0.875121	-0.786769	-1.358784	1.646795	2.302498
0.657663	-2.420807	1.912096	-0.015912	-3.594207	4.303694
-0.159694	0.899446	2.293169	2.476741	-1.662777	3.199942
0.122156	2.899438	-0.490850	-0.538723	-2.046015	3.197844
-0.662488	3.278270	0.642739	-0.476604	-0.509022	4.344999
-1.260224	3.982643	1.121336	0.110301	2.820802	3.009407
-0.239453	5.070056	0.090243	-0.068108	-1.026545	3.958169
2.215928	5.258611	1.605960	0.111270	-0.613364	1.588285
2.689617	3.568209	1.206687	0.993037	-2.021653	1.504955
2.025416	4.445348	-2.979975	2.482992	-5.056416	-2.258421
0.485125	1.846331	0.798175	3.278239	-5.558851	-1.481943
-0.446955	-1.848742	-3.703064	1.762876	-3.513060	0.881890
-4.076123	-2.924470	-3.825390	1.140607	2.399156	2.900678
-2.637480	-5.653454	-3.614903	-2.126069	0.898098	2.661622
1.096877	-0.979692	-1.930702	-2.428549	0.480665	0.629020
4.333046	2.284316	-0.732787	-1.890834	0.762155	3.151875
5.251029	1.401272	0.043642	-1.192221	-0.629631	0.674585
1.677827	1.135174	-1.268413	0.458290	-3.028394	-1.521048
1.587640	-1.424975	0.163148	2.132600	-1.715334	-3.596824
-3.261031	-2.888775	-0.413875	2.600311	-0.396753	-2.861344
-4.161385	-4.317625	1.105020	4.407223	0.903851	-1.158306
-4.322322	-1.802926	4.015632	3.717138	2.095375	-1.694511
-1.600142	-3.438475	2.762462	3.586957	1.935221	-2.836958
0.386257	-1.639173	4.390212	1.176081	-1.510513	-0.378647
-2.964024	-3.858019	2.818081	1.266811	-6.344527	-2.325977
0.200114	-1.496911	3.350170	1.118749	-7.680421	0.334951
1.592173	1.260250	4.707379	2.265594	-6.164996	3.196639
3.881054	2.875965	5.158611	4.749650	-5.586451	2.936587
1.259356	5.503336	1.828664	2.711115	-2.165088	3.346894
0.553782	1.156262	3.313040	1.264793	-1.514705	3.560462
-2.132869	-0.791456	-0.021860	-0.576117	0.265195	2.423091
-1.817296	0.266384	-4.231437	-1.527912	2.800014	4.807181
-3.304797	1.414682	-2.451588	-2.874993	3.629851	2.163633
-2.754173	0.657139	0.253386	-3.548057	2.050105	2.487847
-2.166222	-0.762745	-1.884214	-1.373304	1.675678	1.799023
-1.319943	0.508131	0.531613	-1.428133	-0.140332	0.364062
1.799364	0.808969	2.528668	-1.319842	2.819875	-0.785635
2.529499	0.863068	2.377551	-1.020130	4.436500	0.066431
2.343465	1.419229	2.287264	2.377704	1.509942	-3.007838
4.471561	-0.452546	4.880606	2.838460	1.192602	-3.743543
2.680489	0.934142	4.481379	0.085941	-1.567822	-3.116082
2.506548	0.430296	2.520183	1.970246	-2.443728	-1.470055
0.551541	-2.619285	0.818519	2.862478	-3.091817	-2.984962
-3.873832	-3.195300	-0.931012	0.587037	-1.391088	-2.706302
-5.072171	-1.824248	-0.942109	-1.406976	-0.500242	-2.241075
-4.810974	-1.940228	-3.016371	-3.396159	2.148121	-2.216379
-3.696641	-0.338939	-3.187599	-1.708611	3.252502	-1.855316
-1.227971	-1.037481	-4.579190	-0.111132	3.302801	1.753917
-1.091963	2.191547	-0.006544	-0.010120	6.726017	0.192719
0.850285	0.170946	0.038940	2.033625	5.245751	1.801692
0.758272	-0.908583	0.754763	2.734306	3.307604	1.782235
0.264799	-2.257339	0.636125	2.912422	-1.129325	3.655549
0.376668	-3.206823	-0.479873	1.507376	-2.453535	0.798536
1.931180	-1.426732	-0.489629	2.413067	-6.414027	-0.623105
4.965334	3.180133	0.908856	0.120898	-6.969600	-0.349073
4.680633	3.341374	2.046085	3.961869	-7.535453	-0.045668
5.114376	5.339692	3.859258	5.031481	-6.780786	3.592912
2.550066	5.497887	3.260675	1.256635	-4.771999	1.417868
1.954002	3.948359	2.402238	0.618633	-1.546693	1.752398
1.005485	4.047210	0.962748	-0.113925	-0.193465	-0.502595
-2.214083	3.336641	0.546405	-0.695038	1.380984	-0.322811
0.359799	1.887051	-1.027989	-2.283905	-0.012546	-1.275749
3.997630	2.577543	-1.904534	-0.835724	0.953847	0.588491
2.939813	2.548116	0.506772	-0.095995	4.847461	2.030310
4.945548	4.024472	2.160629	2.246683	2.676599	1.558708
4.579035	2.666211	0.676138	4.736812	1.205160	-0.210413
3.294877	0.008134	0.431300	2.504891	-3.026456	-3.396453
2.037573	-1.090758	0.982117	2.879323	-6.192547	-2.819612
4.014125	-2.199465	0.376789	3.015708	-5.954413	-3.631488
2.261133	0.545414	-2.024783	0.358247	-3.879054	-1.166081
1.408199	1.239780	-3.802598	-0.972458	-0.060569	-0.447990
-1.088677	-3.468866	-1.883355	-0.324408	2.203943	1.630385
-3.789294	-3.881124	-1.363053	-1.560401	2.014282	1.928246
-4.246851	-2.770594	-1.095490	-3.094837	1.646749	4.694492
-2.218646	-3.149473	-2.246466	-3.845613	1.329344	2.360425
-3.217380	-3.231762	2.192519	-2.546330	-0.894732	-1.280254
-2.642351	-1.990360	1.603568	-0.058187	1.890522	1.734954
0.839042	-0.261066	3.888882	0.727117	3.026306	2.885752
-1.849001	-0.233080	3.285360	1.924884	6.121022	4.138239
0.077422	-0.140901	5.402205	1.154414	6.564169	2.587716
-1.955689	1.494272	4.681616	1.617808	5.219349	2.630785
-1.527632	3.378940	5.073097	3.629866	0.451963	-0.201855
0.255393	0.129702	2.081046	2.021690	0.146010	-0.722502
-2.120313	0.649760	-0.235234	0.516180	-2.938707	-1.799555
-1.036249	-2.222585	0.008857	-1.884063	0.037511	-2.042615
0.163686	0.192266	-1.221079	-0.785938	-1.830234	-0.585280
0.239292	-2.255185	-1.599042	-0.722645	0.631458	-0.875249
-0.236228	-1.150638	-2.534630	-0.546082	0.804988	1.103877
-0.186676	-1.114192	-2.429143	-4.127849	0.638958	0.093601
-3.348948	-1.076747	-2.208979	-2.050145	0.080267	-0.523377
-5.190346	-1.062602	-1.513237	0.658831	0.096517	2.201943
-0.331767	-1.311657	-1.126017	-1.390721	0.446709	-0.844837
2.079589	-0.247110	0.562883	-2.230001	0.886944	-2.210518
1.533123	-1.186062	-0.550036	-3.229306	0.574322	-0.941898
-0.934964	-0.446412	-1.877773	-1.398437	1.655145	-0.989776
-2.030971	-1.306259	-1.620328	-2.315294	3.535013	-1.385252
-3.331698	-1.037904	-0.479899	-1.939174	6.176627	0.122474
-5.269743	0.107556	0.379916	-2.237578	6.705589	0.555105
-2.940006	-0.473981	-0.624784	-2.103106	2.772500	1.041739
1.089714	0.895588	-1.204297	-1.423456	0.328760	-2.463021
5.936519	1.513261	-0.508622	0.115472	-0.857430	-1.868775
3.407408	2.086440	0.670343	-0.866421	-2.218569	-2.495723
5.726683	2.842825	-0.266203	1.628965	-2.302855	-1.842864
5.249245	3.815116	-0.469157	1.670630	-4.178987	-0.465797
2.526194	-0.283586	0.894480	3.963876	-6.411065	0.983279
2.773032	0.509319	-0.926189	3.529703	-5.863387	0.269565
1.877459	1.758533	-0.903464	4.061411	-4.789152	-0.763540
5.177476	0.379254	1.108656	1.324701	-1.939460	-1.238234
2.935684	0.658084	-0.929428	1.641273	-0.559509	-2.158517
2.731483	0.411222	-0.320515	-1.047672	-1.079198	-0.927788
-0.502025	-0.867830	-1.201304	0.035267	3.019975	-0.726046
-2.180939	-1.317673	-1.429194	-2.389012	-0.447991	-2.773591
-4.141260	-2.198205	-1.001584	-1.398606	-0.698393	-1.550721
-4.285485	-1.927328	-1.032572	-2.742016	0.542070	-0.188837
-0.558914	-1.169540	-2.056059	-0.795641	1.159298	-0.266438
-1.995147	-1.417441	-2.077543	-1.490780	1.193893	2.264977
0.324117	-2.451830	-2.265423	-0.709334	1.339755	0.851808
-0.911520	-1.338009	-3.439799	-1.964802	-1.498713	-0.899443
-1.810858	-2.494975	-1.308668	-1.237984	1.049890	-0.130576
-2.984396	0.108470	-1.395432	-2.084880	1.654563	-0.219792
-3.415933	-1.588672	-2.092387	-2.896488	-0.059890	-1.059888
-1.752369	1.373798	0.307866	-1.049810	-1.543170	-1.968665
