X1	X2	X3	X4	X5	X6	X7	X8	X9	X10
-0.356615	-7.170808	-7.310139	-3.707711	-2.571800	-5.800593	-3.922010	-5.465452	-4.466158	-6.249478
-0.304098	-7.144465	-6.785309	-2.758793	-3.480019	-6.284175	-3.306178	-3.121638	-6.079850	-3.803577
-0.887664	-3.391359	-3.441816	-3.619714	-1.003765	-4.132603	-2.150801	-4.436338	-3.327081	-5.322497
0.239288	-3.085494	-1.226363	-2.035576	0.424259	-0.880882	0.196718	-4.042956	-4.955754	-0.724240
2.116457	-1.102573	-2.057154	0.265121	-1.054847	0.649687	1.773277	-2.905495	-1.969473	-0.004910
4.243841	0.246700	-0.312893	-0.927227	1.192114	2.616098	0.299075	2.111942	-1.593243	0.161391
5.675241	-0.416579	0.345318	-1.965020	-1.154158	2.974150	0.115809	-0.424849	0.409234	1.151558
2.468055	-0.942014	-0.615525	-0.672261	-1.172464	1.971039	0.683977	-0.995270	-2.154648	-0.664311
0.240382	-1.958209	-0.966826	-1.219352	-2.619705	-1.590338	2.171677	-0.899625	-1.930293	-1.530019
-0.595378	-2.490167	1.617312	-2.766393	-2.777884	-2.380885	1.875707	-2.397117	-3.474103	-2.650969
-3.136526	-0.111492	-0.683015	-1.713289	-3.674001	-3.914104	2.004364	-3.808750	-3.041284	-0.794165
-0.816662	-1.348588	-0.459411	-1.919239	-1.318557	-4.347299	-0.189754	-3.798726	-5.666339	-2.589410
-1.055188	-0.751459	-0.395078	-2.096947	2.308746	-4.984273	-1.354348	-3.365649	-0.376672	-3.005507
-1.117304	-0.728908	0.195179	3.719887	2.061907	0.385771	0.719978	-1.735223	-0.409387	-1.726958
-0.760712	1.403260	0.966057	3.668859	4.154824	-0.397270	2.185523	-1.282649	1.263812	1.679232
-1.321911	1.804042	0.994353	5.506369	3.335198	2.339301	1.631084	-0.251132	2.612021	1.816461
-2.348803	1.481635	-0.006438	3.419014	4.533226	2.583480	0.954759	-1.006275	1.538837	3.148826
-0.119289	0.959533	1.825381	2.952892	-0.118593	2.822066	-1.672654	1.829120	2.064554	4.004324
-1.106968	-1.405066	-0.085293	1.238901	-1.390561	1.410453	-1.057557	3.752449	0.409171	2.232651
-0.788543	-1.257266	-3.133464	-1.453460	-1.848677	-1.858260	-4.091752	2.981609	1.568081	-0.733995
-1.803014	-0.977171	-0.710436	-2.459894	-3.027744	-2.898776	-4.469043	2.928296	-0.992017	-1.787217
-2.439181	-0.756085	-2.066413	-2.596903	-3.425963	-1.370299	-5.002030	4.436609	-0.573429	-5.661519
-1.892545	-0.208211	-2.193297	-5.077088	-3.481934	1.330369	-5.228017	2.737943	-1.064357	-0.952604
-1.309008	-0.526254	-0.901693	-3.779152	-2.247960	3.180124	-3.295205	2.856195	1.397294	0.224626
0.731331	-4.086517	-3.739404	-5.867796	-3.399041	0.262765	-3.842297	0.450563	0.484720	0.040967
-1.585030	-6.837604	-4.201935	-3.971722	-1.847879	-0.447814	-3.085995	-0.982757	-4.069282	-0.645683
-1.239992	-6.812218	-4.468088	-4.892133	-2.654274	-3.617913	-3.848302	-3.095867	-5.639615	-0.662028
-0.071655	-0.633264	-3.753967	-3.765131	-2.021028	-2.247036	-3.739419	-6.394971	-4.159885	0.952930
-0.751120	0.883855	-1.348076	-2.422617	-1.853442	-2.186586	-3.790648	-3.918572	-2.399394	-1.082613
-2.703487	2.039535	-1.393619	-2.389493	-2.154417	-3.118465	-4.133393	-0.980772	-0.241846	0.697841
-1.511158	2.259873	0.616801	-3.459962	-4.570655	-2.674277	-1.641355	0.374625	0.819855	-1.013411
-1.432233	1.513164	-0.047620	-2.987226	-2.999456	-1.467224	0.403264	0.712117	2.438906	-2.797173
-3.476713	2.904106	1.367914	-3.028886	-2.531422	0.922191	2.829061	2.978400	3.552702	0.278253
-1.429999	1.732194	2.334400	-4.210944	0.273647	0.654265	3.403634	3.518171	3.364541	0.440765
-0.573491	4.168725	1.771534	-1.593803	3.254149	3.191496	1.619181	5.174428	5.911518	0.889258
-1.354191	3.459895	2.456213	-0.184864	0.642382	2.844181	1.238100	2.712268	2.447431	3.425531
-1.838698	2.756701	3.778132	2.414170	3.235147	2.912318	6.243088	3.934988	2.578075	2.439980
1.687486	4.434538	3.836489	3.726098	4.117041	3.684103	3.387144	4.850984	3.743847	2.214803
-2.393039	3.415704	0.857779	1.651017	3.453964	1.156635	4.635264	2.379155	1.170644	3.551697
-2.169274	1.864795	3.379199	2.727925	0.401714	3.844010	4.784348	0.821897	2.050462	3.334559
0.987581	1.466006	3.578346	2.522721	1.227691	2.916327	2.866592	3.075508	3.456397	3.326487
3.108624	2.130435	2.366115	2.439702	-0.633207	1.169082	2.738895	2.155384	3.041747	2.937277
5.494855	4.211579	2.809303	3.682367	1.779720	4.176973	1.583555	1.650024	1.270007	4.088327
5.644173	4.611632	2.659107	5.457213	4.338270	5.218698	5.679669	3.843124	3.035775	2.009235
4.230678	1.289293	2.833622	4.038239	4.628742	3.093954	4.075235	2.072881	1.296846	2.797397
3.424270	3.475858	1.068447	4.591142	3.739335	4.369240	4.287752	2.827993	4.335719	3.745311
3.011846	1.556423	3.503575	4.679420	2.687948	3.340852	1.525016	3.349958	3.432689	2.540275
0.202008	3.459984	2.543606	5.486472	2.913880	2.932788	2.476826	1.761872	3.889853	2.166585
4.213753	0.932739	1.216034	5.286895	1.067330	4.405847	0.019681	3.199933	2.524708	2.876439
5.221282	1.733183	0.596956	2.448487	1.345997	4.698025	-1.478023	1.297638	4.784951	1.993436
3.891695	-0.273185	0.645269	-0.027253	0.099280	3.163121	-2.288887	2.569085	3.027078	0.878771
2.256589	-3.921171	-2.311931	0.478572	-1.918822	3.037433	-2.511913	-0.332329	4.213886	1.350443
0.535366	-0.598476	-0.384347	-2.184640	0.274790	2.749557	0.095096	0.610694	2.402373	-1.239951
-2.037676	2.833495	3.286918	1.108810	2.423815	1.659193	2.860140	0.454151	1.484735	0.572887
-4.439638	0.984539	2.666559	2.456019	3.864651	-1.193262	2.116915	-0.389860	1.975368	0.281854
-2.772319	1.883954	2.024574	3.720685	4.181099	-1.772210	3.587120	-0.370642	0.767671	2.191748
-1.038421	3.674036	2.132859	3.425607	1.614457	1.340447	5.152354	0.195403	1.191340	1.168767
-1.658343	2.634582	2.109011	3.621783	-0.046777	0.979106	2.292413	-2.797927	1.135372	-0.683292
-1.309687	0.616588	3.788427	2.544609	0.029698	-1.849233	-0.114604	-1.122936	1.278564	-1.401332
1.355448	0.594352	0.812903	2.093786	0.871680	-1.903173	-1.110999	-3.131425	-3.116088	-3.599654
1.938860	0.425971	2.204035	0.590709	1.064668	-4.119115	-4.218473	-2.598796	-2.963384	-4.355061
1.706150	2.800940	1.588022	0.235179	2.782961	-1.568862	-5.250428	0.249747	-1.331330	-1.811354
2.511716	2.213359	1.771958	-0.115608	2.947658	0.609284	-3.605567	1.045903	0.522374	0.145263
2.750858	1.219023	0.312442	-0.231554	3.166058	2.323122	-0.437491	1.462670	0.649823	3.405188
0.552677	-3.598871	-2.908630	0.318240	0.289561	0.605451	-1.566202	-1.142355	-1.388385	0.555621
-1.360929	-6.169025	-3.676161	-0.944028	-1.702934	-1.396933	-3.971902	-1.197473	-2.339253	-1.099143
-2.298460	-3.929542	-2.529655	0.312040	-1.094330	-3.545429	0.320008	-2.070888	-3.294283	-1.701404
-3.404016	-1.497926	0.252186	-1.122659	2.410775	-2.277540	2.110926	-2.675301	-1.074078	-0.339066
-1.330998	1.349021	-0.227542	2.091775	-0.274122	-1.131168	2.253750	-0.907814	-0.110141	1.699971
-0.239306	0.824997	0.131159	1.920938	1.572480	-1.079914	2.829179	0.008270	4.246126	0.156504
0.887560	2.946998	1.168485	0.759630	-0.423722	1.315520	2.857210	0.076751	2.123321	1.578231
3.078099	2.374522	1.239633	0.241748	-1.748128	0.740233	2.642343	0.536424	3.458340	2.097650
3.670012	1.525267	-0.134699	1.923490	-1.139339	1.271524	3.249575	3.135390	1.831781	2.604959
5.917597	0.360828	1.913986	1.837754	1.507445	1.174891	4.095306	2.909645	2.858342	1.825357
5.000754	1.688005	1.402384	0.716739	-1.477478	4.125732	2.592132	2.299388	2.559120	2.324541
2.972683	0.599493	2.181993	0.683042	0.609292	3.380847	1.030154	2.505516	2.684214	1.589609
2.224984	-0.430708	0.552410	0.261262	-0.805647	0.228433	1.435669	0.336629	1.101220	2.276660
0.159657	-3.657702	-2.320167	-0.994203	-0.921994	0.360890	-1.892124	0.146724	-0.768764	0.462392
-1.181199	-3.267192	-2.774043	-1.578455	-0.727352	-3.300183	-0.838927	-1.773701	-5.340439	-1.172596
-1.658983	-1.834279	-0.325518	-4.167296	-1.573720	-4.998188	0.585960	-3.119547	-5.936209	-0.949907
-2.094697	0.153135	1.764903	-2.794527	0.856700	-3.890926	3.787834	-4.152916	-4.489975	-0.849443
0.553560	1.113846	2.409419	-0.570952	0.955607	-1.368598	2.299094	-3.329710	-2.212440	-1.435204
2.335387	3.891252	0.480826	4.468030	2.591902	2.693195	4.381639	-0.318731	1.762495	0.437307
0.480785	2.332652	0.666823	5.167015	0.963282	0.077851	1.225767	2.197420	2.386627	-0.569611
0.511153	-0.449658	-1.305493	4.781801	2.726747	0.657370	0.630778	-0.444458	2.765755	-0.685259
1.804591	-3.549678	-0.372626	2.739988	2.999697	1.894651	0.106069	-0.071168	-0.156425	2.020560
-0.033200	-1.909212	0.308824	0.378074	0.091230	3.288693	-0.972360	-1.455111	0.944687	-0.153454
-2.011923	1.297239	0.871253	0.972255	0.822746	5.728995	1.257390	-1.561088	1.668088	1.177896
-2.588775	3.735572	1.916458	-0.159568	-1.010457	4.645755	2.587516	2.079799	3.173377	3.561710
-1.302958	1.921686	3.420639	-0.414099	-1.469878	4.504974	3.989019	4.039448	2.500351	3.925786
-0.799971	1.390279	2.789491	0.344361	-1.016619	1.996850	2.572796	4.790459	2.320009	3.122623
0.609685	3.077048	1.680814	-0.064689	1.871219	2.957382	3.813646	3.424529	3.835249	2.645318
-1.131490	2.535092	3.419805	3.300748	4.061936	2.539770	3.296569	3.842759	1.871969	1.565272
-1.233695	3.273610	2.382961	1.598271	1.829531	1.937313	1.024464	3.837245	4.944767	-0.024118
-1.349631	3.606998	3.345181	2.367178	1.518704	0.054810	-1.671971	2.613287	4.029942	0.198948
-3.242597	2.741156	0.839063	2.234367	-0.224148	-0.134438	-1.013337	3.367884	0.972392	-0.338132
0.060006	2.041382	2.660004	0.330237	-0.944724	-0.362334	2.775765	3.529735	-0.227584	1.973541
-1.338122	3.775674	2.450503	1.932486	-0.737125	0.660922	0.103835	-1.120963	0.236612	3.069566
0.093819	2.049331	2.534157	-0.820688	0.092549	-1.900169	0.314671	-1.031409	-3.139622	1.222941
-0.626370	4.147651	3.338565	-1.827787	-1.677105	-1.721809	1.221272	-3.093905	-4.770486	3.614666
-1.006589	2.267232	3.040925	0.905488	1.495514	1.580402	1.080538	-3.108152	-1.429384	1.801739
-1.026140	5.614973	2.383634	2.178035	2.673605	2.062763	1.995467	0.153249	3.180185	-1.514440
-0.488121	2.667373	2.223592	0.809152	-0.769533	0.816174	-0.873241	0.625497	0.017719	-0.833672
-1.922732	-0.335170	-0.120003	2.317138	-0.864401	-1.879465	-1.062987	-0.245109	0.289116	-1.374459
0.998427	-2.842857	0.673046	0.376691	-1.983899	-4.169155	-1.613772	-3.293771	-1.603126	-4.603902
-3.787345	-7.094389	-1.159061	-0.973890	-2.359129	-5.850595	-4.423998	-0.374688	-4.572006	-4.919301
-2.471247	-7.987468	-4.024027	-3.228408	-3.388790	-6.653388	-5.740463	-2.792862	-4.885527	-6.316557
-1.273379	-8.993895	-4.168753	-2.007464	-4.062384	-8.622131	-2.178770	-5.824194	-6.618689	-4.208271
-2.015141	-8.116172	-4.991140	-3.156060	-3.560212	-8.526827	-4.168819	-4.251484	-6.211794	-4.640044
0.984067	-4.263398	-5.769490	-2.834096	-5.108073	-8.378675	-3.243611	-3.811433	-4.774243	-4.180177
-0.354454	-4.091076	-4.150704	-5.593176	-2.680470	-6.412474	-1.535847	-2.712442	-5.199038	-3.691471
0.451596	-0.934805	-3.932484	-3.845699	-3.736002	-2.753927	-4.604326	-4.690212	-6.346978	-2.437625
-2.664384	-2.136589	-3.689730	-3.358669	-2.607371	-3.372431	-4.331650	-1.585243	-4.432265	-3.163442
-0.621893	-0.074726	-3.726245	-4.203787	-1.949276	-2.165989	-2.200720	-3.025236	-4.158901	0.067079
-1.280731	-1.872919	-2.623829	-3.168153	-0.144819	1.904501	-3.426735	-1.718592	-2.319485	1.308436
-2.305998	-1.967067	-5.051083	-3.136171	-0.563901	2.106239	-1.626497	-4.010210	-3.936019	-0.416870
-0.117693	-2.461573	-2.922010	-3.561640	-1.938722	-1.618577	-2.076906	-2.280493	-1.951104	0.482159
-0.061317	-1.539736	-1.781508	-3.307064	-2.305483	-0.457245	-0.517662	-0.546139	-1.653741	-1.530877
-0.639569	0.178743	-1.774581	-2.360643	-2.529385	-2.241666	-2.634767	3.378850	1.198470	-2.164979
-2.237648	2.695862	-1.106928	-2.085078	-2.520928	-3.800939	-5.653720	2.509774	3.898428	-4.375447
-1.055756	3.340722	1.131049	-3.039472	-2.546813	-4.783764	-3.487423	2.809533	1.071432	-2.163781
-2.530891	0.340222	1.377349	-1.235126	-1.502041	-1.572742	-4.145674	1.959025	1.159081	-3.532482
-0.027753	2.741261	1.979772	-0.454242	-1.509613	-0.237972	-2.173276	4.567952	2.751775	-1.550451
-0.474042	2.706738	1.198017	0.642380	-0.106629	2.569045	-1.058128	4.448112	3.902114	1.113213
-2.401557	1.377353	0.098783	1.254538	0.490711	2.844211	1.548070	2.897506	4.105695	0.364908
-4.058400	3.178806	0.359470	3.995129	1.697604	2.956626	1.163816	2.912633	2.361320	2.185434
-0.619768	0.347197	-0.512024	2.652154	1.405352	3.075889	0.881911	2.004792	3.157287	0.811092
0.027438	1.245924	1.991001	2.691909	2.776852	1.433201	2.096455	1.132185	1.795497	-0.146220
2.846518	2.869088	1.856845	4.803995	2.673104	2.081863	2.853446	0.960510	2.373747	0.976499
3.837273	2.373688	4.030707	5.444608	3.369008	0.206574	3.272185	0.921867	1.187339	1.609649
2.961002	3.363324	2.541186	3.940149	2.344863	2.145035	3.286972	2.420457	2.311372	3.983728
6.382107	2.080996	2.735783	4.156216	2.057568	3.322246	4.235105	-0.020921	3.467845	5.511038
3.704787	2.309303	2.743996	0.408107	1.267623	2.060808	1.661586	2.209633	0.451757	3.186477
3.538544	-0.258054	2.373726	1.143920	-3.843974	0.494121	0.818213	0.463020	-0.343490	-0.133755
1.053476	1.381725	1.494771	-1.727345	-2.668023	-1.098615	-4.147613	-1.999660	-2.745698	-0.477856
-1.513216	-3.871362	0.884733	-1.970789	-3.957624	-3.491299	-5.239793	-2.485609	-5.064667	-2.395429
-3.740930	-4.429013	-2.336390	-3.116615	-3.141579	-7.305430	-5.257426	-4.737324	-4.223596	-4.803772
-2.643768	-5.098228	-3.897497	-6.380724	-0.873087	-5.381308	-5.258914	-2.873607	-6.044987	-5.034986
-1.260028	-3.980209	-1.755089	-1.594716	3.424949	-4.882933	-2.020456	-2.188257	-1.895639	-2.302070
-0.481211	-1.628954	-2.149766	0.219206	3.423531	-0.873404	-0.539352	-2.762173	0.190748	-3.678926
-1.691715	-0.252363	-3.281928	-0.654158	4.944156	3.813379	-1.236002	-0.951257	2.276273	0.780248
-1.228242	-0.267837	-3.592475	0.296591	4.977425	1.840917	1.587593	-1.177906	0.092236	0.995851
-1.782990	-0.442475	-1.761806	2.177950	4.462836	2.451411	0.086533	-2.017222	2.910639	-1.146616
0.027141	-0.518977	-0.547322	3.489119	2.441889	0.869661	-1.160881	-1.527603	0.444479	-0.987154
-0.189748	-2.857142	-4.323523	2.900097	4.050284	0.537668	0.431450	-2.433650	-1.659541	-1.092562
-1.478158	-3.374671	0.225991	1.488681	2.650119	0.370132	0.382326	-1.425162	-1.017524	-1.512341
-1.288188	-4.314363	-2.802878	2.160272	2.179594	-2.127645	-1.174053	-2.443538	-1.779267	-2.665390
-0.538738	-7.476718	-3.570432	-2.070632	-0.818291	-4.238964	-1.847886	-3.220179	-3.612772	-1.872508
-2.560808	-6.834036	-7.923170	-2.124933	0.679162	-4.814024	-2.533974	-1.710683	-4.864137	-3.479697
-0.109896	-6.773615	-5.798291	-2.399531	-1.489247	-5.441624	-2.341818	-4.462351	-5.289464	-4.446755
-0.684404	-6.809457	-4.278495	-1.810428	0.841181	-5.254163	-2.959716	-3.458481	-4.910651	-4.513182
-2.064930	-4.795559	-3.665082	-2.117825	2.177446	-4.465340	-0.127468	-4.957574	-3.156898	-3.257079
-1.328674	-2.936922	-3.913652	-2.791923	0.085848	-0.187055	-1.610176	-2.333728	-3.520906	-0.607544
0.285064	-0.312346	-2.202603	1.190677	5.837784	-0.376208	-1.383039	-2.232143	-0.709974	-1.035278
1.431685	0.378171	0.594364	4.006774	5.023155	3.005304	1.231044	0.159781	-0.253301	1.586321
0.926688	0.576329	-1.356550	1.069066	5.943061	2.608379	1.696172	0.144545	0.234813	2.694351
-0.404526	-1.167372	-2.601444	1.648653	3.627800	2.725620	2.354045	-1.311549	-1.260832	2.516113
-1.524056	1.288169	-1.217119	1.980733	1.864171	3.593927	0.283264	0.243297	-0.174536	4.001809
-2.705602	2.475552	1.042328	2.524506	1.990275	3.121000	2.032328	-0.036014	1.577003	3.985437
-1.764965	0.351179	0.482996	2.184470	1.530811	1.238241	-0.188162	1.224418	1.796883	-0.050201
-0.659343	-1.121250	-0.791514	3.536625	-1.258823	-2.812550	-0.605806	0.582694	-0.281493	0.986196
-0.269637	-2.224335	0.431298	1.247969	-0.437126	-2.351271	0.657295	0.853914	-0.519026	-1.706774
-1.731645	-1.212174	-0.573266	1.225401	2.114700	-1.110523	1.895942	-0.421521	-1.085016	-0.648508
0.226931	-1.436468	-0.600505	2.311921	0.930356	0.762497	1.491635	-1.198109	-1.874261	0.109092
-1.596306	-5.004814	-1.479420	-0.448273	-0.818460	2.234288	2.448374	-1.756251	-0.370861	1.308829
-0.274459	-1.914513	-2.589909	0.078018	-1.412748	1.364151	-0.804841	-0.475845	1.466484	-1.187198
-1.773824	-2.966064	-2.132971	0.229394	-0.035208	2.649988	-1.215009	-1.734091	-1.795725	-0.927789
-0.109404	-2.526366	-3.884406	1.653353	4.389458	1.271699	0.387569	-1.855686	1.328513	-0.861042
-1.462097	-1.870818	-1.393812	0.029195	2.749550	1.960885	0.018793	0.135268	-0.824002	0.688243
0.131997	-0.570019	-2.478789	0.201519	1.051768	1.188547	1.694464	-0.621226	2.504630	-0.973334
0.724578	-1.163368	-1.049936	-0.028277	-2.574289	4.055485	0.797482	-1.685468	2.982311	-0.546872
1.908647	1.494835	-1.024352	1.105008	-1.529022	2.151902	0.975347	1.888843	3.287042	1.574029
2.981703	-0.065409	-0.041736	0.838672	-0.560331	3.476397	0.844360	3.198408	2.906422	2.995870
2.680448	0.271801	-1.631986	-1.326586	-1.100216	4.957171	-0.631681	2.591929	3.565052	2.749752
2.792881	2.126167	-1.818102	2.255334	-0.407979	1.968326	-1.503074	3.981406	4.904834	2.144075
3.903902	0.135188	-0.028983	2.217630	-0.173120	2.667962	-2.076420	1.463540	3.827268	1.195840
3.025312	-1.694634	0.420072	0.795902	-1.717039	1.758280	-0.627718	3.602132	4.793455	0.392148
6.550610	0.706602	0.660465	0.144150	2.106962	1.044782	-0.023668	2.341483	2.158095	-1.114202
3.550198	4.083597	0.979896	3.929371	1.535285	1.575267	0.531830	1.922095	3.358990	-0.829507
0.501276	1.628952	1.646767	4.363267	3.456127	2.105937	3.224876	3.672969	3.680139	-0.303569
-1.024257	3.704667	2.110678	3.305535	2.137389	2.091693	3.027970	2.395704	5.007745	-0.119985
0.139800	4.284744	4.442131	4.800076	2.767669	3.903335	2.789213	0.942003	2.495407	2.231544
3.492747	3.968783	2.104427	1.486288	2.479068	3.407265	3.802204	2.472267	3.476927	2.827920
4.066284	2.220586	4.331568	2.696372	2.247085	1.835283	1.087145	2.111697	3.437106	0.122243
4.666912	2.048954	0.230354	2.355225	0.443519	1.628391	2.119434	0.474594	-0.608757	0.734414
2.806130	0.004687	1.533086	-1.821352	0.075370	0.446189	2.468172	0.793459	1.143941	2.222333
0.725139	-0.864613	-0.146634	0.631140	-2.092562	-0.749022	1.713660	1.098693	-0.653800	1.661001
-0.375761	1.001454	-0.525405	-2.033799	-2.219779	-4.075841	-2.353803	-0.831003	1.050721	-0.571481
-1.895069	-1.270810	-1.589826	-3.567871	-2.190081	-1.915566	-5.115816	-0.213627	0.837405	-2.483412
-2.944587	2.370395	-0.451795	-4.425776	-3.370467	-2.590699	-2.707879	-0.073679	1.443752	-3.019791
0.951488	2.322470	0.549688	-3.165313	-2.096539	-0.077536	-3.391993	0.901343	-0.944635	-1.108919
1.629053	1.506718	0.985325	-2.163485	-0.274197	1.939622	2.097844	-0.846459	-1.976557	2.381306
1.609511	3.044237	0.315018	-1.516691	-1.598342	0.238077	3.228630	2.303714	-1.869113	2.627785
2.169661	0.872930	-0.041933	-2.525732	-2.678274	-0.197771	2.919368	-3.470735	-3.940901	3.429319
-1.149898	-0.984402	0.114674	-1.843508	-2.752193	-2.119021	2.394855	-1.498106	-3.095821	2.676407
-2.209664	-5.127659	-1.947361	-2.794620	-3.775800	-2.219272	-0.719706	-3.999897	-4.870671	0.912651
-1.985538	-6.690639	-3.653135	-2.827668	-4.108396	-7.034623	-2.394117	-2.886907	-7.103951	-0.312248
-1.442019	-10.634342	-7.482847	-4.459653	-2.192280	-4.399673	-2.233976	-3.663135	-5.916760	-4.049989
-2.108708	-8.039567	-5.875196	-4.120875	-4.589653	-4.167722	-3.814285	-3.497179	-2.675096	-3.361973
-1.231804	-2.485812	-2.419081	-2.699834	-4.039817	-0.431568	-3.007642	-0.245939	-0.977659	-2.634397
-2.223907	1.220224	-1.395701	-5.349131	-2.600570	-0.521211	-2.872048	1.776186	-2.185048	-1.391662
-1.498018	2.541741	0.599546	-2.436967	-4.169214	-0.453350	-2.243102	0.133099	-0.060462	-1.235466
-0.114236	1.448740	1.771561	-3.317741	-2.742048	-2.893284	-3.063905	0.315200	-3.050900	-1.233309
-0.446160	2.630223	-0.007554	-1.185053	-3.344474	-3.366312	-1.607855	-1.306410	-3.876660	-2.305789
3.352108	3.289589	1.469701	-1.165806	-1.270292	-2.348634	1.496746	-1.102430	-1.352942	-2.557807
3.906269	4.951742	1.828229	-1.126497	-0.742702	1.294852	3.183300	-0.197058	-1.810045	1.272939
3.449124	2.600680	1.427129	0.028372	0.172896	0.944445	3.066105	1.171907	-0.537468	0.381150
3.991172	0.306805	0.239804	0.761000	-0.789400	0.569548	3.887263	1.736866	-0.315310	2.395925
-0.692687	1.240419	2.122755	1.225589	3.355112	0.774660	3.879374	-1.453480	-0.282570	-0.091633
-0.526453	0.909621	2.205683	1.776437	2.933929	-0.080318	2.661737	-1.967030	-2.033647	-0.308824
-3.816525	4.057413	2.163589	1.106144	3.572053	1.035415	0.732753	-3.723282	-1.068640	-0.935248
-1.734604	5.322097	2.714575	1.903411	3.812282	-1.279640	-0.067478	-1.726235	-0.060148	-0.438703
-3.600790	4.603471	0.972842	3.733536	6.374017	-0.015082	-0.532556	0.557211	1.106030	-0.354389
-0.895582	2.599438	3.222591	3.318720	2.404956	2.638888	1.663218	1.053358	2.733195	1.634296
-0.503581	3.694199	2.995323	0.992163	4.374700	2.251273	2.237646	1.577407	3.370248	0.491950
0.814314	3.944354	3.171740	2.151864	3.626247	3.870172	2.293728	1.026460	4.851990	3.155177
1.465402	4.345203	2.279343	3.865324	5.795599	4.716187	2.932662	1.123617	3.543721	1.699276
5.120283	3.240949	2.076633	5.447741	4.262954	2.847217	2.399651	2.232279	4.343143	0.601848
5.445758	2.081692	1.132111	4.707118	3.506612	3.945964	2.000492	0.991847	4.823757	1.117294
3.230026	0.825531	2.703078	4.632652	2.373273	2.116827	1.848988	1.527523	-0.271937	0.996415
0.042487	-1.642330	-0.880863	-0.681256	2.136036	0.347709	1.403937	-0.130292	-0.375437	0.372011
-0.896258	-2.438793	-0.917313	0.647594	-0.391998	-2.768491	0.485640	-1.277798	-1.851743	-2.895817
-1.498711	-3.634356	-2.680671	-1.471697	-3.947331	-5.314573	-1.570903	-4.354792	-5.353054	-1.907167
-3.797770	-4.136019	-3.530433	-1.780731	-4.669363	-5.156135	-3.240792	-4.342776	-5.721669	-2.194340
-2.883836	-7.239480	-4.946301	-4.247406	-4.939593	-1.925777	-1.783527	-2.357746	-6.658086	-0.746435
-1.377909	-3.537639	-2.943873	-3.392824	-3.682022	1.436902	0.982093	-1.947203	-6.631206	1.029450
-0.853289	-0.342396	-1.642547	-3.300683	-2.212152	0.721601	-0.907633	-4.322845	-6.198927	-0.310085
-0.132376	1.497750	-0.301522	-3.122685	-2.760881	2.199422	-2.459105	-3.934971	-3.661748	1.495160
-1.564170	2.061801	1.254402	-3.156228	-2.196410	1.070465	-1.959623	-5.144281	-4.663968	-1.948213
-1.506171	4.085856	0.121227	-2.533913	-4.302439	0.654131	-0.991586	-3.873474	-5.038588	-2.690604
-0.434380	1.269617	0.028554	-2.928640	-2.553070	-3.396881	-0.612694	-3.074347	-4.622105	-3.491112
-0.839596	0.655583	2.850783	-3.895808	-0.632002	-5.577669	-3.062648	-3.284602	-5.165920	-4.739136
-2.325219	-1.470644	0.618516	-1.364618	0.363865	-5.223634	-1.779347	-4.645436	-4.320931	-1.946977
-3.060750	-3.948764	1.448054	-2.534069	-0.631070	-3.791975	-1.383291	-2.722549	-5.409037	1.797968
-1.569789	-4.095077	-2.042002	-1.114861	-3.323806	-0.635291	-3.744681	-3.592141	-1.455538	1.201998
-0.841835	-5.502181	-2.598552	-3.874495	-3.269546	0.081918	-0.245815	-3.574709	-0.892434	0.850014
-1.259489	-1.531977	-3.979194	-3.100569	-2.792888	-0.309148	-2.011295	0.624046	3.264678	0.103617
-3.035952	-0.833964	0.500072	-2.237084	-2.696733	1.452311	-3.688519	2.675925	2.426396	0.184508
0.430978	3.398759	3.103948	-2.857840	-2.940881	0.348296	-2.497989	3.937330	2.905223	-1.891813
-0.871400	2.921992	2.040234	-3.263836	-0.207833	1.811907	2.373697	6.083360	3.913358	1.154855
-0.983087	1.984936	4.207332	-1.888572	2.994511	1.564545	1.413538	3.709317	4.013603	0.313213
-1.395182	0.810191	-0.153959	2.256652	4.952251	3.186308	2.393534	0.288901	1.672058	1.419660
-0.199286	0.226456	0.097363	0.943635	3.635686	0.582499	0.804186	0.422413	1.872323	1.225098
-1.879399	-4.087866	-1.825601	1.321780	1.502116	0.131817	-0.408808	-0.413347	1.431700	0.365927
-1.658020	-4.503176	-0.757451	0.000585	-0.056559	-0.629739	-0.800045	-3.392577	-0.382812	-0.101451
-1.194450	-2.896674	-2.824585	-2.181149	-3.415539	0.376533	1.551772	0.334722	0.437189	2.987662
-0.816989	2.269541	0.391996	-3.321023	-3.243726	-0.107268	3.688246	1.275752	2.336002	0.406569
-1.182338	2.545470	2.236294	-2.894934	-3.665019	-0.111541	-0.146926	4.780612	-1.324071	0.429869
0.032604	4.966111	4.220009	-2.911084	-4.559918	0.525513	2.703659	2.208404	0.522670	0.903263
0.228637	2.011967	1.525243	-4.382472	-2.598924	-1.735805	1.316899	3.219828	1.382326	-1.128849
-1.135040	-0.422164	0.832095	-3.873098	-1.251237	-1.585295	4.350195	3.559985	-0.338604	-1.093465
1.376073	1.798220	0.134566	-1.784062	-1.701758	-0.026058	3.093946	1.330274	1.518481	-0.167686
1.861577	2.643618	3.215557	1.416537	0.759313	-0.019893	1.359554	2.365497	4.508382	0.002289
3.038470	2.091731	2.685669	1.005899	0.916675	2.486700	0.959917	3.960753	2.324099	0.858961
5.173553	2.635359	1.713702	0.401125	1.157930	1.848320	0.303636	3.606343	2.959533	1.454429
3.168726	3.745101	3.735957	2.060814	-1.080725	1.088168	-0.399588	5.113068	4.584284	2.048895
5.644688	2.264959	2.904933	0.900966	0.045510	2.356743	-0.616157	2.927528	3.614951	0.338759
5.124240	2.022532	2.926633	2.933083	-0.735864	2.942746	-0.579970	3.247122	4.646736	-0.358879
3.544180	4.419021	1.926056	1.539965	0.210952	2.883776	-0.416026	2.693052	5.534439	2.498581
4.068310	2.471525	4.896202	1.863311	2.704957	3.306533	2.008373	5.311718	4.277160	0.684841
1.204529	1.801144	3.581573	0.886522	3.943351	2.716717	-0.875071	6.506820	4.468099	2.838899
-2.994764	1.224080	1.623868	2.279899	4.005233	3.176828	-0.338858	3.731557	4.755957	0.585857
-2.456868	0.676431	2.447687	2.658742	4.110204	2.556165	1.357410	3.554131	3.093133	1.104016
-1.639383	0.741198	0.977033	2.905150	4.869363	2.671628	-0.604965	2.366741	4.230728	3.230774
-3.749411	0.802380	0.731704	-0.454475	3.786609	2.167818	1.232317	2.418788	5.606042	0.086434
-0.559750	1.880678	-0.500099	0.188266	2.081642	3.205833	0.301855	5.416971	2.863775	0.162594
-0.509501	0.295292	-0.194576	-0.564726	-0.480039	0.795073	0.433150	4.873590	3.360927	-0.780345
-1.124665	1.503022	-0.029826	-0.664551	-1.750034	0.598138	-2.571899	5.460447	4.820998	-1.528783
-1.169340	0.493167	-0.810849	-0.976208	-2.939943	2.194228	-3.923591	6.021540	3.527988	-2.046718
-1.137628	0.277828	0.879955	-3.037897	-1.790867	0.587942	-2.898626	4.499269	4.158798	-0.298452
-0.692429	3.507404	3.022987	-1.624918	0.728894	4.005680	-3.731504	1.968236	2.923827	-1.150184
-1.114743	0.596696	2.158046	1.609429	3.063638	2.374242	-2.204625	0.777738	2.188475	-0.197814
0.947331	-1.149697	1.886034	1.404045	1.688566	1.867626	-2.560889	1.854578	0.854643	0.067459
2.696191	-2.163175	-1.369351	-0.059170	-0.087422	-0.676967	-2.524096	-0.289947	-1.338271	-0.691666
2.256339	-0.461637	-0.060907	0.825085	-0.519029	-1.902938	-2.100446	-1.229235	-0.942565	-0.112088
2.470873	-2.198485	0.507265	1.243709	-1.995253	-1.317788	-0.471838	2.059913	0.076559	-0.104208
4.198493	-1.327418	-1.413835	1.514202	-1.904796	1.284184	-1.017473	2.742796	0.867002	-0.813824
3.106600	-0.428737	-2.494006	-0.634334	0.733242	1.434475	0.325249	0.172215	0.066664	-0.562538
0.805093	-1.716342	-2.727548	-0.085400	2.753761	0.905086	0.306529	1.940269	2.614744	0.040652
-2.162727	0.338368	-2.543861	0.266405	1.778959	0.731117	0.374566	0.780759	2.712442	-0.022756
-2.673062	-0.894108	-1.366745	-1.247519	-0.006064	-1.133434	-2.270438	1.841683	1.713558	-1.416060
-1.785011	1.333629	-0.762301	-0.410872	-0.649608	-1.164167	-2.975786	-0.640359	-0.083109	-1.230362
-0.660574	2.353980	1.010273	1.977746	2.537226	-0.615184	-1.066875	-1.361966	-0.932858	0.833540
-2.523251	0.807244	-0.736224	4.074636	1.896337	0.415017	1.056494	-2.989740	-0.960590	2.228845
0.470457	1.333521	1.234307	3.540398	1.098924	0.326033	2.956221	-2.134481	-1.181206	3.117152
-2.309549	-1.172890	0.915968	3.447532	0.558688	1.152764	1.435006	-0.530589	0.124594	-0.048537
0.109030	-1.513688	2.465658	3.648238	-0.599973	-3.228791	-0.116850	-1.305264	0.568911	-1.636624
-1.329706	-2.597874	-0.073224	-1.229983	-2.751059	-4.200533	-1.280249	-2.652208	-3.297658	-0.774408
-0.552157	-2.842948	-1.684377	0.279968	-0.928072	-3.549161	-2.445188	-2.332320	-3.984111	-4.067089
-2.167323	-2.210111	-2.397300	-3.263708	-3.753311	-4.956778	-3.811369	0.126998	-3.609350	-3.729368
-1.637404	-1.299162	-1.041595	-5.035410	-2.066677	-3.117385	-1.785892	1.141847	-4.814175	-2.143645
-2.705400	1.500197	-0.245062	-2.273440	-1.727672	-1.983781	-3.669555	0.060825	-1.020887	0.533580
0.541489	3.191467	2.213300	0.348904	0.243604	-0.463568	-0.849660	-1.257167	0.113815	1.013307
1.196762	2.243647	0.245191	0.811221	2.010750	-0.730047	1.751894	-2.362331	-3.141372	-0.734964
-0.914980	-3.199164	-0.143890	1.921912	-0.879434	-1.338418	0.546008	-1.589768	-0.973946	-1.950633
-0.825138	-3.304765	-2.636544	0.203377	-0.497449	-2.408784	-1.538319	-2.854677	-3.458309	1.858198
-0.147611	-5.602556	-2.059069	0.074916	-0.967196	-0.884244	-1.434087	-5.102959	-4.189862	0.929630
-1.656200	-3.987140	-4.350866	-1.633272	3.541523	-0.923900	-1.402295	-3.929116	-4.204205	2.946763
0.505895	-0.141414	-2.171036	-0.112085	1.581409	1.708548	-2.557243	-2.486848	-0.642139	3.172096
1.977175	-0.822781	-1.058178	0.630776	2.613361	1.784798	0.552768	-1.119955	0.843636	4.104829
-0.007562	-2.366940	-1.578993	0.734511	0.520677	4.809049	0.422939	-0.280639	-3.181281	3.951362
-0.405714	-3.488693	-3.846180	1.009520	-1.171344	-0.547500	-1.051129	-1.926500	0.861008	2.367294
0.589617	-1.649138	-1.243941	0.450004	0.584099	-0.535450	-1.086938	-1.338840	-0.446696	1.131824
-2.277467	1.678323	1.919925	0.445062	1.012603	0.567798	0.460814	1.540442	2.519606	0.220753
-1.997467	3.306990	1.952417	3.424694	0.750268	-0.342858	0.930226	2.545944	6.720912	0.840680
-0.844584	0.561663	2.046735	3.630501	0.556693	1.089283	0.204599	1.291965	1.986722	-1.770695
-1.225416	0.355541	-0.550420	1.926282	-0.607322	1.586318	0.248633	3.937904	3.324236	-0.559973
-0.379165	-4.076277	-2.058850	0.907337	0.486920	0.566646	-0.298473	1.091062	3.076351	-1.307655
1.112670	-1.613790	0.248546	1.803367	0.542520	2.346966	-1.740718	-0.233464	2.309168	-0.664141
-0.790011	0.838701	2.391067	3.420371	1.397276	1.402276	1.143599	-1.660675	0.879285	0.836469
1.037992	2.415996	3.431513	4.574549	4.234187	2.561077	3.429377	-0.984071	1.987302	1.341074
5.088678	2.682493	3.592384	3.991601	5.488153	2.839865	2.658416	1.412647	2.873217	0.659573
4.659049	2.266793	2.923479	4.870727	5.387571	3.212541	2.388017	0.608178	-0.365070	3.881767
3.675403	-0.405604	0.416099	4.178628	2.883942	5.225303	2.165179	3.132820	2.118840	0.395253
1.037341	1.583100	-0.475557	4.625302	4.045564	2.285749	0.401403	-0.617826	1.023646	1.661933
0.045663	0.386406	2.240110	2.133149	2.621535	2.486978	1.167889	-1.480564	0.539646	0.754004
-1.536531	0.137113	-0.085299	2.480771	3.340056	2.817989	-0.956463	-1.231192	-0.659760	-0.882933
-4.733441	0.282920	1.486715	-0.312535	-0.498176	3.384080	0.207748	-2.965713	0.727726	0.670721
-1.953468	2.064928	0.024452	-2.044667	0.524840	2.002050	0.305720	-0.743327	-1.919996	3.309765
-1.925110	3.352335	1.510711	-0.434226	3.418100	2.855298	2.483855	-0.512836	0.341073	5.453198
-0.905968	1.184542	1.898593	0.358488	2.371706	2.501023	3.727053	-3.262941	-2.321569	5.515320
-0.951842	0.735747	0.917197	1.471075	2.464754	1.646722	3.686614	-1.088643	-3.064222	5.079630
-0.752232	2.145352	2.136923	-0.399967	2.572445	0.208195	4.351937	-3.095742	-3.724788	0.447327
-0.677038	3.033154	0.465170	1.056264	0.874277	-0.855661	3.462123	-1.256341	-1.228168	0.805511
2.196640	-2.523046	1.871439	-0.548933	-1.245651	-1.636145	3.902273	-1.000339	-1.330963	0.320680
2.646003	-1.013649	-0.966171	0.264142	0.300159	-1.386161	3.150186	-1.824040	-2.891174	-1.436165
4.586350	-0.320055	0.076839	-0.955812	-0.525693	-0.842008	1.244062	2.674058	0.118398	-0.773727
3.294782	-4.885764	-3.559330	-1.724495	-0.129409	-2.195190	-0.882399	1.108751	-2.931849	-0.642205
1.757198	-7.402877	-4.722578	-0.513507	-2.946490	-1.426307	-1.972496	0.300639	-2.403615	-1.992001
0.457599	-4.261194	-3.984407	-0.888749	-3.545637	-2.542960	-3.468329	-1.737178	-3.297902	-0.054215
-2.689215	-1.595417	-2.062316	-2.330220	-3.479451	-6.027052	-4.118798	-1.400203	-2.107411	-0.351049
-2.371744	-0.091944	-3.370306	-3.140322	-3.269034	-5.545184	-3.166503	-4.350637	-4.422143	-2.251702
-3.263888	0.578624	-0.116176	-3.524154	-2.221287	-5.698257	-1.843645	-3.015880	-4.541399	-3.976477
-1.414647	0.821485	-1.297927	-4.153818	-3.054012	-5.874873	-3.567622	-4.507435	-5.443382	-1.762873
-0.951821	4.093541	-0.585260	-1.941512	-0.681308	-2.282333	0.247765	-1.820002	-4.799891	1.507207
-1.662409	1.265690	-0.511074	-1.625738	0.651221	-0.752240	0.915917	-2.251582	-3.635328	-0.703936
-2.014412	-1.985168	0.029330	0.140503	0.184076	-0.707894	-0.475368	-1.433377	-0.097395	0.531096
-1.517229	-0.265033	-1.956347	1.404813	-0.622646	0.350104	0.623513	-0.440888	-0.534392	-0.831397
-1.455160	-0.343006	-1.880207	-0.564411	-1.627746	0.030150	3.143157	-0.239717	0.425879	0.360882
-0.785005	0.150513	-1.172550	-0.439268	-3.215124	0.465144	1.842867	1.240836	-0.229384	-1.205066
0.007637	-0.177476	-1.646674	-1.055259	-1.671483	-1.033816	0.830541	1.868670	1.494319	1.263758
-1.141136	0.832526	1.082518	-4.258184	-3.378323	-1.200331	-2.229020	1.224482	0.078886	0.076651
0.519779	-1.466680	-1.607072	-4.760144	-3.234546	-2.869903	-1.882716	0.605671	-0.275783	-3.659386
-0.124820	-0.220496	-1.193046	-4.226139	-1.688254	-2.025134	-1.325147	1.959337	2.632708	-3.557955
-1.734732	-0.081622	-1.087203	-3.348670	-3.854847	-0.739125	-2.177614	-1.001922	2.290460	-2.163056
-1.354157	-1.308157	0.049457	-5.837438	-3.426727	0.568122	-2.322415	-1.279308	1.379571	-1.926091
-1.620894	0.595597	2.200232	-2.185441	-2.929596	0.516006	-2.779851	-0.499821	3.025540	-2.801162
-0.751043	1.741241	1.548224	-0.795282	0.240846	2.349524	-0.379523	-0.282263	5.427665	1.250932
-1.341705	3.983274	2.729333	1.737139	1.659697	1.717976	-0.007629	2.837265	3.944545	1.235789
-1.504179	4.587196	3.902557	2.182521	2.275956	3.245060	2.262530	1.928861	4.918279	1.814807
-1.876764	2.965006	3.974896	3.907365	2.390221	2.579873	3.893154	1.790425	2.037965	5.545686
-0.357761	2.893305	1.904052	4.738370	1.060191	1.413115	3.023343	-0.300046	1.276902	3.300125
2.830832	-1.039908	2.379823	1.668835	1.525464	1.712584	-0.129303	-1.114852	1.901889	0.105323
4.398413	-1.967433	1.964809	0.813359	1.206640	-0.181122	-0.258583	0.404205	0.599224	1.989977
5.276784	-1.133571	0.415811	0.680842	-1.160384	1.522095	0.777901	0.285724	0.157806	1.551588
3.158844	0.763178	-1.390673	2.339183	-1.091008	3.471835	0.517350	5.160504	2.249634	-0.917946
3.520795	1.093015	0.981159	-0.310918	-0.794934	3.846895	0.815564	4.229343	2.724506	-1.653126
2.896536	0.597438	-2.788394	1.330138	-1.910663	-0.451827	-2.541156	1.854041	1.672621	0.536047
1.533767	-2.349852	-1.611332	0.616951	-2.163197	0.282769	0.508588	2.645595	1.153478	-0.553429
-0.362411	-4.166456	-5.084155	-2.466480	-1.496937	0.922379	-1.648103	1.481604	1.686275	-0.525054
-2.322497	-3.029174	-4.501963	-3.831556	-2.961484	-0.166096	-2.994230	-0.411632	-0.210189	-0.050630
-4.117392	-4.670906	-4.736657	-3.291277	-3.866440	1.896041	-1.640891	-1.759315	-1.248216	-2.361057
-2.566395	-4.176053	-4.516735	-3.862444	-2.969805	0.190489	-2.365689	0.368853	-2.815606	-4.090538
-1.426206	-6.711114	-5.557199	-3.965957	-3.103582	-0.800355	-2.448721	0.205271	-1.249761	-2.573874
-0.822824	-6.380190	-7.620149	-2.502218	-3.475572	-6.586090	-3.850990	-1.922261	-3.549882	-5.238464
1.408150	-5.728480	-6.901283	-4.899926	-2.265376	-7.587821	-1.009794	-1.380246	-4.624371	-3.217812
3.558419	-5.654286	-3.563403	-2.220182	-2.361595	-2.732146	-0.572534	-0.182585	-1.270529	-4.730517
5.676580	0.574392	-0.814508	0.083812	-0.070830	1.918730	-0.758110	-0.039778	-1.979858	0.284719
4.807236	1.162555	-0.159098	1.247257	-1.079884	3.301908	1.601178	2.609773	-0.061458	1.444094
3.540487	0.075003	-2.324174	1.370152	1.521643	3.571386	0.027329	2.142266	-0.745131	2.820008
0.661532	-0.625466	1.393666	-0.677704	0.439650	-0.011139	-1.791157	3.231101	-3.147578	1.503559
0.232573	1.385350	3.496220	0.069988	-0.045165	-1.397467	0.744521	0.003775	0.712699	1.581146
-0.387491	2.456049	3.008689	1.282329	-2.455303	-0.343900	1.809362	1.087889	-0.159000	-0.346331
-5.865658	2.889631	2.787072	1.619017	1.307434	-0.962439	0.399166	-1.022160	1.278922	2.389124
-3.580729	5.768898	2.616071	4.383151	1.773546	0.913913	2.015032	-1.542972	2.189465	-0.020187
-1.269203	2.620247	1.669485	4.023232	2.364332	4.693255	2.745361	1.489351	1.700427	2.489332
-0.393379	1.869880	3.489314	5.358058	2.689989	2.878987	3.716252	1.101407	1.048607	1.667382
-0.381357	3.722895	4.347259	3.037429	1.868216	3.151405	5.136604	-0.871703	0.869004	3.610160
5.102064	4.032794	2.489718	4.225044	1.190414	1.799810	4.273419	0.805818	0.842516	2.619566
1.641783	3.740975	2.534593	2.509603	2.698680	1.303699	2.942294	2.149569	3.903943	1.718998
2.825503	1.539338	3.616683	2.318105	0.685412	1.731172	3.030031	0.284149	-0.370818	1.288856
1.502422	-0.146516	4.343589	3.938850	-2.108589	-1.132474	2.642628	-0.724843	-0.339666	0.834237
0.250841	0.628213	4.390911	0.381136	-2.033025	-2.557340	3.409085	-1.491508	-1.743404	-2.067958
-1.852338	2.456123	0.114449	-3.584236	-3.027497	-5.855228	2.473203	-4.118948	-5.159833	-1.553632
-2.627816	1.833516	3.541802	-4.528268	-1.515307	-7.134337	1.550580	-2.353963	-2.936953	-1.154386
-1.626191	1.516090	0.156072	-0.838959	1.611145	-4.152571	-0.874083	0.282545	0.756433	-2.091420
-1.789764	0.044946	1.284058	0.657089	1.439057	-0.324030	2.185712	3.472375	3.422725	1.986864
0.651067	1.230384	2.387060	1.165777	1.269328	2.295584	2.212766	4.783825	4.098922	0.721464
-1.293398	2.904203	-0.249421	2.057203	1.266458	1.229371	-0.109222	2.867296	2.612122	-0.294719
-1.358059	0.820604	-1.082486	4.033466	-0.379954	-0.527072	-0.324252	4.106885	3.128225	0.490112
-0.792615	-2.088114	-2.364534	1.722868	-1.650411	-1.372646	-3.036125	-0.748108	0.177329	-3.098044
-1.154265	-3.098650	-1.149865	-1.256494	-2.836512	-4.844351	-3.101342	-0.589285	-2.013868	-2.899187
-0.401709	-4.781806	-1.267779	-0.932719	-3.546958	-6.421890	-3.878702	-2.226647	-2.601365	-5.489319
-1.231945	-2.188081	-0.928675	-3.677808	0.139648	-8.292662	-4.107406	-5.456194	-4.733365	-4.563741
-1.455874	0.624125	1.288346	-2.198562	2.882508	-6.701671	-0.047554	-4.481828	-5.027468	-3.621154
1.534905	0.805012	1.824984	0.282619	1.692019	-1.535916	-1.257548	-3.017750	-2.966076	-2.152959
4.718094	1.519079	1.231240	-0.787065	2.541881	-0.036998	-0.797087	-1.238662	-1.489689	0.990743
3.970292	3.126627	2.149015	-1.518215	0.519892	3.451180	0.417427	-0.562163	-1.139609	0.971250
4.581801	-0.478944	-0.989793	2.174169	-0.147747	2.287818	-2.182505	1.300545	-0.908636	3.233062
4.021820	1.592864	-1.132982	-1.077015	-1.097638	3.491215	-0.488285	1.241860	2.205928	4.287877
0.749752	2.024152	0.089047	-1.000165	-2.451581	0.779069	-2.197512	2.435183	0.993082	2.298895
-1.049004	0.353921	0.240095	-1.733082	-3.676978	-0.367619	-1.300088	1.914411	0.016125	-1.475686
-2.979746	2.220669	3.065561	-3.231968	-2.500429	-1.507452	-0.937613	-0.353556	0.975857	-1.496366
-2.339875	6.578497	2.158247	-1.125222	1.103766	-1.629831	1.123012	-3.128919	-1.296324	-0.793447
-1.932088	4.119805	0.954252	-0.253844	-0.191395	-2.380156	2.761887	0.485321	0.763582	-1.295030
-1.054686	3.069192	3.043776	3.112965	0.358889	-1.808828	4.359511	-0.465837	0.273772	-0.079115
-1.939068	-1.125441	1.644119	0.874104	0.299715	-1.941549	3.106883	-4.055495	-0.811652	-1.690304
-0.345232	-2.214496	1.323982	-0.544926	-1.577815	-3.320618	2.263603	-1.784752	-3.040694	-1.649197
-0.589778	-3.175171	1.038565	-1.418626	-4.342104	-3.155538	0.884869	-3.175010	-4.579752	-2.288996
-2.226105	-0.832868	0.150669	0.327504	-3.600650	-5.087708	3.203882	-5.557270	-3.333529	-0.680701
-0.810212	0.439814	3.388592	-5.150336	-3.928656	-3.749131	1.443341	-3.459333	-2.523726	-1.517313
-1.418399	-0.774625	0.590435	-4.528646	-1.887221	-2.406806	-0.353656	-3.175000	-4.864542	-1.417334
-1.490764	1.152614	0.597499	-6.354128	-5.533845	-2.213734	0.199792	-3.746571	-2.827979	-2.237164
-1.353007	-1.982769	1.064584	-4.291580	-3.952430	-0.780916	-2.362818	-2.897247	-6.472038	-1.004804
-0.212226	-3.420574	-2.606910	-4.107703	-3.273175	-0.433453	-1.115285	-4.425530	-5.078620	-1.295854
0.702879	-7.033800	-3.817084	-3.942998	-2.490382	-1.586745	-5.423410	-2.648419	-4.265125	-1.381717
-1.691291	-3.568649	-3.312937	-2.948563	-3.658250	-1.612493	-3.030995	-2.301917	1.107946	-1.026391
-1.184835	-3.459821	-0.762768	-4.930800	-2.713979	-1.392898	-1.566940	0.719976	1.089391	1.020321
-1.210652	-2.523416	-2.492078	-6.001909	-1.882170	-2.137560	-2.156645	-1.030940	2.039511	1.111819
-2.448341	-1.023333	-2.945167	-5.412589	-2.989723	-0.266881	-4.795112	0.458933	3.247505	-2.501097
-2.662500	-0.422173	0.326166	-3.666841	-4.886139	-0.909059	-2.935442	-0.364704	2.411071	-3.166030
-0.154730	1.543263	-0.000379	-1.090365	-2.921217	-3.661797	-2.154336	0.156846	4.038109	-4.313178
-1.376129	2.319675	-0.826503	-1.480760	-1.383558	-1.070994	-1.092394	-0.435617	1.572719	-3.410643
-2.998595	2.116064	0.384695	-2.313126	-0.748161	-2.195950	-3.347817	1.474007	-0.046301	-1.865326
-1.318328	-0.886371	1.520815	-0.665164	-1.300628	-0.406567	-0.621106	-1.671283	-2.593151	-3.421226
-0.600828	0.149869	0.398357	-1.339974	-3.137157	-0.870945	-1.295763	-0.357488	-2.565831	-2.586146
-0.880192	-0.184915	0.250921	-2.722755	-4.200749	1.317017	-3.981788	-3.580809	-3.706043	0.191715
-1.388419	-1.686624	-2.213294	-6.088907	-3.370604	-1.157483	-1.925882	-3.079547	-4.320586	-0.798844
-2.221409	-1.996358	-2.039385	-3.063431	-2.413622	-0.452944	-1.746746	-3.507101	-5.663562	-1.162324
-2.397061	-3.540317	-1.711555	-0.960125	-2.064902	-1.973168	-1.001281	-1.796473	-2.671771	-1.934925
-1.457773	0.833098	0.039297	2.949909	0.462054	1.601147	1.363711	-0.732064	1.047086	0.000053
-1.070544	2.218386	0.938972	4.411774	1.837149	2.410600	2.264630	-0.821574	2.588109	2.719908
-0.936773	2.241349	1.303569	2.580168	1.260781	2.217590	1.605175	3.715197	1.792097	2.341741
-2.433758	1.499485	1.358388	1.985391	-1.009649	1.019718	0.346344	1.551247	-0.637550	-1.541349
-1.441600	-0.797006	1.802829	1.242645	-0.556041	-2.429317	0.242937	0.765877	0.181067	-3.037463
3.036304	0.115575	0.373692	1.564030	-0.022395	-2.731414	-0.426748	-0.168016	-2.638451	-1.598700
2.848655	1.793929	-0.070523	0.648545	1.133691	1.074126	-1.489611	2.418770	1.004793	-1.979862
5.339654	2.493555	1.931584	1.490692	4.202015	1.678603	1.806846	2.754733	2.354700	2.544652
4.298803	2.409353	3.019713	4.752370	2.699779	2.665618	2.999122	1.862272	2.954670	1.842141
1.726802	2.057122	0.935564	3.811180	3.668783	2.044070	3.570816	2.337588	1.271201	1.407804
3.605552	1.398661	0.449137	2.897523	5.173027	2.187460	2.571127	2.751280	2.518095	0.788642
1.574256	-1.983929	-0.212669	3.999698	3.811912	2.144288	1.691353	0.859646	1.357049	1.342455
0.081514	0.829251	0.895146	4.219407	3.072539	2.176754	1.439094	-0.328513	3.005865	0.334841
-1.571472	2.555001	0.385683	3.173849	4.261307	1.793459	-0.125952	1.756503	3.176940	-0.741198
-2.007501	3.281219	4.114341	3.857126	3.196318	3.080601	1.010314	4.197891	3.691877	1.239636
1.162729	4.042907	3.490220	4.483038	4.356872	3.330283	2.119091	3.037454	3.433273	2.385444
2.408318	2.500962	3.940120	3.797385	2.094270	3.532104	1.923277	4.381188	3.877828	2.440625
3.566869	1.065185	1.273940	4.658969	2.400512	0.724064	3.491471	2.429496	2.534043	2.062579
2.229282	-1.546024	1.029580	3.319189	1.853400	2.240664	0.139373	1.320575	0.020617	-0.056793
1.556659	-4.329967	-1.849659	1.981946	1.608533	-2.227995	-1.115820	-0.999975	-1.678950	0.015308
1.105502	-5.646944	-2.317479	0.687542	-2.106987	0.465386	-0.900008	-1.688354	-1.270958	0.966382
0.392711	-1.106655	-2.176579	-0.395524	-0.699459	-1.014791	-2.157193	-3.168461	-1.776808	2.423730
1.282689	-2.296601	-1.288661	-0.698550	0.226517	-1.007326	-1.062476	-2.004399	-3.240900	1.449551
3.368837	-1.126882	-2.513123	-0.213436	-0.835858	-1.058419	-1.889459	-1.750467	-1.321434	2.609246
4.568056	-1.753300	-0.686167	-0.102481	-0.857782	0.080331	-1.096842	-0.057365	-1.921610	0.365514
1.132948	-1.687953	-2.351592	1.412316	0.729944	-1.062275	-1.310528	0.653207	-1.440328	0.032855
3.467414	-0.624045	-2.433800	0.657955	2.924523	-0.112236	-1.125017	-0.632353	-1.994989	-2.393629
0.661657	-1.404574	0.001609	-0.828762	3.657455	-2.650052	-0.865111	-1.854944	0.791008	-0.797740
1.850476	-0.329041	-0.827265	1.020266	3.437141	0.133278	1.399589	-2.832567	-0.823338	-0.955876
3.287675	0.044253	1.805278	3.110338	1.800882	2.535654	1.137281	-0.782022	-0.668926	0.638862
4.581154	1.209206	-1.061363	3.913757	5.385980	2.125678	2.007664	0.922891	1.303443	0.599075
2.732615	0.887020	1.259112	1.572222	5.572834	1.150351	0.365337	0.187272	0.895970	0.314563
4.004860	0.065892	-0.960299	2.609836	5.056248	1.800573	0.621398	1.293920	2.468053	1.569626
1.411891	1.317823	0.953006	2.985099	1.923321	2.735145	0.663245	2.030535	2.064094	-0.420535
2.815908	-1.084789	-1.183376	0.164012	-0.140645	-0.228032	-0.825522	-0.057183	0.191592	-1.350920
2.011814	-0.798844	-1.362145	-0.272624	-2.463948	-0.446956	0.740295	0.122066	3.575048	-2.744628
1.814111	-2.060743	-0.813200	0.435292	0.392412	-0.127327	-1.007106	2.642381	-1.321139	-1.687259
2.556899	-1.094887	-2.847143	-0.601638	-2.931563	0.312356	-2.727926	-0.038837	-2.766269	1.642087
0.187182	-1.106576	-3.369575	-0.993215	-1.934373	1.524795	-1.887567	-2.400489	-1.879441	2.237111
-0.847241	0.837689	-0.410895	-1.747636	-0.194214	1.074391	-2.084229	-3.602275	-4.641056	2.822514
-1.421866	2.460007	0.437894	0.246700	3.712713	-0.958156	-1.033715	-4.135195	-3.886013	4.077495
-0.477993	0.250177	-0.004306	1.314594	3.501910	1.460356	0.575374	-1.489549	-1.436212	2.645256
-3.198719	-0.124102	1.041402	0.110146	3.175480	0.682929	0.023836	-0.963038	1.680347	3.264398
-2.090342	0.436870	0.227319	0.712659	1.803322	2.526763	1.381570	-1.364560	0.858364	0.438120
0.154738	0.310791	0.265543	0.341033	-0.428661	0.650560	-0.489625	-1.094017	0.852639	2.931724
0.831525	-1.038238	0.353373	0.982970	0.999632	0.405421	-1.357951	0.530691	-0.297327	2.871010
-0.461681	-1.351920	-0.969690	-0.985330	-1.548797	1.890948	-1.008310	3.017665	1.459466	1.325180
-0.515278	-0.321355	-0.331349	-0.846964	-1.268247	-0.432359	-3.086703	1.818904	-0.133283	1.037332
-0.365263	-0.472743	-0.872303	-0.765232	-3.708917	1.368703	-5.885532	3.336209	3.154528	2.480370
-1.935835	-1.885386	-3.744854	-3.213632	-3.491403	1.171435	-4.209098	2.236780	-0.191602	1.900492
-2.384292	-2.211885	-2.036302	-4.390363	-3.160706	1.029139	-2.721804	1.556216	0.407928	1.503501
-1.412832	-3.158041	-3.418049	-4.965423	-4.135423	2.379515	-3.212749	-0.830683	2.653318	-0.148803
-1.802454	-3.978354	-5.088995	-4.011111	-4.447053	1.683565	-1.965937	-0.497216	0.375468	-0.680219
-2.710755	-4.373826	-5.924942	-5.424727	-4.137994	0.783892	-2.203568	-0.579683	3.653179	-3.010246
-0.326734	-3.999857	-1.749690	-3.397967	-1.256143	2.106296	-2.962444	2.070315	0.965750	-3.538384
0.585212	0.130251	-0.971440	-1.606631	-1.388801	-0.706720	0.875832	0.211679	0.969883	-2.818431
0.213284	1.429798	-1.349494	0.822782	-2.494464	-1.691855	4.602461	1.165809	1.243678	-0.781186
0.136684	1.662982	1.761048	1.029274	-0.369332	-0.067208	2.144039	1.601105	1.387735	1.529051
-2.060686	1.874902	3.404385	1.888147	1.238899	-0.165276	4.623865	1.224467	3.057354	0.535983
-1.109724	2.943358	3.030215	2.695502	0.674129	-0.253357	3.101239	2.715695	2.062335	1.165309
-0.631928	2.470547	2.760637	4.567240	0.389860	0.324549	1.651257	1.375290	1.174880	0.586432
-2.904596	1.268970	0.106550	2.161564	0.533695	1.219545	0.933619	3.061751	-1.292811	-0.889749
-2.697226	2.542425	0.865554	0.276874	-1.823265	-1.232567	2.103922	2.644579	-0.610038	-0.760931
0.050384	1.239711	1.969846	0.520472	0.985281	0.262614	3.114766	0.547474	-2.344701	1.166486
-1.596165	1.053927	2.301526	-1.318641	1.687837	0.000791	2.905248	-0.343964	-0.736599	0.881004
-2.074570	3.443271	1.843192	0.161338	4.023603	0.230766	4.646267	-1.232735	1.306569	0.378923
-0.771128	2.907143	1.537243	0.557810	3.373781	-0.683261	3.474822	-1.648238	2.250803	2.756246
-0.529739	1.167841	2.830279	-0.298824	2.461375	0.089914	4.376109	-0.175874	0.069403	1.112674
-1.707601	1.025865	1.606697	0.487039	1.610884	-2.347407	2.329129	-0.525641	0.015371	-1.927193
-1.704410	1.361712	1.562896	-1.390602	-1.237888	-1.107123	-0.167921	1.104160	0.142406	-3.298953
