X1	X2	X3	X4	X5	X6	X7	X8	X9	X10
-2.302813	-7.576067	-5.447660	-3.451088	0.275377	-5.910330	-0.780605	-5.342361	-3.864871	-5.668145
-0.599451	-6.057559	-6.556395	-1.816414	-0.924292	-3.499176	-3.933923	-1.968198	-5.429037	-7.908873
-2.061926	-5.541250	-3.694894	-1.040237	-1.206361	-2.864745	-2.636232	-6.977849	-5.126579	-3.900303
-0.836339	-5.256642	-6.043658	-0.551556	-1.299630	-2.659838	-3.053832	-4.449512	-4.472995	-3.568636
-0.017689	-5.747436	-6.016288	0.164032	-1.317597	-2.701955	-1.562625	-1.160688	-5.931686	-4.398672
1.915326	-3.287031	-4.060884	0.948027	0.012539	-1.734195	-1.845809	-0.492176	-1.938852	-1.316812
2.794204	-0.924329	-1.296446	1.616031	0.187180	1.564041	-0.156685	0.923924	0.030007	-1.486157
4.789548	0.640369	-0.620776	0.723545	-0.958172	2.020152	-0.418854	0.853111	0.437792	0.802594
2.306958	2.301263	-0.117374	2.116171	-1.485816	2.727539	-0.101016	3.351087	2.376901	3.004838
3.416533	1.350952	1.240060	-1.037191	1.202349	3.301402	-1.927671	4.268051	1.799936	0.789676
0.647175	3.047635	3.283725	-1.087938	-0.039675	3.102641	0.594081	3.711305	5.223396	2.206907
2.187985	3.292711	4.095320	-0.222169	-0.561086	0.395454	-0.368360	3.343747	3.679281	1.083130
3.752362	3.130980	2.674446	-0.832184	-1.328984	1.275444	-0.737394	4.389379	5.490691	2.480045
2.187408	4.771841	4.081501	0.836320	0.082335	2.993008	-0.065123	4.809400	3.790527	2.740451
1.279023	0.108793	2.289186	2.156743	-0.918330	1.273947	0.755055	4.326112	0.381087	3.385648
1.280107	3.316136	2.161099	3.468686	0.644523	1.623361	2.737938	3.287114	2.424473	2.140535
2.659762	2.570269	1.845040	5.508951	2.451596	2.112749	1.988827	4.358906	2.165884	3.543012
1.481188	1.901991	3.439509	4.548239	3.099190	2.677413	2.410021	2.652190	4.124120	2.428877
0.125086	2.696101	0.892506	2.335451	1.154907	0.851050	0.535121	2.364664	2.493681	1.819632
-0.670945	-2.341201	-0.118570	1.570187	0.027248	-0.963038	2.753426	-0.581769	-1.003932	1.574974
-2.778002	-5.256716	-3.567319	-0.602550	-0.304485	-2.581452	-0.692265	-3.097311	-0.516621	1.745804
-0.363485	-3.043444	-2.798641	-3.954061	-1.945892	-5.724491	-0.664551	-1.797560	-3.617384	-0.088980
-1.060094	-1.963787	-0.804037	-4.575544	-1.555871	-2.131957	-2.834633	0.578583	-3.502123	-2.039877
-1.212529	0.130455	3.106793	-6.453897	-1.921020	-3.462350	1.374489	-0.683980	-1.263236	-1.234588
1.079813	3.810281	4.026549	-2.813722	0.060262	0.259432	2.636316	-1.148351	-1.812725	-0.903214
0.756730	2.608091	4.741630	-0.191615	2.041676	1.482486	2.523546	-2.287827	-1.361488	0.404446
-0.066575	-0.056316	2.901536	0.495523	2.258923	2.905014	1.630579	-0.145709	-0.204627	3.223790
-1.834702	2.800459	2.974768	0.455894	0.588306	1.581716	0.340316	-1.344597	1.145959	1.501317
-0.527051	1.539316	1.645124	-1.529803	-0.819976	0.050990	-2.035344	0.088411	1.904870	1.210129
-0.913420	2.188154	2.133505	0.661034	0.308179	1.296337	-3.443000	0.518213	-0.002595	0.466023
-0.444710	2.505172	1.629010	0.685406	-0.471427	-1.116744	-1.539755	0.897012	1.961666	-3.076800
-0.694219	0.120269	-0.070760	0.246013	-0.790293	-2.334151	-0.750506	0.077606	0.110850	-0.608642
-0.719546	-0.869554	-0.825906	-1.386144	0.992882	-3.581087	-2.290455	0.800097	0.379659	-2.143701
0.117609	-2.165899	-0.877829	-2.181364	-1.266001	-3.704050	0.285797	-0.424415	-0.309307	-3.443779
-2.541654	-1.061867	-2.095427	-1.302447	-3.370941	-2.067441	1.275352	-0.636430	-1.855449	-3.489477
-2.759332	-2.337558	1.358999	-1.884493	-0.131136	-2.695461	2.392709	-5.026948	-1.057367	-0.198295
-2.602726	0.572128	0.741348	-0.236901	-1.672485	-0.041608	2.118567	-5.152267	-3.914461	0.475968
-2.018035	-2.531411	0.218921	-1.209569	-2.928488	-2.205685	2.133926	-6.407288	-3.045232	-2.024791
-2.145557	-3.499675	-2.510883	-3.928399	-1.306043	-1.384390	0.995587	-5.443710	-5.008078	-2.101270
-1.779793	-4.351964	-2.958263	-0.953989	-3.196648	-1.006323	-0.282052	-2.822532	-1.550601	0.713029
-1.009641	-1.607780	-3.933920	-3.564240	-1.607004	0.193214	-2.418990	-1.289056	-3.841200	0.585505
-0.543301	-1.219823	-0.606754	-2.970449	-0.254109	3.492722	0.173973	0.581521	-2.938876	1.487160
-1.109671	1.163606	-1.244164	-0.800419	-0.427162	3.523400	1.976136	3.006499	2.048171	2.167791
0.647848	1.240406	-1.008951	-1.845147	-0.974861	2.808949	0.751799	3.969577	4.050042	2.105199
2.663059	2.595378	-0.918914	-0.905735	-0.187506	3.397468	-0.169738	3.144657	2.081235	2.159883
1.913961	0.950920	0.446545	3.394219	-0.217497	4.357357	-1.496476	4.393538	5.029350	0.763843
3.484156	1.257131	0.467728	2.941215	1.761569	2.520115	1.462086	2.983021	2.707888	4.720978
0.857844	1.573812	2.878334	3.935052	1.904892	4.644644	0.694948	2.121606	4.215948	2.159488
-0.293173	1.523760	1.465564	2.427931	0.954472	3.034941	0.492408	2.492094	3.886930	4.420773
-0.433196	0.048676	-0.277084	-0.270048	4.274511	0.913608	-2.926333	3.197685	3.306734	3.881931
-0.457323	0.529158	-1.244408	-0.384185	1.550010	0.139443	-2.503875	-0.025020	1.021459	-1.189237
0.007247	-0.414193	-3.042609	-3.224580	0.173269	-0.940753	-5.127519	0.588879	-0.706994	-1.378432
1.919415	-1.868679	-2.907886	-2.173534	-1.209310	-1.295481	-3.932565	2.507682	1.370273	0.355045
2.525681	0.480900	-0.857640	-2.877145	-0.917828	2.093860	-0.964213	4.520489	-1.114739	-1.672905
4.885646	-1.015558	-2.022170	-0.037515	-0.577882	-0.488632	-0.432063	0.044201	-0.797431	0.704416
1.415311	-0.766052	-2.439778	2.038057	0.313126	0.089944	-0.036616	-1.024381	-2.458203	-0.139392
1.498178	-1.543583	-0.698361	1.668771	-0.489501	-0.338612	1.091728	-0.586858	0.036045	-2.514129
-1.719454	-1.850353	-1.933421	1.814326	0.355437	-0.779702	3.828370	-1.547729	-0.595187	0.750604
-2.381083	-1.403162	0.067242	-0.118478	-0.767259	-2.152724	-0.477192	-3.072793	-0.237301	-1.711093
-1.739209	-0.749811	1.192230	0.208359	-0.370089	-6.160980	0.041543	-4.741451	-2.426796	-3.499620
-1.179030	-0.962200	0.771740	-2.234064	-1.677952	-6.538970	-0.885526	-5.210703	-4.772973	-5.086579
-0.156145	-1.201430	2.522775	-4.959146	-1.628648	-2.629994	1.262201	-6.645946	-5.475932	-3.492069
-2.416454	-1.059203	2.550834	-5.405088	-2.606876	-0.117852	1.120124	-6.572283	-6.015274	-1.675792
-1.354256	-0.749418	1.119716	-4.275391	-3.400334	-0.880344	2.155443	-5.034812	-6.852899	-1.271447
-1.669150	0.315523	0.535022	-3.702455	-2.472424	-0.570472	1.499157	-4.244732	-3.661907	1.248965
1.741164	0.789520	1.626152	-1.687780	-2.665344	-1.043634	-0.291534	0.760055	-2.372598	-1.130957
-0.454811	1.675672	1.630307	-3.483467	-1.953594	-3.870832	-2.833331	2.822852	-0.550275	-2.833113
-0.866675	2.078478	2.468285	-0.998916	-3.449174	-2.362266	-2.577932	4.653057	-0.461835	-3.051603
-1.580128	2.927937	2.392487	-4.085028	-4.180282	-2.843636	-7.480440	3.617071	0.849018	-3.853528
-1.267369	4.003249	0.555214	-4.073003	-4.060819	-2.510242	-2.290453	2.105195	2.153386	-3.490690
-2.609595	3.646912	1.139165	-1.771043	-1.325084	-2.299585	-3.849073	1.120928	3.372668	-1.868887
-1.426708	0.362026	1.424240	-2.878847	-1.146677	-0.325165	-1.268699	0.469870	1.533563	-1.174921
-1.535305	1.169390	-2.950861	-0.975816	-1.712597	-0.614883	-0.184232	-2.856277	0.347070	-2.271491
-0.880786	1.444802	-1.308338	2.718849	-0.044445	-0.751438	2.286928	-3.909114	1.101589	0.687500
-2.930650	1.969963	1.324710	4.683147	-1.302820	-0.043732	2.741681	-3.246141	-0.849380	-0.229447
-0.707296	2.574572	0.810982	3.849978	1.834179	-0.709264	3.116226	-1.942858	0.398562	0.690567
-1.613023	2.283127	2.011578	5.428240	3.902751	2.913665	4.551364	-0.458863	1.896514	2.522842
1.933770	5.228227	2.778298	5.195634	3.779197	3.881055	3.936793	1.016341	1.285375	1.566378
2.040183	3.950172	2.889243	5.356857	4.836317	4.066706	1.259913	3.324057	3.296346	4.789172
1.704118	2.020060	3.052712	6.247310	4.153310	5.371716	0.682025	1.803384	2.615525	2.845526
2.926376	3.738292	1.714606	4.758792	5.674378	4.372886	2.074528	1.773122	1.675811	2.948739
1.658458	3.436465	1.357023	3.027001	2.912520	2.745515	1.150522	2.459571	1.848904	3.310609
1.817364	1.021879	-1.133335	3.274537	2.164436	2.215503	1.315406	0.317931	0.439503	1.674336
0.512395	2.610133	0.870530	3.155398	1.282527	0.965150	2.544080	-0.058398	2.680308	2.520121
-0.015748	0.942025	0.577720	3.517184	1.331492	-2.389046	4.985443	2.635385	2.465118	0.773961
-2.330963	0.078856	-0.599266	3.615493	0.295431	-0.063683	2.423696	0.655080	1.463931	-0.804243
-1.974950	-0.507676	-0.866928	0.691826	-1.405956	1.494936	2.760938	0.701285	1.237248	1.792108
-2.050507	-3.345772	-1.652867	-0.962320	-0.920569	2.852212	-0.566931	0.451202	3.171167	1.338313
-2.725435	-3.619234	-2.028982	-4.039446	-0.293708	2.649144	-3.281211	1.859631	2.354687	-0.066228
0.714368	-5.440661	-3.726373	-2.702252	-2.498172	-1.462967	-4.767004	-1.325129	0.446108	-0.863416
-0.517097	-8.043056	-7.288041	-3.915040	-2.286864	-3.794724	-4.185408	-3.276378	0.275529	-2.979652
-3.447429	-4.239619	-4.130686	-1.434911	-0.994281	-5.299425	-3.412126	-4.314316	-1.158151	-5.512735
-2.292927	-1.869451	-3.151007	-0.976066	-0.315526	-5.340472	-0.816356	-2.281742	-2.738833	-4.282868
-1.333791	-0.330454	-1.862306	3.214794	1.280103	-0.378264	1.240401	-2.217357	-0.451417	-3.410950
0.107781	1.686672	0.724719	3.669367	0.619104	1.808897	1.654544	1.674839	2.653794	0.864218
-1.305810	2.403925	0.298466	5.351953	2.114278	2.147711	4.079473	4.618745	2.419901	2.124336
-1.905764	1.645005	0.398535	3.469149	2.564224	3.805477	3.627087	6.615963	4.607303	2.302701
-0.751879	2.979309	0.439626	1.962456	0.758542	4.997896	3.016488	4.590891	4.789597	2.887715
-1.466255	1.863638	2.157240	4.459471	3.588131	4.149267	1.590273	2.905329	3.546484	3.648776
-1.142790	1.483289	1.574475	5.630693	1.478291	1.882889	2.195542	1.542078	4.746063	4.713184
-0.465685	-2.902037	-1.665369	2.226921	1.534622	2.117661	0.873396	0.673837	2.741932	-0.454762
-3.165037	-2.812244	-0.113191	1.782054	2.987723	-0.442716	-0.419566	-3.345894	1.134590	-1.380564
-0.007846	-5.574831	-2.897392	2.830790	2.561993	0.103156	1.112855	-3.134616	-0.282463	-1.127720
-2.374710	-4.279400	-4.366273	3.036727	2.776433	-1.531622	-0.549741	-4.039328	-2.099029	1.645067
-1.326730	-3.601852	-3.290834	2.237565	2.311240	0.711148	-1.469954	-2.845631	-3.520809	0.361197
0.052396	-2.068089	-1.811375	0.380802	3.133216	-0.394233	-1.614285	-3.230525	-2.671604	-0.693930
2.268469	2.341589	0.864803	0.861637	0.757459	0.260733	-0.093834	0.442089	0.624385	0.390184
2.592890	2.802980	2.881201	3.616067	2.386569	3.595446	-0.007902	2.320512	1.346057	-0.479261
0.265159	2.840282	3.063617	4.379793	1.108945	4.260905	3.038412	5.855642	4.109010	3.992235
0.340079	5.022295	4.212552	3.648011	3.739486	3.194211	5.289206	5.480081	3.387744	3.978270
0.628449	2.179817	4.051804	3.631122	3.375992	2.482262	3.235580	3.728126	5.483758	5.488744
2.791170	3.285047	1.587374	1.451622	2.570662	3.489858	2.797534	3.734478	3.724749	2.209856
-0.446256	1.060784	1.496560	1.584612	3.562294	0.439098	-0.867432	3.269337	1.333517	2.733205
-0.742028	-1.033874	1.490464	-0.816212	2.171289	-2.250718	-1.924120	-3.144698	-0.831639	1.794291
0.327953	0.074171	1.087182	-2.564049	-1.717854	-6.093290	-2.823429	-5.100328	-2.217121	-2.819588
-0.551610	1.987819	0.127917	-2.202003	-0.456237	-6.512320	-3.562460	-2.298952	-5.142330	-4.499631
-0.803416	2.261369	2.177166	-0.748373	-1.126060	0.576992	-4.450113	0.163928	-2.382767	-3.397140
0.393734	1.775717	2.237529	-0.132163	3.222176	3.720245	-1.013589	3.415513	-1.065233	-1.152516
1.706242	1.326264	1.187106	0.570827	4.722070	3.813140	1.814911	4.579001	1.814670	2.164541
1.039510	1.951208	0.012097	2.205295	5.416321	1.652675	-0.510012	4.141593	3.237640	3.198731
-0.879563	1.861348	1.197599	2.106339	3.482328	2.157149	2.631541	3.587487	3.513378	3.841851
-1.077975	-0.718719	-2.544686	3.233858	4.975690	1.480963	-0.702832	1.140484	0.088980	1.901002
-2.834425	-2.703493	-2.150061	2.088950	2.865506	-1.054185	-0.051629	0.416282	1.214346	-1.513418
-3.085812	-0.225276	-3.416625	2.707314	-0.355524	-4.148994	-1.307652	-5.471618	-3.150625	-1.886808
-2.125936	1.235330	-1.363879	-3.114952	-2.512504	-6.746867	-2.444301	-6.266518	-2.816035	-5.456171
-1.748495	2.235325	1.195176	-4.985749	-2.229532	-6.833602	-3.699277	-7.447418	-3.939986	-5.631106
0.491511	3.744006	2.212739	-4.592180	-5.617310	-3.149101	-3.439380	-6.171819	-5.326978	-3.827215
-1.404817	0.273572	1.331910	-5.704345	-3.917941	-2.787865	-0.484310	-4.762820	-6.714413	-2.979598
-0.731977	0.604721	2.380787	-5.447347	-4.761723	-2.544694	1.868531	-2.372424	-5.628993	-0.745456
-0.276569	0.442453	1.123771	-3.189287	-3.615160	-1.353588	1.440244	-2.757730	-3.095520	0.967910
0.872208	-0.498735	1.670859	-3.978166	-4.338552	-2.382249	0.937527	-1.019540	-2.276593	1.132700
-0.618645	0.313556	0.914752	-1.830187	-3.418300	-1.481877	1.036281	2.054547	-1.233216	0.567412
2.817873	1.046424	0.472548	0.036750	-2.447705	-0.628572	-1.004795	2.046929	-2.783390	-0.447854
4.814262	-1.140532	0.732247	1.350342	-2.330070	0.689565	0.580299	2.505906	-1.136815	0.187501
4.155024	0.713886	-0.130552	0.678688	0.777006	0.696833	1.482761	3.209277	1.145106	0.666575
5.744460	0.223376	1.631649	2.183986	2.206719	1.260631	0.556091	1.526741	0.976072	-0.454730
3.833370	0.763538	1.589950	2.918435	2.975970	1.583360	2.284589	1.946498	0.845881	2.106283
2.819056	0.547169	0.872550	0.097033	3.602557	5.241318	1.787954	-0.804954	2.026332	0.936314
0.694718	-0.547233	-0.033152	2.966778	3.862278	2.457704	-0.228514	0.061586	1.037224	0.027361
0.638657	0.593532	1.024442	1.737669	2.936932	3.027519	0.033483	1.880716	3.456254	2.583025
-0.191526	-0.104439	1.524633	3.123205	3.847117	4.440761	-0.836753	1.118135	4.604321	3.164905
1.570469	-0.149147	1.086118	0.955483	2.248932	1.399930	0.203075	-0.606057	3.368924	3.347199
-0.271255	-0.179094	-0.846003	1.157602	5.020076	2.165026	-1.648632	-0.681561	1.137661	1.684806
-1.478099	-1.405682	1.112869	1.441760	4.240746	2.721346	-1.235475	-0.563978	1.373530	1.786327
0.354539	0.030388	0.658632	1.677656	2.358842	0.300592	0.368444	-4.418709	-0.317370	-0.539039
-1.372941	3.052414	3.080686	3.597588	4.896562	0.069062	0.642527	0.895546	0.345559	1.266605
-1.935237	1.468495	4.848029	4.942755	4.584005	1.617356	4.153572	0.805185	3.896516	0.974560
-1.770150	1.770728	3.918461	3.316355	4.451968	3.738372	2.705778	4.603508	5.310998	4.430026
-1.180377	0.435513	3.429179	4.957086	4.053150	1.648111	2.623945	3.085014	3.264405	2.490300
-2.314819	0.425646	1.573084	1.875947	2.457049	0.595672	1.368573	0.704802	3.598335	1.170983
-0.474274	-1.372172	0.131473	2.305037	-1.319635	-1.967546	-2.037340	-3.023129	-0.236815	1.108173
0.761659	-2.550945	-1.122955	-2.123647	-1.619306	-3.609344	-1.464093	-5.279280	-1.441945	-0.549029
-0.436020	-3.764674	-4.106600	-4.071705	-3.898364	-8.879422	-3.820788	-4.983451	-2.521557	-5.781026
2.400790	-0.047360	-0.455964	-3.499840	-3.850611	-6.132981	-0.416425	-2.852644	-4.349253	-4.162717
2.392890	0.840295	1.931251	-3.116953	-3.209949	-4.064021	-0.704905	0.846840	-3.602435	-4.210804
-0.493219	0.136389	1.538645	-1.233145	-4.401379	-0.361043	-0.001728	-1.063498	-1.996004	-3.739687
-0.826336	0.585320	2.084416	-4.236618	-2.709004	-3.019948	1.415706	-2.218161	-2.778962	-2.274066
-1.177261	1.092386	0.357362	-0.499374	-2.597026	-2.724637	3.995094	-3.173150	-3.544810	-2.295044
-1.881692	1.950187	0.762084	-4.909613	-3.598645	-2.078809	-0.233762	0.178336	-4.094451	-0.636019
-1.496830	1.460019	-1.564622	-2.883238	-3.207864	-1.845566	-0.309864	2.200895	-1.679985	-0.402494
-1.548372	3.575882	1.229844	-4.684550	-3.247984	0.234592	-2.179212	3.215426	0.182085	-0.959768
-1.019318	3.192974	1.026880	-3.709150	-3.158808	3.795964	-4.634707	5.774128	2.470758	-1.882943
-3.060468	3.634392	2.283586	-3.366439	0.642263	3.236649	-4.479450	4.543300	3.191832	1.238480
-0.496021	3.904536	1.731859	-1.349720	-0.014473	1.205848	-1.402342	4.333741	5.479705	-0.487398
0.353225	0.573302	-0.025402	-1.714794	-1.461418	3.271258	0.029818	4.087151	4.542977	2.438022
-0.217031	1.509591	1.137702	-1.133261	-1.411874	1.927180	0.793729	4.083628	4.212444	-0.144862
-1.447886	2.380100	1.769569	1.084576	-2.385343	3.654614	2.189889	3.333872	4.395906	2.438750
-0.383742	0.589327	0.887599	0.267517	-0.755326	0.315858	2.762898	0.774281	3.860161	1.801558
-2.250096	-1.309730	0.587088	-0.298941	-3.087626	2.462111	4.585256	0.109655	1.147408	1.616461
0.094452	-0.125172	2.976736	-0.577199	-1.248644	-0.393026	3.733462	-2.402208	-0.476856	1.900057
-1.517997	0.576799	0.886142	-3.368057	-3.354282	-3.724155	2.591115	-5.085008	-2.353633	0.029448
0.592057	0.693982	3.066704	-2.614817	-1.661943	-2.308575	2.036514	-3.912646	-3.722922	-2.167769
4.931016	2.375474	2.471620	-1.345681	-1.557429	-1.003688	1.649060	2.166177	-2.336728	0.241306
4.277779	1.082074	1.886089	-1.424149	3.207060	2.186205	2.000951	3.517959	3.406750	3.774473
3.670949	3.970280	0.744809	1.982376	3.127020	4.144705	4.028786	3.575901	5.533210	1.877231
-0.118776	3.338491	3.196579	4.005394	5.002750	3.494711	2.720565	3.516101	3.850149	1.678679
1.554007	5.397104	4.188497	5.520603	4.640448	2.340922	4.681188	3.907457	4.909267	2.785418
2.005898	1.273219	0.245762	5.502303	4.629712	3.978037	5.897453	0.283171	2.318461	4.730645
1.835397	2.914733	4.592472	5.426992	2.377939	2.088456	4.799460	1.809739	4.246330	2.674062
-0.834894	0.002245	1.042325	2.926268	3.795029	3.022178	2.621108	-2.217938	1.129373	1.653766
-2.546776	-2.738648	-1.355380	3.201631	2.220878	-0.957596	-0.572603	-3.981261	-1.155312	0.606559
-1.322247	-9.014545	-3.623744	-0.327821	-0.632316	-3.685469	-3.463974	-4.831232	-5.500127	-3.086262
-1.149807	-4.973650	-5.399270	-5.966888	-0.207653	-10.188839	-3.966606	-3.554951	-5.330973	-5.740996
-1.060054	0.561636	-4.502959	-3.543372	0.282363	-3.256409	-5.711300	0.802981	-2.288852	-6.264443
-1.405289	0.570512	-0.661912	-1.163774	2.765131	-2.174078	-2.034055	4.246762	2.146635	-1.419805
-1.899511	1.174375	0.359569	0.806805	5.235548	2.638254	-1.530474	4.681394	0.005087	-0.490082
-0.365419	-0.370075	1.376782	3.278764	3.826113	3.620684	0.548445	4.207073	1.755001	1.188526
-0.547713	2.337060	2.043326	1.721001	4.493424	2.586414	2.651799	5.589400	2.639376	1.766518
0.087809	0.454278	-0.158101	0.787017	3.848378	2.909542	-1.289012	4.990774	1.919012	3.967594
-0.492953	-3.329023	-0.325901	1.163309	2.180473	2.150069	-2.476088	2.536893	0.534506	1.000054
0.316701	1.083556	-0.431475	0.989377	0.361908	1.457293	-2.576030	6.401258	1.457456	0.272996
1.386271	0.210314	0.159674	-2.114080	-1.381020	0.873114	-2.158039	3.074367	0.161862	0.029121
0.054060	-0.896552	-3.437953	-3.025563	-1.640812	-0.040769	-3.138916	1.921819	2.292223	-2.041171
2.043966	-0.904742	-1.706160	-0.814274	0.412628	0.092144	-2.958661	2.046514	3.601836	-0.763782
0.473692	-0.707358	-0.428648	2.410088	3.062000	2.609353	0.368526	-0.166149	1.786600	-1.900712
1.211036	1.102798	-0.798418	3.253520	2.994201	3.309258	0.367443	-1.787671	-0.108285	0.510240
-1.451500	1.249725	0.155528	2.900523	3.953429	4.212756	2.876489	-0.806352	2.262978	1.742573
-2.243315	-0.226678	3.126188	1.937095	1.831183	2.480949	2.896365	-5.861394	-0.486312	5.720686
-2.070810	-1.310614	0.732061	0.616736	0.340959	3.298136	2.452070	-4.147896	-3.501156	3.008180
-0.385883	-2.803483	0.717745	-3.812855	1.195056	-1.446584	1.005202	-2.575261	-3.023355	1.724053
-2.327934	-0.704786	-0.315963	-4.910080	-2.145927	-3.419712	-0.448139	0.079213	-1.632610	0.968506
-0.720063	1.969774	1.360038	-5.872639	-3.074294	-3.374247	-3.357853	5.249623	3.288777	-1.077761
-0.830869	2.191896	1.906345	-4.815232	-2.498345	2.959310	-1.447442	4.648170	3.390104	-0.665050
-1.057851	1.262380	0.280356	-3.418860	-3.791684	1.444659	0.257495	2.964553	3.365672	0.048941
-2.223610	0.649523	2.370770	-1.670725	0.682588	3.723199	1.359356	1.222071	2.136978	1.721710
2.346756	1.940224	4.589886	0.507374	2.591770	2.620030	1.900142	0.621123	0.840221	1.562358
-0.930854	-0.130317	2.036000	4.364935	3.080658	2.967051	1.082650	-3.254890	0.220301	2.397484
-0.367738	-1.294303	1.585313	3.166858	5.111852	1.865662	1.759881	-2.977970	-0.543684	1.983088
0.442703	-3.614533	0.003123	1.718942	3.643848	0.279363	-1.847367	-1.850217	-2.011135	0.056271
-0.638130	-3.825111	-2.937673	-0.479213	2.467546	-1.814647	-4.124793	-5.357032	-2.791553	-3.093669
0.025464	-6.717836	-6.763876	-1.496507	-0.782457	-4.895868	-2.169098	-2.681215	-3.658139	-4.996931
1.161784	-6.410011	-6.616887	-1.537343	-0.523563	-10.181600	-4.620084	-3.206367	-4.162494	-6.407215
0.555032	-1.992336	-4.745708	-3.606019	-2.189674	-6.734345	-2.849350	-2.455187	-3.820519	-7.422722
1.844707	-1.712612	-4.018041	-2.996437	-1.126291	-3.325301	-2.735697	-2.216477	-1.997415	-4.337351
2.487411	-1.813340	-4.274686	-1.317197	-3.808716	0.544531	-3.500427	-3.473037	-1.449583	-0.910603
-0.553558	-3.092423	-2.317546	-2.688399	-0.766052	-1.923850	-2.424439	-4.583567	-2.385424	-2.383477
-2.287098	-1.059959	-2.209923	0.152555	-3.367300	-3.067744	-4.510334	-3.754268	-4.875839	-3.296474
-0.478009	-3.626552	-2.462617	-2.321633	-3.652162	-5.899652	-3.140813	-6.855740	-3.742729	-6.248593
0.019110	-4.775101	-0.100930	-2.617366	-4.120139	-8.818673	-3.818076	-2.757683	-1.783994	-8.306435
-2.524043	-7.256608	-3.126163	-4.813443	-2.754335	-8.140107	-1.644024	-4.244098	-3.789435	-6.888000
-2.082765	-1.692674	-2.873319	-3.457564	-2.987549	-6.732956	-0.642158	-5.485285	-3.818854	-8.452187
-2.817957	-2.010999	-0.499899	-3.192030	-4.613185	-5.851619	-0.802479	-2.117044	-5.067050	-7.030297
-1.427619	2.149014	2.498097	-2.901642	-3.912444	-4.294396	3.671414	-3.088076	-3.561726	-3.018729
-2.915650	1.049967	3.561566	-0.240799	-4.551628	-2.859388	2.482920	-5.246880	-4.791280	-1.287884
-0.779350	-0.346643	2.056607	-2.735202	-0.421838	1.663904	1.642537	-4.171357	-5.797815	0.196739
-1.247919	-2.392116	3.333218	-2.946451	-1.950076	0.824382	4.098166	-5.481908	-2.806130	1.255940
-2.325957	-0.586953	0.074699	-2.901147	-1.675844	1.925544	2.255405	-5.587231	-4.606127	0.015619
0.656837	0.541745	-1.357352	0.071711	0.198456	1.672091	1.643255	-1.020428	-3.557105	-1.290924
3.045862	1.255777	0.017163	-1.523278	-1.180877	-0.487578	3.956315	-0.415298	-0.144666	1.182612
3.179620	0.681143	0.622743	-0.015313	-1.300744	0.159338	2.879984	-0.375542	-1.618011	1.164426
1.598909	1.778242	1.506587	1.583004	1.417252	-2.831463	5.092761	-0.942360	-0.793638	0.441618
0.904231	1.948674	2.341094	2.452673	2.946810	0.677720	4.294246	-0.739451	0.219950	0.989389
-1.299015	1.895437	3.208261	0.898796	3.056629	3.139787	2.252539	-1.079916	-0.769546	2.009240
-1.546928	3.621830	2.685888	3.308771	3.167006	1.795137	3.747238	-1.949954	0.160773	2.178069
-0.915109	4.419755	1.223074	2.618398	2.492042	1.344471	3.773644	-0.688266	-0.046694	0.912279
-1.947357	2.533509	1.504318	1.591578	2.416533	1.308889	0.404456	-0.227052	-1.346446	2.872568
-0.245372	0.786592	3.034017	5.944010	0.204379	1.496289	0.268074	0.230189	1.459716	5.848337
4.461646	3.171404	1.696271	4.800194	4.528977	3.838573	3.121196	1.733556	1.918192	1.443786
2.825497	1.214045	1.491279	5.057231	3.544928	2.354640	0.684222	2.076750	1.928181	3.780317
3.853481	-0.603587	0.306939	2.626720	0.349529	2.299890	2.423053	3.475572	1.513284	4.034628
4.612799	1.576609	0.964850	3.704361	2.761979	0.792624	-0.169614	2.322120	0.388299	2.878821
4.046149	0.260431	-2.381888	4.488155	3.275776	0.363740	-0.578977	0.923995	2.470427	1.537895
2.096133	-1.539920	0.841922	1.993701	2.087120	1.813539	1.651761	0.778398	-0.185432	0.519251
-0.771551	-3.924744	-3.556819	-0.685300	-0.884991	1.065022	-0.663798	0.730629	-0.913179	-3.370210
-0.115201	-5.367743	-3.787313	-0.543448	-0.283358	1.311587	-0.394556	-4.276912	-3.419413	-2.982589
-1.973317	-5.551116	-5.556962	-2.134244	-2.207582	-1.934264	-2.948013	-5.322725	-3.918135	-2.628584
-2.545301	-4.218063	-3.639266	-4.277586	-1.611165	-2.464932	-1.285569	-2.205509	-2.961944	-2.566495
0.469749	-1.382185	-6.446227	-2.553176	-3.202808	-2.556617	-2.274725	-0.448964	-2.546141	-2.307323
1.783132	1.065217	-2.239744	-2.906612	-3.744612	-1.945319	-2.668382	2.975410	0.050674	-4.014966
2.350248	-0.835955	-0.587920	0.772305	-3.481277	0.363562	-1.461539	3.967714	2.861202	-0.085624
2.079597	0.189997	-0.781955	0.599377	-1.664206	2.964627	-0.248298	1.440349	2.768742	1.234803
3.384779	0.852174	-0.306650	1.488002	-1.244698	2.729475	-0.471158	2.030414	1.055495	0.020316
2.842194	-0.561825	-0.342006	1.555181	-1.509655	2.744606	0.065579	1.740610	1.637860	0.923616
4.561542	0.132801	-0.368924	1.673915	0.306421	-0.122279	0.827414	-1.688263	-0.444661	1.547202
4.586622	0.338551	-2.970204	2.661503	-1.986369	0.221620	-0.028753	0.085197	-0.380669	0.740776
5.205736	-1.440275	-1.020849	2.798547	0.414873	-0.498197	-0.378724	0.927189	-0.192764	1.163737
4.819981	1.597624	-0.933058	1.953746	1.299446	0.974970	-0.383499	1.510614	0.639855	0.946688
5.040159	0.542247	-0.116332	3.966601	-0.739550	3.055521	0.454723	3.615273	0.566488	0.054927
5.154869	1.804395	3.175529	3.147112	-0.084217	0.138357	0.689840	2.485167	-0.156965	1.274255
3.834312	3.823668	4.037922	3.503779	-0.455955	-0.740023	0.715952	1.921895	2.833897	0.298574
1.056086	0.846965	5.517048	3.493903	0.522736	3.084182	2.177459	1.626459	2.095773	1.407183
2.261492	0.485788	1.433905	3.664684	-1.130247	2.341372	-0.029339	0.498659	0.265266	0.463183
0.855230	0.030935	0.980994	-0.879478	-3.062702	-2.828654	-1.035343	-3.061904	-0.709626	-0.385725
-0.119701	1.872608	1.032313	-3.010881	-1.657832	-2.515993	-0.080153	-4.516030	-2.210102	-2.088140
-1.307601	0.232906	1.817363	-4.953726	-2.377936	-0.030247	-0.893769	-1.352217	-2.419761	0.070438
-2.661269	2.244031	0.078341	-5.262112	-2.845215	2.672484	-2.336892	-1.707965	-0.281202	-1.311791
-0.811207	0.133581	1.281448	-5.859739	-1.897870	2.071402	-2.163822	-1.589473	1.136474	1.605174
-2.663514	-0.385242	1.752083	-2.724907	0.872299	2.727306	-0.811759	-0.614641	0.161368	2.413935
-2.051591	-1.863938	0.939746	-3.083914	-0.635908	2.534397	2.545396	0.461032	-2.863318	3.264491
-0.952138	-0.021307	-0.867464	-2.385261	-1.671293	2.038375	1.389243	0.976648	-0.633885	5.418043
-1.193354	-3.512248	1.147052	-1.016746	-2.318655	2.036940	1.495982	0.886906	-1.602332	4.220592
-0.025341	-4.846762	-2.292106	-1.517770	-0.886996	1.400293	1.261013	-0.745991	-2.929457	3.271938
-1.238199	-6.805647	-3.365238	-2.019231	-1.214914	-0.087366	-0.987065	-2.862044	-4.477061	0.153182
-1.435827	-6.997503	-7.487645	-4.319930	-2.550811	-2.557637	-1.887152	-4.700752	-1.917943	-0.186174
-1.887327	-4.246330	-5.399927	-2.919466	-3.149187	-3.665820	-3.777348	-3.962613	-1.427302	-0.262931
0.919803	-3.065827	-5.692485	0.544962	0.022958	-2.546913	-1.531954	-1.705727	-2.455237	0.277311
-0.981040	-1.399193	-4.432518	-1.395746	-0.563277	0.700083	-3.963869	1.906708	-1.251248	2.283655
-2.107354	0.382271	-2.173329	-3.637489	-3.540291	2.668268	-2.787094	4.349391	-1.651233	1.851801
-0.405740	0.522467	-2.429215	-2.327867	-1.657785	1.618243	-0.961929	2.854625	-0.821993	2.010848
-1.376199	-0.541305	-0.744479	-3.183979	-1.078558	3.026410	0.198126	2.694410	0.494675	1.329699
-3.190930	1.638756	2.380380	-3.569524	-3.735412	0.729066	-1.967030	0.991146	3.122071	-0.049147
-2.006434	2.993650	2.516361	-2.031902	-1.405245	-1.511885	0.212403	0.008436	2.890895	0.345812
-1.279712	3.159777	3.080865	0.233487	-1.635759	-1.804845	-0.377175	-0.771620	3.421149	-1.628224
-0.749164	3.406040	4.759191	2.344545	-0.739752	2.288687	0.178637	2.592379	2.503434	1.755746
0.815911	2.433038	6.392638	2.930671	2.005674	3.250211	0.472237	2.226534	5.078550	1.603922
-0.690988	1.735571	3.176207	2.910067	0.125321	4.532529	1.447226	2.376946	5.933498	4.967805
-1.172762	-0.062458	-0.456502	3.291633	1.052188	2.723541	0.037203	3.260516	5.344180	5.647597
-1.023411	-4.431850	-2.315890	1.308470	-3.108525	4.907646	-2.068132	2.774745	2.651296	3.416597
-2.133135	-5.399204	-5.434657	-4.577722	-2.360217	0.853746	-3.111479	0.179034	3.550648	1.144207
-0.833735	-2.181419	-5.175402	-1.969843	-2.382589	-1.104759	-4.173137	-3.022615	-2.691064	-1.832773
-0.640410	-0.581995	-3.923627	-3.758290	-3.833340	-4.664069	-1.649608	-4.669802	-5.408439	-5.265742
-1.257862	1.337070	-0.724131	-4.417665	-3.208369	-9.092282	-3.371991	-6.145825	-5.887575	-7.204800
-2.211289	-1.471023	-1.247213	-3.441966	-3.222578	-10.385999	-1.890287	-4.830584	-6.545372	-7.058045
0.013506	-3.970075	-2.466475	-1.839993	-3.419164	-11.186319	-2.381595	-3.324178	-6.702328	-9.663577
0.054024	-6.094984	-5.386616	-3.546544	-2.494229	-7.494141	-2.622716	-4.146604	-5.261642	-5.447494
0.424465	-5.251349	-5.313136	-2.100220	-1.976471	-5.011366	-1.959150	-2.498763	-3.359314	-3.987898
-0.702872	-1.328069	-4.529836	-1.574320	-2.086490	-3.972091	-2.142497	0.261247	-3.480441	-5.207285
1.384913	-0.605844	-1.146714	-1.594643	-2.137686	-2.825817	-2.764157	3.154728	-0.923623	-3.741257
3.852619	1.702728	3.146828	-2.030489	-2.524658	-0.537543	-1.098130	3.579279	0.282640	-2.009812
0.945547	-0.759754	0.998092	-2.163856	0.129293	-0.355669	-0.368616	0.455903	-0.710649	-0.728449
0.157996	-1.544187	0.618277	-2.094345	-1.728830	-2.957494	0.595584	-0.414999	-1.479789	-1.849168
0.503065	-4.355471	-1.497318	-1.464354	0.772271	-2.844917	-1.700229	-2.787727	-1.422880	-2.718167
0.383655	-2.526806	-2.837291	1.768716	1.711198	-1.493737	-0.169356	-2.321480	-2.056419	-3.490847
-1.893236	-1.724589	-2.362742	1.987468	2.419052	-1.816955	0.857604	0.915645	-2.330907	-1.446006
0.677294	1.438679	-0.957072	1.374900	2.709132	-0.345370	0.156750	1.607148	-0.032242	0.843256
-1.193458	3.113000	-0.774881	3.267414	3.786940	2.694520	0.990283	4.998529	2.686278	-0.645259
-0.527190	1.999674	2.585733	4.531910	3.616776	1.945714	2.270101	1.177792	3.433254	2.877148
-0.727004	4.188803	1.622568	4.853890	4.077440	2.327414	1.436706	1.234035	3.060786	0.488878
-2.267600	0.434687	0.251226	3.242053	1.929734	2.768520	2.571297	-1.232939	0.493677	1.098433
1.545723	1.055827	1.801306	2.770300	1.580959	2.135332	0.594373	-1.725629	-1.820374	-0.715487
3.303063	4.333425	1.128708	0.406532	-0.987786	2.487052	1.414536	2.220866	0.265837	1.487519
3.899021	2.511781	4.048633	1.231749	-0.158299	3.963880	-0.471715	3.403947	1.618909	1.499751
3.971096	2.883697	0.526481	-0.303448	-0.890380	3.549417	-0.103481	4.272815	5.376344	2.703010
1.805587	-1.320428	-0.872347	-2.793558	-1.398827	3.940763	-0.783461	3.155771	4.822943	1.567997
0.221896	-2.491391	-2.278953	-1.263581	-2.790841	-1.512381	-1.968155	-0.835484	2.923308	-0.695587
2.218420	-3.645893	-4.438834	-4.123417	-0.674319	-4.316614	-0.986263	-2.143648	-1.650760	-1.914142
-0.306040	-2.900031	-3.770192	-4.060764	-1.613962	-6.442336	0.961914	-1.562020	-0.579461	-3.073667
-1.235784	-4.691905	-2.616125	-1.549723	-3.020068	-5.767945	0.234977	-3.687500	-5.465992	-4.396061
-0.583812	-5.317515	-3.355734	-1.658592	-1.876337	-4.839242	0.206425	-4.211686	-3.420953	-4.380124
-0.933926	-1.051359	-2.359519	0.789628	0.111632	-0.182825	-2.433141	-3.824976	-0.584942	0.320245
-1.717824	-0.144936	-0.284678	4.050139	-1.952959	1.300507	1.179079	-1.571671	-1.805658	0.568847
-3.283509	0.279055	0.507288	2.089940	2.212391	0.581653	1.048384	-0.035569	-0.249900	2.871682
-1.471478	3.074914	-0.113220	3.793633	2.644181	2.700415	1.329774	1.335132	3.065333	2.337452
-1.452734	2.053243	1.177497	4.721517	2.866413	2.754694	2.710750	3.264032	4.585144	4.186656
-2.530676	3.118542	1.613741	5.629294	2.215789	4.037490	2.453412	4.646132	3.822832	4.614296
-1.351505	1.572013	0.683110	3.417664	0.600508	1.112504	3.110758	5.214834	4.380799	2.642672
-0.878520	3.409556	1.523807	6.257627	1.474773	2.574636	3.096590	3.477138	3.823547	3.709484
-1.434522	-1.198227	2.069931	2.317383	0.707284	3.819689	0.415507	1.946546	5.105976	2.454234
-2.315011	1.721563	1.956882	3.378334	1.765642	1.810861	3.547010	0.406058	2.637488	2.605022
-2.766888	0.133828	0.029861	4.435279	0.443448	0.208954	3.390198	-1.401024	0.579384	4.346149
-2.928053	-1.088230	2.264268	4.240019	1.550804	4.353470	0.744771	-1.064900	0.576066	1.971015
0.582595	1.531588	-1.127897	4.160554	1.204609	2.458907	2.706029	-1.397168	-0.797266	2.237421
0.897955	1.672583	2.584467	2.279185	2.109466	1.829168	0.725572	2.285173	1.848689	0.191368
1.198827	2.475357	0.912159	1.518912	0.311876	2.092654	1.012500	0.720923	-0.228467	1.882555
-0.057690	2.235711	-0.995919	0.401136	-0.793961	0.757064	0.139314	-0.799416	-1.662332	2.536485
0.791904	0.189044	0.986533	0.456256	-0.609343	1.819099	0.434013	-0.312944	-1.139206	1.465857
-1.005590	2.111759	1.648014	-2.459126	-1.077470	-0.716439	-0.065804	0.740041	-0.005088	2.822571
-2.004074	2.667655	4.112925	-4.813111	-3.004440	1.241250	0.711965	0.752839	0.097623	1.740730
1.165854	1.251934	3.304067	-4.310398	-3.534952	-0.774932	3.428019	-1.245549	0.801329	2.016932
-1.520408	2.654097	3.182640	-3.137286	-1.059705	-0.174787	3.991858	0.284779	0.602431	1.246380
0.949341	3.533243	2.037444	2.375123	-1.543298	0.758489	4.562781	1.495322	1.548430	0.608872
0.998900	2.803574	0.406179	1.045832	0.473571	-1.161905	2.310090	-1.849917	0.184627	0.257610
0.506769	1.160291	-0.326254	1.011639	-0.128198	-1.115468	0.861083	-1.429239	-0.107676	0.454495
-1.107851	1.243394	-0.347555	0.594145	1.856596	1.139201	-1.039539	-3.241441	-1.407080	-2.261273
-0.797262	1.196385	-1.928624	-0.442649	0.383255	0.606002	-1.343076	-0.136925	-3.591782	1.540306
-1.707163	-0.976837	-1.517060	-0.841543	0.558580	2.527037	-2.276828	1.527812	-1.713182	1.764933
-1.557054	-1.790671	-2.279764	-1.627738	-1.723728	1.816707	-2.580596	1.541471	-0.332978	3.191808
-2.029735	-0.753815	-0.836134	-3.592533	-1.867868	0.624211	-3.770579	3.474251	-1.255070	0.753033
-3.017407	1.531330	0.169429	-5.253027	-3.054739	0.955251	-1.250477	4.283654	0.203744	1.172007
-1.601669	2.209966	1.213826	-2.429522	-3.715039	-0.631572	1.288609	1.469281	-0.572535	-1.837570
-1.202622	0.968393	1.808856	-2.403115	-3.181968	-1.949257	2.188980	-0.798769	1.166393	-1.723395
0.118234	1.775412	-0.666079	-2.427008	-2.663525	-3.421004	1.719635	-1.370693	-1.303171	-3.216970
-1.109501	-0.560577	1.583520	0.773899	2.127193	-2.255512	1.348075	-2.930391	-2.225124	-3.447193
-2.526326	-0.138174	0.894053	0.793907	3.843685	0.409319	2.312199	-1.937163	-1.146268	-0.849064
0.205957	-0.113277	0.082722	2.208316	6.768653	1.158692	-0.021293	0.611592	0.752901	-0.358483
-0.094150	1.939014	-0.010175	4.779726	5.164799	2.199705	1.549900	2.959075	0.191881	0.435251
2.086352	4.365899	1.321264	1.532737	4.339122	3.171561	-1.046624	4.614886	1.699575	0.910539
-1.308038	2.293179	0.563538	-0.126251	1.872025	0.747060	-0.957563	3.511526	1.803283	0.977879
2.061782	2.121354	3.287148	-1.483738	-1.794791	-3.408097	-2.319518	0.773596	-0.709293	-0.327925
2.723610	2.364125	0.518493	1.280875	-0.313526	-2.394110	-1.855089	0.637996	0.587646	-1.974976
5.773947	3.058292	2.434275	0.109190	-1.202878	-2.755777	-1.402776	0.518027	-0.596198	-0.115471
2.735793	3.328856	2.997893	1.040605	-1.349246	0.819002	-1.309880	0.869990	-0.564924	2.005188
2.172348	0.535617	1.548947	1.575721	-1.590230	-0.535573	-2.093599	-0.850316	-1.918232	-0.337796
1.325112	-0.129325	1.016337	-1.633762	-2.499528	-1.958099	-0.551135	-3.334189	-1.528921	-0.805924
-2.648215	-5.123669	-3.061835	-2.645645	-2.210038	-5.420278	-3.074088	-3.560829	-4.711589	-2.353596
-2.160434	-8.977715	-5.192771	-3.778127	-1.824861	-6.867607	-2.486656	-2.605135	-2.305437	-4.607911
-2.758643	-6.477562	-8.666471	-3.139409	-0.599694	-2.996486	-4.416542	-1.559608	-2.355663	-2.352969
-0.004544	-4.372111	-4.111033	1.093909	2.155362	0.266386	-1.348544	-2.686646	-2.160067	0.237831
-1.266736	-4.623262	-4.310858	1.352427	1.935810	3.159809	-0.574263	-3.981449	-1.860948	0.144988
-1.516219	-3.729812	-3.191246	-0.720656	0.708550	0.265785	0.623802	-2.660117	-1.855005	2.490904
0.287208	-0.870064	-1.764797	0.151462	0.601184	-1.076187	0.466849	-1.196850	-1.214137	-0.015322
1.662543	0.688384	-0.037911	0.391278	0.246811	-1.584405	-0.856521	0.859754	-2.079745	-1.863388
4.934188	1.747632	1.247412	1.344294	0.488434	-1.670668	-1.308808	0.177294	-1.128527	-2.612396
1.193741	-1.457621	1.873973	-0.626892	-2.257447	-1.828377	-3.047412	0.264671	1.088717	-4.412444
0.564304	0.485627	2.845972	-0.113779	-0.634931	-0.873029	-1.873933	-1.369814	-3.656113	-2.862532
-1.121023	-0.016426	1.382907	0.052332	2.383783	0.206375	0.179328	-2.088063	-2.388414	-1.393661
2.844758	2.054122	2.958780	1.423441	3.053196	0.850337	-0.008029	-0.520174	0.254012	1.866371
3.753349	0.607271	2.690690	2.855647	4.911409	2.330557	3.433797	2.083454	0.415867	1.939564
4.392050	2.868519	3.421738	4.419350	4.611223	5.003135	4.977005	2.462319	3.183050	6.014417
3.299961	2.802668	2.858023	6.237351	4.983438	5.789973	3.613595	4.488023	3.545663	2.908531
4.388381	2.077317	2.317245	4.143047	3.998557	5.976371	2.534367	6.351666	4.612006	3.595207
3.959511	1.532766	2.073304	3.333440	2.688378	2.987930	-0.476279	6.536548	7.928580	4.240344
2.684451	2.076516	3.263400	2.167828	2.378704	2.371851	0.096556	7.343169	5.313184	6.106943
3.572802	2.552066	0.205434	1.736111	0.859236	2.287534	0.761573	4.000729	5.218219	2.455904
0.330262	-0.820984	-0.118096	1.677788	0.677573	-0.762121	0.066071	0.678329	3.709986	1.118027
-1.734667	0.996965	2.016611	-0.760840	-0.478383	-2.056412	-1.115849	-4.245732	0.439185	-3.086088
-4.315286	-0.403185	-1.734246	-4.197175	-2.244231	-6.262538	-2.315888	-4.923453	-1.398784	-5.220040
-0.450394	2.565764	-0.977865	-1.976716	-2.199772	-8.075600	-1.314646	-1.346235	-0.170620	-7.510529
-1.637592	1.292513	0.321951	-4.906466	-1.388503	-1.889997	-1.692124	2.082424	2.585577	-4.845956
-1.169778	3.002061	0.142604	-4.432123	-3.063824	1.940873	-4.259220	3.460722	2.504507	-1.461719
-1.427354	2.725108	0.646492	-4.040988	-3.645034	1.644109	-1.696436	4.312161	6.027370	-0.713919
-2.619219	2.952253	1.137817	-1.439363	0.074066	1.871313	-2.138872	5.552139	4.770267	0.561744
-1.519772	1.235698	1.733977	-0.594948	1.073779	2.975984	-0.875727	3.890258	4.465798	1.534270
0.153286	0.010440	-1.550428	1.367656	3.264804	1.315524	0.264898	1.807016	5.251663	2.070060
-1.002244	-1.867620	-0.241297	2.232950	2.377542	2.809733	-0.643397	0.463915	0.396562	0.548714
1.759137	-0.534582	0.003769	2.479932	3.434694	3.112711	0.777687	-1.691047	0.945695	1.206831
3.488631	2.884753	0.068369	6.039301	2.578761	2.630660	0.713852	1.375232	1.188063	2.413213
1.465036	1.371984	0.802003	4.035458	2.163743	5.973980	2.211296	2.540550	1.325966	2.348858
2.985453	-0.907188	0.067772	5.118900	0.389140	3.542270	2.147019	-0.102292	0.764803	5.394668
0.176383	-3.207864	-1.356125	2.819628	-1.101647	1.636533	-0.044078	-2.335994	-1.164125	4.893141
0.318626	-4.632245	-4.458289	-1.155259	-2.448117	0.222468	-0.881296	-3.781056	-2.895618	2.612179
0.067081	-5.314030	-4.048019	-2.116663	-3.641370	-1.050625	-2.798136	-4.151080	-3.994276	-0.943819
-0.048252	-5.729721	-5.017217	-4.124083	-2.544305	-5.704544	-1.857396	-2.880664	-3.049299	-3.033252
-0.607671	-5.172418	-5.150782	-3.782421	-0.897622	-7.626289	-2.641478	-2.830508	-3.925488	-8.354822
-2.677677	-3.103422	-6.257215	-3.655078	-3.472620	-6.454960	-1.388382	-1.945014	-2.064542	-8.469527
-2.141969	-1.735433	-4.718415	-4.193253	-2.788100	-0.722556	-0.920807	0.440019	1.642339	-4.615367
-1.699148	-0.286751	-1.633285	-3.369049	-1.577760	-0.200176	-3.224654	1.940490	2.814654	-1.305243
-1.622313	1.293523	-0.690023	-2.298166	-1.889800	1.723178	-1.406323	3.357100	3.655004	-0.233555
-3.042765	0.574887	1.565570	-4.735304	-4.011720	0.959609	-2.599614	2.993248	3.859288	-0.585203
-1.540502	-1.528858	-0.661508	-3.765465	-1.700420	2.012817	-1.670228	4.362034	4.888807	-0.800586
0.439175	1.074888	0.852045	-3.793350	-3.795499	1.584001	-1.737864	2.808958	3.057459	1.847395
2.978066	1.912522	0.688528	0.392540	-1.853857	2.431262	-2.010523	3.426019	3.059245	2.486341
-0.910228	1.053645	0.349839	-0.992594	-0.506893	3.549702	1.464396	2.844417	0.130065	2.466851
-0.186907	1.218556	0.411380	-2.770255	-0.782808	4.026419	2.502091	-0.082948	-0.937981	2.592425
-0.025572	-0.823947	-1.479652	-2.249444	-1.659701	1.890715	-0.859736	-4.914277	-3.872994	3.836663
0.036579	1.191638	-0.582256	-3.035060	-2.676971	0.729289	-1.280087	-7.513869	-5.088175	3.890166
-0.587355	1.281808	-0.944932	-4.478506	-2.960420	-0.679357	-1.941161	-7.390326	-5.692723	0.634532
-1.189673	-1.338337	-2.590482	-3.245882	-0.748646	-0.841224	-2.839159	-5.286847	-6.646238	-0.286438
2.011524	-1.832598	-1.381005	-1.389089	-1.651549	0.328588	-1.478081	-2.256033	-3.245522	-3.054744
3.055038	-0.283676	-3.143302	-1.973728	0.529370	0.815581	-2.156826	-2.056784	-3.569874	-1.740686
3.629267	0.844129	-1.659974	1.387499	-1.300288	1.819554	0.566704	1.792700	-1.744794	-1.408664
3.083012	1.571616	1.131279	4.175593	1.699677	2.875007	3.193511	2.865617	2.134916	1.523221
1.629974	3.124183	2.575756	4.470851	0.968266	3.272641	3.135293	4.537569	4.058057	2.439469
0.139753	2.679431	4.237858	4.321872	2.815177	3.306856	3.681151	5.037553	5.193128	3.257181
1.559448	1.800957	3.680182	3.853057	1.314611	3.721553	2.123484	2.723971	2.457329	1.094055
-0.224240	-1.060838	2.220730	4.488203	3.569569	0.325031	2.076392	1.670621	1.198359	0.444393
-0.489911	-1.051456	-0.937300	1.795009	1.631849	-0.905910	0.319976	0.753603	2.127317	-1.199506
-1.586464	0.396103	-0.873609	4.456075	0.741253	0.253431	1.088234	1.111716	3.350704	-0.449743
-3.205200	1.324737	0.557204	4.334699	3.336879	2.337754	1.120768	0.344661	4.707419	3.501482
-2.408318	2.617146	1.323838	2.679080	3.874929	2.802960	2.404876	2.399337	2.788560	3.339870
-1.352619	0.409329	0.614991	4.707518	4.341801	2.654247	1.242159	0.332743	1.374029	3.200120
-2.862401	-1.215516	-0.598736	1.984310	3.091796	2.723117	1.435716	-1.412521	1.428124	3.394631
-1.278665	-0.400388	-2.388143	1.508057	3.910214	2.545769	-0.060753	-3.458855	-2.204256	3.083205
-1.028711	-1.136590	-0.688033	1.212456	1.663154	0.483504	-0.949747	-0.923561	-2.045711	1.270739
0.072861	-2.241923	-0.471504	0.702506	3.130416	-0.927378	1.130033	-4.000738	-1.639341	0.347635
-1.270747	-1.911686	-2.194358	-0.754293	4.398300	2.103322	0.356888	-1.442787	-1.160448	-0.732008
-2.305937	0.886319	-2.052495	2.984858	3.153407	-1.662095	2.452316	-0.966009	-2.453531	-0.419690
0.207692	-0.581610	0.067184	2.189256	1.929134	2.135670	2.704917	-0.598004	-2.547092	0.894688
-0.692260	-1.797773	0.486579	-0.510498	5.118883	-0.138181	3.202493	-1.851172	-1.479831	0.926826
-1.927792	-2.449971	2.138288	-0.964407	1.637653	-0.049950	2.659742	-4.246013	-2.228349	1.281424
-0.874305	-2.444405	1.268012	-3.048671	-0.465056	-3.855836	4.125065	-4.697030	-3.300146	0.362482
-1.216298	-5.619876	-1.220149	-2.326492	-2.727744	-3.575240	4.603461	-3.939021	-2.416224	-1.151601
-0.780771	-3.881486	-1.232198	-3.195570	-2.859513	-6.692460	0.592831	-5.615787	-4.023682	-1.806125
-2.197424	-4.575435	-2.681634	-4.702007	-3.636262	-5.161998	-0.112027	-3.046130	-5.792622	-1.679690
-0.953257	-2.594224	-2.556357	-4.703805	-3.615591	-5.223854	-2.783911	-3.391748	-5.428445	-3.901197
-0.369869	-3.714555	-4.156769	-4.308763	-1.643002	-0.683327	-3.577121	-3.915544	-3.558650	-0.408746
-2.172961	-3.064228	-5.136670	-1.511684	0.946407	-0.885518	-2.732159	-2.818217	-3.585739	1.316763
-1.636333	-1.532245	-2.686360	-1.538069	0.280633	1.083573	-2.351224	-2.728068	-3.298213	2.447730
-2.908583	-2.699906	-3.938941	-1.914819	-0.984223	-0.660853	-0.564016	-2.077597	-3.249072	0.612653
-0.675613	-1.243413	-2.863112	-2.235435	-0.325861	2.378102	-0.147435	-1.064005	-3.436518	1.601533
3.018979	1.853833	-0.726674	0.105582	-1.424483	1.261339	-0.792181	4.580307	-0.433450	0.310570
3.712491	1.697432	0.772672	-2.402169	-1.390988	3.007057	-1.508355	4.456940	1.008930	1.575163
3.431826	-0.093419	2.083225	-0.569290	-0.825178	1.732357	2.421644	5.628192	1.940121	0.439111
-1.262118	2.245981	1.718586	-1.405582	-3.127852	0.269838	3.069716	2.904864	2.226323	1.091614
0.137360	0.782530	1.359254	-2.910646	-2.114211	-1.164300	-0.322039	3.929154	-0.652465	0.140872
0.480459	-0.822974	1.341927	-1.227483	-1.516056	-5.387757	-1.212322	1.477162	-0.370844	-1.925916
0.700781	-0.240830	-1.146894	-1.935895	-2.110788	-5.771734	-3.030533	1.141188	-1.827415	-3.294849
1.102725	0.176059	1.141990	-3.464282	-0.990306	-4.344931	-0.661970	-1.660568	-0.452279	-2.707529
2.286791	2.310993	0.955478	-1.815846	-2.094112	-2.989248	-1.490336	-2.276008	-2.817537	-3.502956
-0.754820	1.341871	2.978571	-1.320589	-2.867806	-3.196886	-3.720428	-2.748132	-0.895089	-3.690131
-1.519908	-1.496509	1.671366	-3.590010	-1.763489	-3.927444	-2.280749	-2.337140	-2.865436	-4.538053
0.432127	0.314953	2.182265	-2.407112	-1.667361	-2.489323	-4.069596	-0.754832	-1.606680	-4.237523
0.297384	-0.922545	3.071966	-3.216996	-3.537424	-2.118624	-1.818172	-0.188209	-0.385320	-4.013043
2.004965	0.595897	2.337969	-1.703762	-3.092877	0.206353	-2.480474	1.524528	2.481241	0.700589
-0.296631	3.055777	1.339974	-0.099812	-2.349322	-0.193692	-3.088604	1.722779	1.337504	0.324871
0.670497	1.977694	1.578579	-0.471147	-2.653958	-0.383060	-0.504462	-0.834857	1.842167	-1.869297
0.315748	3.430348	1.059685	2.129431	0.025612	-1.877851	-1.105947	0.294621	2.086929	-2.286016
-1.255877	1.855936	2.342891	4.668322	1.719489	0.621235	-1.865160	0.633512	2.373590	0.165313
-0.269978	4.040860	2.912296	3.458624	1.217372	3.465197	3.651801	3.805015	3.417748	0.560891
1.630545	5.330816	3.145001	5.101437	2.561759	3.022935	3.417533	5.923730	4.410203	3.346817
4.432893	3.952204	1.546804	4.913658	3.561051	4.510447	4.104539	3.607056	5.502553	3.832490
4.023165	1.480324	3.582205	2.098588	2.715946	4.361635	3.598717	4.258894	3.654199	4.564610
3.686361	1.843473	1.413305	0.630824	1.345744	3.101897	1.627668	5.376343	5.148238	1.888576
0.429283	1.496552	0.431801	-1.090634	-0.724656	0.798932	0.938192	3.085002	4.111171	0.714187
-0.507071	-3.390541	-4.227005	-4.359187	-3.317856	-3.118359	-0.639711	4.208671	1.250995	-1.162657
-0.845900	-5.740207	-3.605014	-3.881437	-3.227055	-6.138977	-5.307241	0.782350	-1.214989	-3.560656
-1.550403	-6.344047	-6.663727	-5.412885	-2.392854	-4.187524	-4.040599	-3.692862	-2.655483	-4.841812
-0.745481	-5.078961	-6.996445	-3.944232	-2.209155	-1.735498	-1.972583	-3.100765	-3.537487	-6.200624
0.877567	0.401249	-2.564266	-0.872078	-2.280659	0.524998	-1.210494	-1.701758	-3.553503	-2.826094
1.711541	2.499482	-0.011393	2.204675	-1.222465	1.135665	0.064169	-0.585443	-0.353931	-1.092122
0.584341	1.242537	0.368476	4.210426	-0.238876	1.813301	0.910504	-0.578420	0.092527	0.239192
0.190767	1.420614	2.581439	3.890874	0.743909	2.766607	1.637714	2.585511	3.784572	-0.030154
0.046019	1.365112	1.710696	3.454717	1.782187	0.149182	0.974396	0.681749	1.582101	0.760740
1.882698	1.616629	1.173847	4.351156	-0.160641	1.006824	3.198953	0.666595	2.573914	-0.668726
-0.381696	-0.997135	1.290892	3.823988	1.656924	0.708234	2.302783	0.921349	0.485411	2.185647
-0.356264	-0.303281	0.879731	2.860013	1.784680	0.385711	1.767787	-1.736491	0.996490	0.763358
-2.717704	-0.720111	0.749463	2.603030	2.510527	2.480653	0.317064	0.126777	-1.127350	0.542706
0.582183	1.441476	1.227387	1.345538	5.771463	1.485062	-0.770084	1.603250	1.316791	2.539191
0.434898	1.066079	2.402705	0.159136	2.999989	2.605635	-0.066757	1.114931	-0.375788	1.031812
-1.714759	0.774096	3.437115	-1.722978	1.140602	-0.822928	-0.801357	-2.758583	-1.098588	0.331269
0.292412	0.707926	1.602117	-0.678504	-0.059198	-1.048328	1.836218	-2.970490	-3.273511	-0.361140
0.181211	0.021169	1.450312	2.100057	0.555488	-0.813965	2.040068	-0.064291	0.232244	-2.206614
-2.138862	1.217625	-0.496702	3.295405	0.953359	2.462560	2.469392	0.686314	1.374975	1.497144
-0.843706	0.568591	1.276877	4.317337	-0.088286	1.004246	1.986091	2.801524	2.922482	1.883536
0.232979	1.472768	-0.443253	2.581553	1.756452	2.655592	1.012465	3.379740	3.160064	4.925559
-1.523607	-2.558645	-0.572291	1.921153	0.207973	0.967099	-0.992685	-0.126638	1.018519	3.202913
-0.999863	-0.516849	-0.958038	0.873935	-1.105026	0.151364	-0.213760	-2.044510	-0.304552	1.362997
-0.020890	-1.294944	-3.293393	-0.160502	0.434856	-4.456013	-3.870460	-2.698877	1.245949	-1.223489
-1.995287	1.872168	-0.236457	-5.632957	-3.401183	-3.295732	-3.604784	-4.544838	-4.859078	-2.472446
-0.632253	1.963787	3.277070	-4.828334	-0.504644	-3.922695	1.251167	-2.242494	-4.825535	-3.961675
