X1	X2	X3	X4	X5	X6	X7	X8	X9	X10
-0.461670	-4.321135	-5.088442	-1.588845	-1.105939	-7.174359	-1.733085	-6.090549	-3.980836	-5.763144
-0.970023	-3.428485	-3.703263	0.691486	-3.378762	-5.158412	-2.615411	-5.870512	-5.820719	-5.342370
-1.404027	-0.197592	-2.999697	0.217504	-0.135998	-3.562416	-0.991188	-3.505082	-3.736542	-3.711733
0.810319	-0.576754	-1.163943	1.641105	-0.471050	0.728327	1.014281	-2.883760	-3.251508	-1.003237
0.571013	0.169327	0.150098	0.135090	1.204881	-0.164988	0.444195	-1.126547	-3.218217	-0.197085
1.270054	-0.755949	0.587525	-0.957344	-1.780509	1.438138	-0.888147	-2.964944	-2.233770	0.471921
-0.330157	-1.322281	-0.569561	-1.824998	0.683979	0.640702	-2.316546	0.388649	-0.146671	-1.678122
-1.579621	-0.296171	0.165039	-3.062774	-0.982158	-1.835599	-2.914705	2.619930	3.051680	-2.696518
-2.155139	1.415883	1.788526	-2.759974	-2.911321	-1.462367	-2.475925	2.216499	2.647982	-2.608968
-1.541812	1.158880	2.170498	-1.945799	-2.117514	-0.585607	-1.449607	2.577755	2.935032	-0.957977
0.974661	2.869920	3.662657	1.411949	-1.147739	2.333281	-1.930552	2.145496	3.785729	2.820454
2.341178	5.656302	5.889201	2.654069	-0.624597	3.796392	3.467239	2.847122	4.271072	3.614522
0.739039	4.509528	3.631431	1.442157	1.871409	3.679625	0.241763	2.382633	3.450459	4.620823
1.518443	2.896996	5.356647	-1.138686	0.120076	4.435377	1.977320	1.357127	5.544688	3.118755
-1.137610	-0.738792	2.579949	-3.463564	-0.679798	0.642544	-0.046092	0.413703	0.843658	2.692415
-0.645521	-4.748338	-1.260864	-2.707377	-1.298315	-0.062475	-0.442474	2.430262	0.420568	-2.088799
-1.224790	-2.938240	-4.878692	-3.586428	-2.517478	-4.360983	-1.240428	3.095901	-1.900885	-0.814091
-1.220718	-1.169700	-5.130933	-2.548919	-2.680288	-3.506883	-0.414154	1.297820	-1.254701	-0.981662
-1.029906	1.373584	-3.935890	-3.121151	-2.173748	-2.276078	-1.146453	2.812919	0.419018	-1.886416
-0.309755	2.293012	-1.818760	-1.124826	-1.092662	-0.138269	-2.207928	2.148697	-1.122630	1.477344
-0.909964	3.667983	-1.987146	-2.265346	-1.860730	-0.300260	-3.560080	2.931053	-0.594246	-0.242784
-1.332935	1.267097	-0.416645	-2.085313	-4.517655	0.074347	-3.336509	1.099086	-2.123231	0.151498
-0.774368	-0.114544	-2.779658	-1.663429	-0.913441	-3.198950	0.395284	1.789496	-3.219888	0.857286
-0.313864	-4.137541	-1.268586	-2.367896	-0.927588	-2.920054	1.433796	-1.211518	-2.560917	-2.669922
-0.033124	-2.203793	2.539672	-2.139615	-2.645500	-2.300068	3.930828	-2.163857	-3.752920	-1.213027
0.648453	-0.381201	3.973617	-0.951889	-1.469278	-0.843893	3.290277	-1.506722	-1.592299	0.400666
1.635764	-0.153064	3.156847	0.470680	-0.596826	1.969468	4.411843	-2.501912	0.651945	-0.171045
-1.405590	4.091119	2.759264	-0.799509	1.496955	3.986912	3.288924	2.217170	1.628011	3.216939
-1.961610	3.583147	4.847668	1.398541	3.678561	1.505937	6.559420	2.313426	1.773797	3.172314
-1.796297	2.860121	2.524659	2.135529	3.967792	2.895841	3.517229	3.093053	3.338002	2.707578
-0.559752	2.080241	2.094636	0.588153	1.244044	3.198121	2.199951	2.979252	3.599524	3.722629
-0.349875	-1.488492	1.035401	-0.325190	-0.713785	1.499676	2.431084	2.868422	2.544763	2.058464
2.541833	-1.731077	-0.205347	-0.863201	-0.725798	3.937303	-0.124373	-0.511338	2.667815	-1.028019
5.120472	2.807884	0.008793	0.660017	-0.285996	3.965399	1.734880	-1.921828	0.564781	1.726078
1.645440	3.765994	0.208621	1.040463	0.651018	4.203764	-0.375459	-0.082249	-1.989641	3.105351
1.218638	3.424852	1.748338	1.138035	2.324141	2.185494	-0.541690	-2.472402	-0.973653	2.262700
-0.114537	3.827659	2.833443	2.008330	2.621972	2.473587	-1.543515	-3.444187	-2.252956	1.453621
0.839716	-0.006684	1.722437	1.841047	1.310308	0.459042	0.190565	-5.428504	-0.942551	1.645513
-2.652003	-2.682278	-1.074780	1.375084	0.579947	-1.429044	-0.004949	-1.844554	-3.263540	-1.114127
-1.562697	-7.359321	-2.296007	0.198438	-1.857414	-3.024473	-2.838160	-0.986438	-1.264724	-3.428401
-0.673365	-3.452414	-1.586744	-1.752093	-3.678177	-4.580946	-0.384668	1.069344	-0.396905	-2.708811
-0.371709	-0.693155	-2.789691	-1.754110	-2.239343	-2.910266	-1.330373	1.897791	-2.367883	-3.933659
-2.063328	0.192557	-2.750347	-3.361615	-2.883916	-2.728835	-3.023677	2.216903	0.588940	-1.651548
-0.908324	0.986721	-3.787211	0.512489	-3.232698	-0.356054	-3.393880	0.981080	1.900763	-2.328978
2.354702	-0.453062	-2.338984	1.284600	0.292410	0.668774	-1.327584	-0.259879	0.174384	-0.107054
1.250551	-0.403491	-0.747665	0.738417	0.041905	1.561349	-0.202888	0.873625	-0.353798	1.598125
5.978920	2.834534	-1.200653	1.386738	4.064785	6.236867	-1.169794	-0.432308	-0.654984	2.178555
4.006110	2.860915	-0.675548	5.412259	5.035547	2.474728	1.202798	2.087021	0.328524	5.001134
4.025020	1.359052	0.577450	3.856181	3.688890	5.996929	1.557087	1.973013	1.161726	3.649562
1.695049	-0.530855	0.739843	1.243199	3.719512	1.647369	-1.775728	0.610366	-0.208380	1.525236
0.151896	-3.003404	-0.016570	-2.031586	0.222810	0.280846	-2.254146	0.673681	0.863205	1.057253
-0.838540	-1.781796	-2.263588	-2.355379	-3.227718	-0.241042	0.899230	-0.319444	1.111979	-0.037586
-1.924759	1.606771	-2.451011	-0.386380	-3.090174	0.769905	0.435902	-0.178208	2.224542	0.048614
-2.352661	3.531697	0.385663	3.681409	-1.906860	2.441184	1.611667	-1.065012	4.315692	2.958754
-3.391948	4.123384	3.318634	7.530885	0.567922	4.081194	2.213426	2.609344	2.541828	1.416831
-1.747521	4.445232	1.559002	5.709946	2.511870	3.180533	3.070779	1.693458	2.589349	2.204343
-0.693880	2.754141	1.191667	3.627491	1.529282	0.410100	1.697423	-0.763268	1.062253	-0.045910
-0.959625	-4.825887	-0.135668	0.162318	1.129156	-2.862906	2.204561	-1.651036	0.543040	0.078068
-0.521258	-9.783853	-1.095405	-2.800876	0.858391	-2.500787	-0.457811	-3.682847	-0.911492	-1.515322
-2.204579	-15.595053	-1.759841	-3.700991	-0.423417	-6.824944	-1.242790	-3.147399	-0.638644	-3.347684
-1.683289	-6.428990	-2.646078	-2.603831	1.630432	-5.139378	-2.778879	-2.297894	-3.064216	-3.260117
0.050211	0.142840	-3.153613	0.476303	2.918435	-2.542292	-0.046878	-2.345132	-3.437811	-4.082824
-0.282279	2.590336	-2.406247	2.100709	4.647991	1.754315	2.753014	-3.826614	-1.841429	-0.868406
0.818940	2.792400	2.321522	-1.051615	3.835197	2.440641	2.927696	-2.942539	1.319729	1.555336
-0.786332	2.387932	2.953894	2.026930	8.340352	2.903784	3.074668	-1.776008	1.178661	0.956300
-1.285998	2.734933	0.502369	2.350941	4.306055	3.062744	-1.129871	0.708478	2.516267	4.159584
-0.209856	1.031404	-0.457151	-2.139083	2.133302	0.668020	0.077679	0.126620	2.442445	1.492189
0.419892	-3.170254	-0.060066	-1.454845	1.736994	-0.664790	-2.373082	1.178716	-0.145905	0.328312
-1.327155	-7.170641	-1.710575	-2.077645	-1.491073	-3.357687	-2.633754	1.017967	1.329815	-2.667847
-2.958296	-5.777054	-5.991378	-2.891987	-3.955999	-5.308470	-4.452638	0.055673	-0.152396	-4.702690
0.497266	-4.206595	-3.533573	-1.666571	-3.098087	-4.805242	-0.685934	-2.687068	0.592862	-1.766818
1.025732	2.464640	-2.459061	3.501401	1.089063	2.203096	1.815159	1.372145	2.113187	0.052069
3.550300	5.947049	1.371361	5.400127	1.627448	2.230345	2.970540	2.890711	1.645178	2.591268
4.796471	5.701835	4.161992	5.327605	4.257566	5.307103	4.670409	2.285231	2.846234	4.213880
4.176144	4.662399	4.297533	6.786933	3.011018	3.035769	3.330866	3.682803	4.663954	3.483602
3.981917	2.680540	5.184885	3.751610	2.656000	4.197743	3.175511	2.105328	1.957638	3.413136
4.766091	1.213760	0.677649	3.519334	2.965411	4.987023	1.247444	2.213305	2.414384	3.535778
0.861364	-4.716739	-0.406375	-1.409896	1.291851	1.836210	-0.950335	0.246633	1.337491	2.230929
-0.344264	-9.052958	-0.674385	-2.917182	2.884417	1.545703	-0.392126	0.032014	-0.501541	1.023388
0.573407	-4.433995	-4.418381	-1.748727	4.221309	-0.198699	-1.635330	-1.084154	-1.137514	1.343155
-2.931325	2.424551	-0.893462	0.730170	4.769024	3.100904	-0.156445	-0.534771	1.362472	-1.691073
-2.419060	1.702581	-1.273727	-0.769795	4.046962	-0.249189	-0.492072	-0.761138	0.054915	0.315406
-0.926897	4.293395	-0.281176	0.725678	2.356522	0.781321	-3.647811	-2.049753	-0.860185	1.228589
-0.996139	0.703395	-0.609008	-2.111513	-0.518599	-1.533865	-0.532661	-0.937219	0.518471	1.459178
-1.245386	-4.097118	-1.237722	0.370131	-1.070400	-1.015248	-1.135723	-3.836234	-2.563918	-0.626030
-0.901437	-7.623744	-2.081217	1.516807	-2.143884	-2.333829	1.310303	-1.997700	-1.484853	0.485366
-0.349294	-2.987581	-2.537092	3.527515	-2.211551	2.716093	2.743419	-2.731016	-1.719135	3.840265
-2.131258	-0.384229	-0.327247	5.458453	-0.216103	1.574617	-0.915876	-1.215583	-1.536964	2.801566
-1.378928	2.829713	0.875420	3.889519	0.505660	-1.020258	0.472018	-0.419200	-1.234642	2.631170
-1.752105	2.050447	5.699308	2.832413	2.936836	-0.249031	1.081701	-1.582069	-0.842669	0.351176
0.173410	1.224972	1.298120	1.856933	1.929924	-1.527202	-1.479526	-1.388990	-1.609747	-1.671517
0.147417	-1.797409	0.915755	0.051877	-0.746276	-1.451072	2.075138	-3.797662	-3.002775	-1.986308
-1.001286	-0.818496	-0.207985	-0.222055	-0.469366	-0.916240	-1.178908	-3.348886	-1.519455	-0.964498
-0.032497	0.935512	-0.555100	-0.291266	-0.746946	1.564493	0.812636	2.034138	2.835212	-1.007687
4.104482	5.265816	1.192010	0.762044	-0.307518	2.586227	3.193972	3.911210	1.478226	1.392525
3.662151	2.804116	1.880348	1.346874	-0.596482	2.923562	-1.345601	5.505328	3.633286	1.111638
3.190309	4.338114	1.788214	0.421122	-1.940139	1.562099	-0.176382	5.250294	2.341692	-0.256549
0.579456	6.362611	3.625807	0.964986	-0.291790	2.110738	-0.298671	4.936008	2.993442	0.579865
-1.665809	2.473307	3.370631	-0.495133	-1.337336	-0.445321	-1.249167	3.455767	-0.608065	1.590780
-0.243685	1.962504	3.628884	1.746062	-1.169876	-2.476579	-1.861270	1.204074	-1.701428	0.317895
-2.929673	-2.813198	3.867468	0.372171	-2.221413	-4.965234	-1.153480	1.840526	-2.113750	-1.493989
-0.469674	-8.865098	-0.142717	-2.885308	-2.849947	-5.810987	-2.519796	-3.134075	-4.081529	-4.343972
-1.337188	-12.523195	-2.529269	-1.929875	-4.498477	-5.846037	-2.975918	-4.102730	-3.881768	-3.754554
-2.321216	-3.350589	-2.928188	-2.049932	-1.221106	-7.140784	-1.842444	-3.427340	-4.909967	-5.532334
-2.530257	1.444123	-4.792374	0.906420	-2.629233	-5.349728	-2.077075	-4.315504	-5.160325	-4.509113
0.193188	4.277240	-4.289324	-1.569820	-0.964659	-7.315867	-1.308911	-3.958923	-3.765146	-4.573691
-0.621482	3.214363	1.651660	-2.005252	-0.630585	-3.855502	2.161150	-5.213196	-4.608027	-3.108266
3.758834	1.730893	1.666281	0.637523	0.651790	-0.525433	4.244308	-1.218425	-4.888972	-0.953938
4.162135	1.312431	3.313938	2.145202	2.739064	1.517442	2.491564	-1.025709	-1.448079	2.872892
4.360421	3.111278	5.400733	4.030187	3.747238	3.185124	2.983017	2.025952	0.615350	2.605925
4.515791	1.819734	2.477067	4.727275	3.118710	3.632311	2.527169	4.648457	4.355115	2.499963
2.839146	0.733101	2.339139	1.544966	2.294681	3.561606	-0.277679	3.443406	1.808415	0.871204
0.864085	-1.532922	0.124251	-0.867040	-0.040650	0.382008	-1.572028	3.973699	0.878050	-1.052550
-0.312393	-2.704132	0.089303	-4.099646	-3.252283	-3.139881	-3.641176	1.273437	-0.026181	-1.806798
-3.658786	-1.645531	-1.578904	-4.434551	-3.468418	-4.994060	-3.734623	2.020417	0.987121	-5.573141
-3.826596	0.796484	0.485831	-3.652056	-4.497856	-6.594730	-2.447869	0.832842	-1.842344	-4.181677
-1.453023	3.685713	-0.279191	-3.620561	-0.846797	-2.828789	0.006788	-1.837890	-0.951576	-6.287306
-1.355067	2.287556	0.917829	-3.664669	-3.270641	-3.016237	1.246148	-3.361979	0.879723	-3.737927
0.494173	2.098015	2.381393	0.323322	-2.441787	-1.734872	1.273311	-5.193325	-1.647946	-1.672139
2.038695	-0.075911	-1.522699	3.350809	-1.294837	-0.047893	0.499079	-1.938228	-0.973485	-2.946742
2.785201	0.374980	-1.263046	1.704894	-0.425390	1.869899	-0.570248	0.433812	-1.395093	-0.000435
3.940489	-1.992712	-2.178948	0.891974	-1.182847	0.808707	-1.350770	-1.094705	-0.945471	-0.954417
1.393760	-2.259087	-4.607503	-1.155150	-0.230807	-0.876670	-2.205185	-0.593080	-2.067620	-1.517887
-3.011086	-3.401443	-5.013112	-3.497979	-0.418470	-5.096329	-2.298293	-1.003013	-2.376240	-2.923944
-0.735450	-5.808780	-3.146274	-2.926014	-1.688137	-2.939470	-3.593693	-1.582903	1.204669	-2.070188
-4.177831	-3.315197	-4.110488	-1.749755	-2.971307	-2.580392	0.312815	-2.600151	-0.330395	-1.435317
-0.529429	-3.551695	-3.792654	-2.755002	-2.583981	-3.186794	-2.648268	-0.287157	-0.164931	-0.860030
-1.393345	-4.009973	-3.276071	-2.508756	-1.865358	-4.092874	-3.439241	-3.345321	-1.487939	-5.536527
0.848222	-2.497429	-3.466339	-0.563418	-1.003937	-5.059732	-2.679703	-1.947543	1.235879	-3.616906
-0.819128	-1.534964	-5.627557	-1.111787	-2.778520	-1.851666	-1.125453	-1.563123	1.135724	-3.621166
-0.628795	-1.360377	-1.986525	-1.707364	-2.837506	-1.751475	-2.117292	-0.941762	0.393095	-5.276507
1.043620	0.232233	-4.211442	-1.294049	-1.768594	-1.680058	-3.480018	-0.247859	2.477391	-2.514926
-1.062581	0.426865	-2.530208	-2.522043	-1.671484	-0.826514	-1.990130	0.283585	2.358813	-4.798624
-1.250299	0.502020	-0.827122	-1.938347	-5.102677	-1.048441	-0.095428	-0.448329	1.267260	-0.477298
-1.134334	2.046799	-1.625685	-0.884059	-2.481072	2.418462	0.119089	2.402298	1.884231	-0.297148
-0.888486	2.327502	0.524705	3.347620	-1.517368	2.191296	2.989422	4.933667	2.059427	0.645328
0.153746	4.321030	1.321848	4.170788	3.107034	4.146762	0.017871	4.194976	2.664747	0.689431
-0.510038	2.984882	3.192543	4.069747	4.217334	1.552063	1.722138	3.446927	0.004591	0.880062
-0.733938	4.105559	3.653393	3.456496	4.858935	0.686898	1.864822	5.614919	3.506858	1.834123
-1.631454	1.512761	0.219896	0.828735	1.544234	2.190871	-2.117774	3.889152	1.981149	-0.104285
-2.087785	-2.179812	-0.816547	-4.089336	1.276733	0.899881	-3.022652	1.944727	0.334562	0.301538
-0.435132	-0.237058	-1.787236	-3.710718	-0.899067	0.654831	-2.194008	3.242942	2.605999	0.284896
0.812807	0.354321	-0.801370	-2.518610	-2.373967	0.559822	-1.433544	2.306398	0.632157	1.901188
-1.869770	1.629626	-2.810949	-0.376013	-1.870866	1.857256	-2.157559	0.607196	-1.833061	2.952417
0.474939	2.120858	-1.644173	-2.127126	-1.051063	-0.978066	-1.818450	-0.519466	-1.233358	1.459984
-1.106365	-2.869483	-1.969641	-0.694450	-2.269359	-2.886243	-3.764019	-2.251486	-0.392633	-1.314010
-0.752684	-3.286098	-2.284154	-3.350784	-1.245252	-3.786772	-2.869864	-1.062766	-3.857086	-3.410563
-1.120216	-7.202686	-1.867411	-1.966129	-2.640842	-7.763553	-3.918084	-2.948604	-0.630017	-4.167873
1.341339	-2.596647	-0.631812	-3.080584	-3.880530	-8.247784	-2.608979	-1.480001	-2.353927	-5.071940
-0.268719	-1.313882	2.095743	-3.714050	-1.258514	-2.780162	-4.392947	-3.134157	-2.971915	-3.499761
0.245812	2.082811	1.443954	-2.035426	-1.040293	-1.134387	-1.900289	-3.302571	-2.703582	-3.511535
-2.030970	-0.550669	3.261221	-2.897013	-2.263068	-0.312357	1.754696	-4.557644	-4.303328	-0.056961
1.306637	0.272178	0.035845	-0.549910	-2.019038	1.388230	2.237710	-2.239976	-2.950953	1.001363
1.032633	-1.166448	2.148926	-1.070216	-2.385702	1.542375	0.671052	-2.628866	-3.497456	0.731739
-1.123281	-2.120746	1.852863	-1.818133	-1.583160	2.256181	4.484824	-2.367015	-3.166139	1.777169
-1.735905	-2.349118	-0.897744	-2.590860	-3.228711	3.104448	2.367727	-2.684922	-1.691901	3.816654
-1.322139	-1.058363	1.292106	-2.754296	-2.401055	0.729679	2.473360	-3.525987	-4.013541	1.799695
-1.423981	0.214419	1.750513	0.355759	-2.924791	0.488776	0.903224	-1.977410	-0.666661	0.719795
1.526468	0.869928	1.493676	-0.680396	-1.797719	-0.699061	0.521121	0.346709	-0.670160	0.765655
2.675109	0.603964	0.065796	0.178740	-0.533237	0.748371	0.682251	0.981270	-1.875838	0.237177
4.594143	1.891226	-0.361928	1.687568	0.150653	2.223874	-0.809386	1.956674	-1.301294	1.464563
2.468770	-0.636785	-0.324995	0.543787	2.123154	2.080749	3.337512	0.729420	0.719270	3.436014
1.707091	2.717729	0.053494	2.059697	2.009266	1.900498	3.334844	-0.130491	2.337255	1.685331
-0.165393	0.638070	3.356039	2.144500	2.318489	4.069923	2.697511	3.794541	1.740062	5.131218
-4.027882	4.125737	2.508340	2.111695	6.442924	5.512626	4.777515	3.389616	1.545691	4.999875
-2.596576	0.632629	5.293598	0.597683	4.976271	1.929609	4.967455	3.122035	1.640741	2.392105
-3.201173	1.757046	2.340511	-2.922537	1.292131	1.095372	1.654732	2.305897	4.395812	1.416208
-2.890473	1.828688	1.588879	-3.727963	-0.439596	-0.218281	0.661346	1.033403	1.747606	-1.463012
-0.558276	-0.203145	1.671603	-2.451096	-2.334008	-5.191249	-4.336601	-1.340147	-0.460879	-3.615454
-1.354180	-0.098053	3.603482	-3.236135	-2.871605	-7.692230	-1.929809	-2.848352	-1.497041	-5.558617
0.728115	1.581562	3.893015	-0.894180	-3.515587	-6.125023	-0.023378	-1.879413	-3.978681	-3.721299
0.031209	3.268201	3.437304	-0.955130	-2.313653	-6.522525	3.521693	-3.868329	-2.156398	-2.555297
-0.022695	5.625164	3.543246	-3.029486	-1.716102	-1.890034	1.384304	-1.330499	0.847908	-1.748410
-0.913999	4.988649	3.177543	-2.285946	-2.801634	1.369051	4.132456	3.223776	1.218137	-1.036136
1.424699	2.899757	2.304693	0.120490	-2.649549	1.036732	3.692250	0.018698	2.122090	0.839826
1.996500	1.561187	3.110397	0.858022	-1.374645	2.017311	2.983485	0.837165	0.582367	2.504779
4.731204	2.221639	4.111354	5.067050	2.531478	4.995490	5.109962	2.531680	0.166868	3.001525
4.507413	-0.013588	3.327663	1.042575	1.430021	3.497970	2.285182	2.047641	2.853593	2.187466
-0.223573	-2.930895	0.775625	1.322198	2.656583	2.398255	-1.625755	0.525150	0.067643	1.892502
-0.854554	-3.050481	-2.537561	1.013818	3.826966	1.033145	-1.595248	-0.466093	-1.259181	-0.236063
-1.923128	-3.552947	-2.517696	0.874036	4.053470	3.483242	0.015803	0.497512	2.035021	-0.383729
-3.331795	1.455506	-1.454580	1.812353	3.385296	0.197949	-0.427802	1.297566	1.458148	-0.226992
-2.550953	0.448178	-0.525013	1.600369	5.139045	-0.633233	-0.149563	0.197869	2.812903	-1.415652
-1.296802	1.591268	0.738403	1.906384	5.088816	1.714698	-1.142478	1.263222	2.762184	-0.153705
-1.365642	1.666876	1.828770	2.356600	4.445110	0.519644	1.090752	2.503925	2.613393	0.022148
-1.805771	3.407901	3.122285	4.484215	4.544529	2.079307	-0.004573	0.076279	0.898930	1.660811
-0.651288	4.209742	4.297750	3.170432	4.068972	1.433389	2.448249	-3.382816	0.434396	0.597986
-0.889993	3.287000	2.004962	1.372349	2.503940	-0.415909	1.385917	-2.525560	0.409391	-0.243327
-2.420285	-1.291628	2.045022	0.528769	0.435433	-0.892084	1.488331	-2.572851	-1.205884	-0.989424
-1.849462	-0.572640	-1.037671	-3.743709	-2.557447	0.535165	2.452892	-1.393889	-2.219929	1.712696
-2.068325	-4.928539	-1.806518	-5.897485	-2.532201	0.059140	4.376000	-2.486874	-1.933443	1.097334
-1.924772	1.356176	0.986581	-1.089758	-1.737029	1.365944	1.113356	-2.020604	-2.366425	1.851593
-1.195602	6.178804	0.698726	3.434573	2.466572	2.830977	1.410559	-0.959680	-1.158975	5.203075
-2.631714	4.298145	2.641315	4.522809	3.793000	4.342042	1.918510	0.614499	-0.787792	1.261081
-1.061808	3.684596	3.029749	6.347648	3.420057	3.866741	2.293408	-1.189566	0.617225	3.606713
-1.239983	3.132759	1.402025	5.952793	4.867542	2.156975	2.073355	-1.026974	-0.040824	0.567474
-1.771837	1.904232	1.700645	1.535843	3.188957	1.675446	4.587650	1.619975	0.084262	0.868164
-0.700470	-1.834686	0.774007	1.512199	2.136601	2.355757	4.044193	0.896782	1.141985	2.968987
-1.804081	1.183905	1.510010	-0.790339	3.330275	0.824308	2.372384	1.545548	1.053244	-0.234458
-2.457869	0.852905	0.198754	-0.628169	3.297980	0.409402	0.402824	0.406473	0.695440	2.502334
-0.176333	0.264912	2.969638	-3.153392	-0.188184	-2.045159	0.494513	-0.271642	-1.348125	-2.669438
-1.020173	2.910426	1.856362	-4.301008	-2.276217	-4.073574	-2.756450	-2.602396	-2.432351	-3.554671
-1.662887	4.534846	3.793524	-3.172615	-0.673919	-5.353042	-2.946564	-0.194388	-3.310136	-5.032162
-1.288574	1.772971	2.133125	-2.872014	-4.547589	-6.726859	-3.847729	-1.580218	-3.765081	-4.488812
2.746466	1.633501	-0.373037	-1.340203	-3.637226	-4.862425	-4.910445	-4.222585	-2.973684	-6.261616
4.079535	1.328735	0.957737	2.246018	-0.940431	0.294662	-0.957013	-1.125287	0.023656	-2.654475
4.149933	1.670272	1.071048	2.432948	-0.931103	2.156204	-0.310032	1.725275	-1.644460	-0.501086
3.932660	0.605712	2.275093	1.089989	-0.785742	3.118403	-0.332403	-0.388996	-0.810531	2.057453
1.093019	-1.218746	-0.329227	2.061441	-1.363647	2.059060	-1.021625	-0.212101	1.733943	2.823142
2.054510	0.844697	-1.577313	2.563805	0.514881	2.756877	-0.775298	2.462661	2.065665	1.573685
2.359434	2.747740	-1.028566	3.903080	0.835944	3.282355	-0.024223	2.473592	2.782834	2.844183
5.291891	3.070083	0.260312	2.773268	-2.003860	3.918697	1.369501	1.226392	3.525553	5.737937
4.374583	5.796625	0.767923	3.839669	-0.600829	5.017204	3.026073	3.737163	4.214821	5.046949
3.947311	3.154065	3.826063	1.849882	0.583937	4.077977	4.103793	1.333705	4.127041	3.546220
3.104374	2.935903	3.165934	1.383910	0.670837	3.919018	3.227461	3.786819	1.437513	3.525353
2.720875	-2.995862	0.868634	-0.119449	1.180573	2.628729	1.136176	3.523906	2.039938	3.490048
2.124014	-6.771830	-0.882538	-0.367793	-0.742157	-1.304389	0.743239	2.805867	-0.234882	2.810508
-1.694708	-11.386804	-3.716983	-2.089322	-2.970951	-6.147835	-2.973850	1.682304	-2.468346	-2.061266
-2.789491	-16.330982	-5.448600	-4.109036	-3.092710	-11.180706	-5.194492	-2.309183	-2.195153	-3.991473
-2.109633	-7.865966	-5.981592	-3.776334	-1.772633	-11.483502	-4.191687	-2.409393	-3.847802	-7.892910
-4.907833	-3.353557	-8.047059	-3.207817	-2.846820	-4.505020	-4.837236	-5.088325	-2.688491	-6.015577
-1.116992	-0.720955	-6.291601	-3.580983	-1.491371	-0.715160	-3.886538	-3.111477	-3.204819	-4.240972
-1.266007	-0.432060	-6.820119	-1.322932	-2.923887	-0.016220	-5.308294	-3.696849	-3.839385	-1.807193
-1.868379	-0.406074	-4.513115	-0.273264	-2.130667	-0.367199	-4.029504	-4.815840	-4.498188	-0.534440
-1.443106	-0.311097	-2.875089	-3.669778	-2.393711	-1.129595	-3.002569	-4.467148	-2.416126	-0.063510
-1.940287	-0.273529	-3.576141	-1.686074	-0.779019	0.012293	-2.561588	-4.882672	-2.863797	-2.256902
-0.480123	-1.835872	-2.946573	-3.774853	-0.347890	0.355567	-1.403763	-4.741811	-3.745801	1.474685
-0.951911	-4.523426	-4.920385	0.527188	-0.689426	-0.521873	-3.358893	-3.524964	-2.265737	3.224552
-2.511152	-3.402791	-2.934278	1.027947	0.729174	0.441275	-0.298179	-3.835630	-0.523902	1.230002
0.756155	-0.471668	-2.617053	0.928825	2.599310	0.285213	-1.561820	-2.802808	-4.047995	-0.001966
-0.791988	-2.258358	-1.156211	0.590924	3.481483	-1.063359	-2.489119	-3.402296	-2.853315	-0.324549
-1.579082	-1.829761	-1.480352	0.245842	2.962491	-0.121740	-1.079475	-6.127994	-1.050960	-1.771947
-0.307925	-0.700578	-2.756377	1.113480	5.070035	0.905472	-1.245088	-1.766000	-2.483929	-1.384857
-0.454417	-1.148009	-2.692687	2.942838	2.801014	1.892579	2.016542	-3.306813	-3.244821	-0.484580
-1.413657	-2.195155	-2.090583	1.563018	4.476130	1.742580	0.426113	-3.304631	-1.968233	0.857587
-0.281444	0.850484	-1.057665	0.883118	4.556081	2.913078	2.164325	-0.885254	-2.601265	2.028044
2.281422	2.677508	-0.437834	3.388940	3.320467	4.105572	3.137278	0.403320	0.038085	2.475493
1.675541	2.019615	0.290610	3.056983	3.532189	2.300565	2.219871	1.522992	1.290619	3.285735
2.488315	1.191406	0.239264	-0.216951	3.911645	1.502957	2.354704	0.761363	2.484439	2.969570
0.236744	0.389779	0.701630	-1.162364	2.753337	-1.291450	4.894877	2.130035	1.137245	2.059300
-1.454071	-3.400264	1.864705	-0.232755	0.110563	0.166543	3.784888	-1.066992	0.383640	-0.656675
0.091169	0.691174	2.005190	-2.448922	2.858725	-1.663762	4.050037	1.652585	0.992425	0.934547
2.407867	2.747194	3.790183	2.905533	1.485720	0.451337	2.384025	2.359166	0.400202	-1.183233
0.807021	3.108395	6.071385	0.004411	2.538950	1.264539	2.757749	3.048053	0.376972	1.536386
1.370634	3.799678	3.934194	-0.533388	2.453213	1.222946	2.008910	5.342646	0.575636	1.546404
0.278604	2.724941	5.586909	-1.940963	-1.624089	-0.724642	0.948308	2.533848	0.292698	-0.065478
0.203334	1.853185	2.414131	-3.797215	-3.612258	-1.411524	2.296040	2.758959	0.782258	-0.925158
-1.262778	-3.860691	1.314658	-3.020943	-3.142794	-3.723599	-1.012192	1.223281	-1.100482	-2.013637
-1.901730	-5.932587	-0.883911	-1.387947	-2.972297	-3.417766	-1.772190	1.660016	-0.933421	-3.106613
-1.406822	-5.361503	-4.702275	-1.985826	-4.665767	-4.742026	-1.527054	-0.040137	-1.656356	-3.149686
2.776446	2.626460	-4.683635	1.775818	-0.449105	-0.566176	-1.044384	1.610926	0.526114	-4.984054
5.357576	3.496503	-1.392193	2.211087	0.110889	0.952183	0.003417	2.252405	3.237291	0.461882
5.779766	3.289424	0.860252	3.363581	-0.597785	3.175951	-0.295949	3.495101	1.934176	2.061824
7.302118	2.135325	1.523999	4.795299	-0.632127	4.583830	0.278016	3.277716	2.341571	0.621871
5.617532	3.277304	1.837847	6.644542	0.860262	3.950520	3.124912	4.047252	2.619878	3.337525
3.918007	4.065362	2.429795	4.961510	2.965081	3.286122	1.501038	1.864708	3.240099	4.171787
3.802146	4.484299	2.666944	5.339204	4.380931	3.874035	1.111293	2.509088	2.053335	4.018255
2.996446	3.098814	3.968393	4.155822	2.293111	4.375660	2.796077	1.486291	-0.653312	1.215032
1.106010	1.659708	3.720641	-0.450234	0.919520	1.769598	0.185790	-0.123979	2.280860	1.341017
-3.324063	-1.066219	1.072387	-1.355465	1.864959	0.836849	0.820929	-1.528624	-0.810147	0.778211
-3.045073	-3.298368	3.472732	0.191730	-1.810773	1.054912	-0.803704	-1.235539	-0.188432	1.409914
0.183980	1.704362	1.130875	2.521650	-3.432776	1.572889	0.212789	-2.101926	-1.075594	2.421627
1.020797	3.773970	1.016815	5.061595	0.491748	2.735780	1.644607	-1.965082	-0.245829	1.426849
4.848078	3.356257	-0.353848	4.148767	2.056101	3.465184	2.663550	0.119595	0.951863	0.831681
5.576923	1.991323	0.734086	1.446064	3.481480	0.502902	1.364517	2.076105	0.033085	0.614824
1.872932	-1.066332	0.277216	-0.157814	0.336387	3.570034	-0.912592	1.256349	0.328637	1.665576
-0.540996	-4.465608	-1.281958	-4.038265	-0.854480	-1.969121	3.153522	-0.422370	-1.319878	-2.332860
-2.040959	-8.454905	-1.352037	-5.190291	-1.283721	-2.236361	3.927058	-2.949952	-1.128358	1.323014
-2.261859	-8.835822	-0.199921	-2.723091	0.317064	-1.059787	3.302515	-4.983495	-2.959802	3.707098
-2.345494	-3.638760	0.143090	-1.463465	-0.890926	1.011100	3.995193	-4.664698	-4.486909	1.585193
-0.415166	0.921883	1.778496	0.069887	3.391209	3.699102	6.403591	-3.508561	-3.082875	4.966499
0.227726	5.721505	4.448196	3.778764	4.206868	3.038617	6.041509	-0.898880	-2.627701	3.777116
2.036783	5.292308	4.084189	3.670068	2.794551	3.363545	4.008045	-1.960956	-2.043683	3.225843
1.512603	0.683292	2.244976	1.318397	-0.580842	1.889887	2.435800	-1.260687	-0.769921	1.635481
-1.794514	-4.881942	0.836957	-2.483348	-0.406513	-0.152858	-0.672428	-1.386271	-2.131712	1.293129
-2.654267	-7.269496	-3.341669	-4.142668	-3.698461	-1.356491	-4.361640	-2.514308	-1.240755	-0.110313
-1.375056	-14.062067	-6.215502	-2.628361	-2.318487	-0.474410	-3.104035	-3.421996	-3.381748	1.685755
-0.640083	-13.497756	-9.061542	-3.875829	-2.306692	2.601282	-2.101016	-3.302234	-3.268189	-0.460568
-0.504447	-7.082362	-6.648790	-3.634971	-2.614575	0.474086	-2.677181	-4.788021	-4.436378	-1.134581
-0.625848	-2.645685	-5.244745	-4.027588	-2.281738	2.111002	-2.204832	-3.995555	-3.990212	-0.858786
0.002513	4.567175	-2.279708	-3.821179	-1.107781	1.197828	-2.458670	-0.625536	-3.189090	0.379019
-1.131464	4.614120	2.045921	-1.416545	-2.083104	0.453765	-2.980396	0.640338	-1.325009	0.030231
-1.986779	3.075949	2.833942	-3.136485	-2.854708	0.182612	-2.154009	2.646768	-0.570269	-2.086649
-2.666332	2.600264	0.264355	-1.283501	-2.174893	-2.204632	-1.387812	3.227055	-0.769468	-2.203621
0.159675	-3.070135	0.675860	-1.726390	-3.377060	-4.636368	-2.742403	2.874000	-0.426804	-3.981387
-1.928957	-8.837248	-2.846643	-1.743955	-1.790409	-6.416195	-3.048985	1.041705	-1.190276	-4.304047
0.195772	-11.014774	-3.492754	0.535305	-3.098141	-1.869914	-0.196357	0.367770	1.580818	-2.084401
4.349460	-3.268013	-3.911574	2.495490	-3.558756	2.387073	-0.052220	0.740897	0.553979	-0.196550
4.796407	2.061537	-1.203502	2.246500	-0.402855	3.470066	0.033824	0.880286	2.144709	1.858305
2.308314	1.870676	1.355262	3.325135	0.059762	3.783864	1.108676	1.839939	3.091410	2.030663
1.109678	5.481904	-0.072682	2.274795	0.267594	1.430667	-0.965865	3.504157	5.152782	2.317825
-2.439099	3.899523	2.825865	0.460878	-0.540959	4.104173	1.830700	3.934541	4.329327	2.777188
-3.404619	2.652432	2.306204	-0.638113	-0.307997	4.599982	2.298770	4.806291	4.711547	3.640753
-1.370082	-1.433366	0.326035	-0.855881	-1.341622	4.139993	-0.663554	3.721109	4.487043	3.944418
0.322611	-1.413272	-1.067742	-1.235224	-1.317233	5.059505	-0.732475	4.502096	5.483516	2.913683
3.850360	-1.773385	-2.898127	2.685156	0.202269	0.637816	-1.999392	4.017553	3.692868	2.923846
0.046463	-3.593204	-2.351420	0.449460	-0.641016	2.280627	-2.044006	2.466380	1.590500	4.275007
-0.032479	-0.057028	-3.240520	0.038788	-2.238190	2.133035	-1.617717	1.372779	-0.812486	2.494565
-2.826668	2.785844	-1.891928	-0.157760	0.766148	-1.254960	-1.511227	-0.954750	0.089910	0.691818
-1.208804	5.772412	0.931156	2.288515	2.671197	-0.752559	-2.807135	0.198594	2.244290	-0.053434
-2.552087	6.492678	2.283234	1.408713	0.903857	1.233336	-0.738243	2.655713	3.605255	-0.052492
0.737481	1.846442	1.895904	-0.174166	0.841927	0.569925	-1.611850	1.778506	2.516306	-0.467258
-0.463701	-4.344895	-1.662433	-1.958723	-0.547993	-0.080995	-3.252658	1.631676	2.838645	-0.631333
-0.734132	-7.954132	-1.131977	-2.788856	-1.964004	1.098977	-3.943568	2.025922	4.161773	0.018682
1.655785	-10.666168	-2.979227	-4.095367	-2.112506	-0.456062	-1.812879	-0.725855	1.180090	-1.412514
-1.252549	-5.033203	-2.315783	-3.599656	-3.468599	-0.300712	-1.821392	1.714646	-1.723201	-0.296822
1.118264	2.173065	-1.154346	-0.030522	-2.363485	-1.952576	-1.520207	1.418326	-0.326001	-1.155944
2.420424	1.676837	-2.518614	1.423533	-2.309962	-0.456754	-0.110326	-0.297314	0.418992	0.001319
3.034130	1.630514	-0.051288	1.374110	0.944167	1.670453	1.033851	3.706425	1.934079	0.506065
4.649380	3.930896	-0.351167	1.062209	-1.563097	3.152042	-0.048077	0.586346	0.664361	0.496794
6.195774	3.184184	1.215248	2.583429	-1.135755	2.345613	3.056191	3.476448	0.701839	2.655204
3.415511	2.219780	-0.928241	2.052770	0.794293	3.005563	2.802654	1.437932	2.178913	2.370393
4.141990	4.256185	0.616966	3.068532	-0.325554	3.095393	0.608010	0.684598	0.613985	2.708560
3.742910	3.581798	0.424468	-0.011985	0.101405	3.666799	1.576061	2.338048	2.208456	3.200704
3.704370	0.917623	1.547567	0.015118	-0.343532	2.206580	-1.909896	0.847781	3.541226	2.710323
0.259069	-4.767442	-2.404438	-1.702658	-0.103564	3.040835	-0.004060	5.003898	1.990695	2.775014
-1.520094	-5.856594	-3.439846	-0.987115	1.461007	0.690662	-3.226532	0.631500	3.220466	1.971078
-1.963720	-3.754033	-3.554457	0.338949	3.017582	1.325360	-1.667713	2.560287	2.283538	1.585412
-4.691311	1.749143	0.885529	2.263132	3.669160	-0.300273	-1.504002	0.307159	2.056512	1.270214
-2.313166	3.057234	2.655214	0.061134	5.707641	0.441961	-0.417300	0.419417	0.561789	0.313384
-1.228388	3.921741	2.986296	0.091556	3.357424	-1.093140	-1.603108	-3.251539	-1.538831	2.686818
-0.463178	5.434266	2.804177	1.269396	4.437009	1.527723	-2.103427	-1.082608	-0.804247	3.266916
0.214764	4.733610	5.454557	0.521055	5.732996	2.933248	-0.950356	-0.214391	0.676442	1.851875
-0.625364	2.213072	3.265836	-0.516868	3.068584	3.595833	-3.507396	3.067213	1.299535	4.508494
-1.693263	0.673255	2.478515	-1.888773	0.229473	0.322177	-1.859748	2.919505	2.152834	1.297771
-1.046434	-2.385340	0.547394	-2.922860	-1.056838	-0.615823	-1.481711	1.691884	4.523438	0.656505
-1.917079	-3.615013	-2.135127	-2.974229	-0.991948	-2.662968	-0.550587	-1.113749	2.745649	-0.781007
-3.165598	-5.589462	-2.687647	-2.107881	-0.965559	-2.294460	-0.521676	-2.501294	0.636666	-1.994667
-1.509792	-4.144187	-3.603766	-3.185116	-3.236870	-4.210802	-0.784978	-0.596752	-2.954610	-4.877876
0.249936	-2.409587	-5.402183	-2.599234	-0.810081	-5.824094	-1.026893	-2.307421	-2.387280	-3.310237
2.974586	1.162440	-2.312098	0.479564	0.032506	-2.293940	-0.773223	-3.715502	-1.866042	-1.965651
4.987856	2.577894	-0.254511	1.069779	-0.269808	0.569560	-0.226167	1.165105	0.493803	0.533179
2.757046	5.109177	-1.113322	1.782809	1.739676	0.384803	-2.481426	0.549100	3.749956	1.507153
0.990354	3.708789	-0.377829	-0.888645	-0.700741	0.413387	-2.534700	1.595083	5.229316	0.102567
0.004178	2.235431	-0.302232	-3.401784	0.314139	-0.888589	-1.491589	3.337454	2.040284	-1.905881
-2.724983	1.487905	1.206568	-5.138907	-2.145384	-3.163529	-1.055894	0.580813	0.476959	-2.371092
-1.991930	-5.139389	-1.029427	-4.579516	-2.132710	-7.028534	0.245284	-0.791740	-1.602558	-2.718069
-2.069864	-8.181249	-2.636918	-1.392211	-2.704238	-5.895305	-2.238955	-0.055305	-2.801468	-3.143013
0.551114	-5.722476	-2.145904	5.743709	-1.848471	-4.105546	0.497390	-2.826083	-1.762170	-3.087728
-2.320999	0.124232	0.198516	5.201542	0.152394	0.592342	3.062517	-4.077673	-0.630465	-1.538314
-0.917504	3.052377	2.428441	4.614489	1.793754	-0.228343	1.586026	-4.682676	-1.880452	0.114425
-1.648101	3.507858	1.838973	1.472949	0.505909	-1.112804	1.391217	-3.734493	-0.424133	1.952388
-0.445793	2.853177	1.602211	-0.898878	-0.888939	-1.418942	2.746090	-3.457023	-0.305308	-0.853227
2.685920	2.215635	2.346156	-1.374093	2.049707	0.763940	0.291344	-2.832766	1.278224	0.231276
3.487736	3.756932	0.687209	1.679305	-1.012051	3.576641	4.185178	2.180376	3.853861	2.510096
6.054353	5.488369	4.776669	1.956514	-0.566215	4.856357	2.923493	1.829503	5.011904	4.841231
3.559470	3.147648	1.534137	0.646535	-1.127784	3.586387	1.910788	4.796716	5.491852	4.210979
2.755986	1.738468	-0.031687	-0.492133	0.316841	3.542628	-0.341037	1.105313	4.245305	3.160236
-1.735602	-4.615768	-0.921102	-1.483291	0.844659	2.349679	-1.486282	3.054294	2.578361	-1.127399
-2.010793	-2.472162	-3.439008	-0.780638	-1.951128	-1.978263	1.396751	2.231659	3.605821	-3.293828
-3.125890	1.658089	-1.043605	2.538925	0.023278	0.130000	0.659863	2.637107	3.807483	-0.293655
-3.865295	2.850285	0.000608	0.405197	-0.100122	-0.686035	0.404954	0.926137	2.596148	-0.342681
0.658292	3.068227	1.382231	1.586379	-0.716130	-0.828469	3.186222	1.203449	-0.749186	0.733491
-1.785332	2.705616	2.181964	-1.257130	-1.135344	-1.105706	2.333368	-0.581858	-2.000719	0.306260
-1.295167	1.724951	0.810707	-1.812931	-2.305766	0.705954	2.679892	-2.119984	-2.008352	0.180021
1.184985	2.093134	1.018961	-3.368724	-1.202195	0.315307	-1.579707	0.654769	-1.871186	-1.216326
0.149422	2.154966	0.359726	1.290491	-2.299032	0.323951	-1.869330	-0.360198	-3.091422	0.360616
-2.314158	2.218846	-0.484497	-1.105186	-2.424577	-1.445615	-3.646776	-0.935087	-0.541661	-0.869856
-1.574455	-0.510923	0.422091	-1.525057	0.202269	-4.142295	-4.548947	-2.167799	-2.224303	-3.754245
-1.673471	-5.547043	-1.930410	-1.198721	-2.658092	-7.651091	-1.705141	-1.361133	-1.756750	-5.637052
-1.000808	-10.096211	-3.227698	-2.698080	-1.319862	-8.562804	-3.195461	-4.671292	-3.601202	-5.881981
0.451332	-7.124129	-2.147374	-0.906232	-0.618241	-3.767538	0.117695	-3.777076	-2.737061	-3.602933
1.046349	0.159606	-3.424938	3.080420	-0.219029	-1.219194	1.096325	-1.972686	-1.503528	-2.083611
1.427340	2.964693	0.124710	0.540177	-0.663226	-0.393275	0.206529	-0.060723	-2.713303	-3.123518
0.945704	3.718233	0.806072	0.106539	-1.446632	-0.839984	-0.582493	-2.131388	-1.482689	-3.400555
-1.282360	5.445725	1.256746	0.372105	-1.557148	-1.881222	-1.629942	-2.744281	-1.606986	-3.449527
-2.349254	7.451172	1.945233	3.001974	-1.545173	-2.437291	2.821783	1.237096	1.062104	-2.235335
-3.471280	5.468572	4.371333	4.112146	1.276292	2.703705	4.648080	3.599441	4.446381	0.880119
-2.443939	5.275927	5.141846	3.863120	1.868947	2.017065	2.723050	3.718355	3.715342	2.156031
0.037368	3.963137	3.891073	3.211996	2.176891	2.915586	2.392192	6.386836	5.679887	2.604800
0.129538	0.844401	0.169412	2.562274	0.693326	1.997765	0.492505	6.605582	6.142913	2.276622
-1.305629	1.674921	-0.044234	-0.339846	-0.151250	1.309502	1.722289	1.877993	3.548521	-2.223104
-0.346736	2.104597	-0.371468	0.607833	3.921163	2.421693	-0.169856	2.681567	3.134007	-0.510982
0.820516	3.779828	-1.533488	1.577213	3.862065	1.189435	0.657070	0.200504	1.431971	0.502487
2.154326	4.318715	1.388606	3.828092	5.227456	4.741628	1.769065	-0.033099	3.675111	1.020699
0.287592	5.651358	1.724313	6.268071	5.486036	3.511867	1.204430	0.279758	-1.097374	1.497052
-0.625787	3.226558	2.951333	3.111048	7.535605	1.750352	6.494864	1.669673	1.736813	2.866643
-1.638014	4.168113	3.321467	5.454323	5.298462	4.234080	2.794567	2.827845	1.850571	4.146571
-4.459589	3.247426	5.208614	5.352396	4.152908	3.048348	3.045437	3.905373	1.853599	2.198531
0.306886	2.381095	2.834874	4.497865	4.004942	0.724254	2.857576	3.198555	1.477095	2.523423
-1.155491	-1.030280	2.246147	1.979131	1.653564	0.923397	0.430282	1.778490	-0.106943	0.268343
-2.093921	-1.180098	3.488534	0.100893	1.747373	1.522673	-0.933446	2.468176	0.753083	0.425288
-1.233306	-0.301660	3.792033	-1.861349	-0.525229	1.518680	-0.717107	0.069212	-0.099529	-1.085243
-2.174647	0.336335	-1.066555	-2.276197	-0.261444	-2.068483	-4.450602	0.504696	-1.621680	0.452346
-0.413046	-0.397414	0.219969	-2.199651	-0.567572	-4.986719	-2.957932	0.227527	-0.998273	-2.387346
2.389696	0.686394	2.440805	-1.756510	-1.095312	-3.542831	-0.696697	-0.641096	-1.342608	-3.305623
3.812177	4.520657	4.586254	0.012723	-2.481565	1.478680	2.207202	0.598124	2.125211	0.996413
3.907095	4.750577	2.162315	2.823249	-0.629831	2.393711	1.722665	5.877887	3.749883	2.485260
3.841649	5.165352	2.633187	3.653267	1.024489	2.681261	1.393292	1.985690	3.724905	1.356614
5.230139	4.172882	3.062770	3.537676	-0.190903	3.969427	0.421881	6.194033	2.805477	2.660674
4.002061	1.952868	3.083864	0.844976	-0.715910	2.413706	0.978532	4.321612	2.320795	3.224938
1.318515	2.555709	2.030369	-1.239234	0.218871	0.293497	-0.121656	3.722028	0.512458	-0.073899
-0.806102	-2.488296	3.613685	-3.857354	0.176237	-1.648202	0.339318	1.850877	1.058264	0.760463
-1.708389	-5.484247	0.299810	-1.564685	-2.073111	-3.282594	-3.348148	1.049959	-1.376890	-2.293080
-1.208849	-11.222743	-3.184455	-3.089328	-1.655172	-4.879181	-2.885354	-0.336129	-3.116005	-4.812729
-0.348284	-6.702487	-4.394111	-1.134083	-0.013048	-5.689264	0.009199	-2.092588	-3.420285	-3.994588
-1.345395	-0.487277	-3.124358	-1.425351	0.667362	0.005054	0.459710	-2.034021	-2.577130	-1.474759
0.871718	0.905085	-2.219697	-2.382032	1.810857	1.449971	2.397879	-3.874227	-2.501744	2.149756
-2.127549	0.632599	2.826172	-1.632527	2.008638	2.268986	3.500406	-3.506911	-2.147128	1.862955
-1.999595	0.392465	3.147748	-3.478737	1.254304	1.905695	2.402089	-2.454673	-1.759185	2.517534
-1.244624	1.479381	1.859931	-2.962663	-2.714045	0.130398	3.276028	1.971785	-1.342017	1.020792
-0.896735	4.594548	0.533121	-3.706005	-2.478309	-0.070009	0.691422	0.497661	-0.327826	0.689126
-0.752930	4.473364	0.114916	-2.659563	-3.093288	0.254474	-0.000829	3.294852	1.276885	2.063834
-0.528812	2.272130	-1.385383	-3.383839	-2.388783	-1.801755	-1.543127	4.316358	0.967014	-1.083187
-0.610880	-0.279256	-1.444678	-3.366832	-3.223093	-2.672800	-0.572472	0.386876	1.592459	-2.059239
-0.354538	-7.058694	-1.670069	-2.356745	-2.865418	-0.498460	1.615036	-0.898896	-1.330383	-0.250823
-1.935185	-11.281286	0.627744	-2.453776	-2.429560	-1.081940	2.153795	-3.464060	-3.829114	0.478756
-1.781624	-9.170431	-1.679141	-0.713128	-2.025917	-0.316739	-0.527395	-5.093917	-2.495836	0.761798
-1.565855	-7.612530	-2.383223	-1.571100	-2.058390	-2.955260	-1.930735	-5.535070	-3.855052	-3.018400
-0.401080	-3.242585	-1.676604	-0.819193	-3.409979	-3.612705	-2.688927	-4.732420	-3.291865	-3.010541
-0.905601	3.254604	-2.731685	1.133791	-0.411985	-4.669576	-2.329369	-3.945770	-2.617276	-1.786826
-0.084218	2.212836	-1.067965	2.699453	0.300793	-0.702674	1.206235	-4.424322	-2.533388	-2.737958
-0.475634	1.450910	-2.435447	2.449891	-0.398845	-0.929301	0.034687	-2.632678	-1.824704	-2.812138
0.325851	-2.066775	-2.575130	1.735406	-0.794601	-0.027059	0.084284	-0.820239	-0.618426	-3.281470
-0.641764	-1.141320	-2.127815	-1.607405	0.958327	-3.194949	-2.718474	-0.616908	-2.252156	-2.910256
0.104619	-3.452225	-3.751403	-3.847340	-2.814161	-5.016073	-3.243289	0.639114	-1.518498	-2.538296
-2.009602	-0.724391	-2.780496	-2.921602	-2.039567	-5.063832	-1.697159	4.818223	0.131047	-4.025895
-0.141927	1.147480	-1.237393	2.625109	-0.124690	-0.764029	1.370112	1.874619	-0.502223	-1.425952
0.991943	1.463187	-0.967896	3.254693	1.244470	-0.873364	-1.917476	3.227298	-0.098013	-2.273772
1.108206	0.886829	-0.847605	1.322449	1.832612	-1.246240	0.622477	1.650460	-0.252923	0.230545
0.419960	-3.596594	-0.581722	-1.103024	-1.288663	-0.879857	-0.197831	-0.688799	-1.735056	-0.659204
-0.711494	-7.589683	-4.542347	-3.973727	-1.470756	-1.837017	-0.664301	-1.624080	-0.665616	-1.745821
-0.806559	-9.956141	-5.105382	-2.783059	-1.731766	-3.953422	-2.962333	-2.251185	-2.345804	-1.683707
-2.971936	-7.822468	-5.628127	-2.497923	-0.559794	-2.660773	-3.161028	-3.349217	-3.447823	-0.534865
-1.651325	-4.148764	-4.135882	-1.004518	-1.181740	-2.346171	-1.705189	-5.133378	-4.099875	-2.513396
-1.532528	-2.139432	-4.294351	-0.426146	-1.889804	-2.894117	-2.385915	-3.957269	-2.341963	-2.419403
-2.911446	-0.889172	-3.325532	-0.966006	-0.789986	-6.187214	-3.211108	-5.060093	-3.451990	-4.540688
-0.713981	1.669914	-4.491227	-1.083300	-2.373586	-6.205161	-3.326268	-4.758053	-3.736358	-5.962051
-2.555232	1.966125	-0.948138	-2.320328	-1.985304	-4.775861	-3.566098	-3.052049	-2.370969	-4.801295
-1.467302	2.256461	0.175835	-1.752492	-1.040841	-2.599115	-2.938997	-5.023785	-2.324126	-4.424822
-0.083890	0.803519	0.817791	-1.990491	-0.221696	-1.554223	-2.516668	-5.108162	-2.219731	-3.863833
-0.578100	0.135199	-1.249171	-0.073926	-1.674569	-0.796587	-0.347210	-4.004583	-1.917987	-2.130730
-1.190830	0.518600	-1.740153	2.927202	1.623039	1.918592	0.840674	-2.997949	-0.782097	-1.739616
-0.976783	2.245219	1.269245	2.747992	2.266728	0.933714	1.872483	-1.700563	-0.814662	0.844010
-1.728660	1.497056	0.919921	3.036343	0.556199	-0.401424	1.869418	-1.819528	-0.659486	-0.374956
-3.432060	0.749810	0.037074	1.800256	0.106351	0.760078	-0.740525	-1.594844	-2.017170	0.526085
-2.006186	-0.129821	0.296303	-1.002571	-1.151416	1.243620	1.368654	0.373185	-0.272818	1.050833
0.344862	0.370261	0.001508	-4.464338	-1.133001	2.792500	1.948755	0.064558	-0.969531	-0.674716
-2.556017	2.745257	1.280286	-2.627546	0.036094	2.385918	0.321075	3.261272	2.319688	0.421739
-1.735724	2.736663	2.877537	0.042305	3.816671	2.153772	1.097813	4.958726	4.296937	0.880694
-0.864260	2.058780	3.290760	-2.134887	3.576629	0.547062	-0.941931	5.029117	2.979113	-0.526850
-0.154226	0.829305	-0.006248	-1.498421	1.263268	-2.021612	-2.098859	2.493743	1.850414	-3.664296
-1.178722	-7.530863	-1.580986	-2.155699	-0.474012	-3.778653	-3.293172	-0.423598	-0.857363	0.622855
-2.351350	-8.342024	-1.731356	-5.753621	-0.572510	-6.344259	-3.940472	-1.922008	-3.164019	-1.320498
-2.274410	-9.637282	-2.027359	-1.469688	-3.133628	-4.810032	-1.612260	-4.084989	-4.628658	-2.548357
-0.272503	-1.286436	-0.009696	1.806501	-1.929264	-3.053373	-0.517436	-3.002344	-2.984980	-1.126522
-1.724830	2.748212	0.660030	4.492943	0.655281	-1.529581	1.023297	-2.919074	-1.930190	-1.772996
-1.028391	2.630160	-0.340780	6.404339	2.259407	0.657043	0.897838	-1.319781	0.513012	1.526922
-0.716387	3.704207	0.846072	2.883789	0.633414	2.412097	1.299287	1.044532	4.150822	0.204329
1.155581	2.526952	0.285684	0.257891	2.290202	2.550283	2.483141	1.814964	4.122839	1.427025
2.320812	3.999794	0.842856	1.060345	-0.635128	1.169298	-0.203100	3.172812	4.027160	1.141209
3.793106	1.752030	0.047086	-2.626350	-0.080977	1.496945	-1.329738	4.238974	3.569884	0.248079
2.508762	3.071959	0.837673	-2.796194	-1.464144	0.731521	-2.173874	2.932049	3.815907	-0.166766
0.349679	1.772481	-0.220485	-1.967987	-0.697730	-0.060674	-2.426410	0.305634	1.035928	-2.628825
-2.171742	2.840094	-1.997588	-1.810331	-0.000335	-0.143838	-2.618047	-2.593872	-1.552054	-1.283901
-1.198403	2.335596	-0.606238	-0.230724	3.100443	-2.845174	-3.294286	-3.443472	-0.937443	-0.398495
-2.823905	1.446587	-1.538536	-1.568969	1.714102	-1.704380	-3.658428	-2.318468	-3.578141	-2.239806
0.918153	1.639864	-0.044783	-2.160966	0.402543	-1.459857	-2.322876	-4.286261	-2.729149	-3.032236
-0.466730	-0.864474	0.670919	-1.757814	-1.593033	-0.151204	-2.467530	-1.221554	-3.825569	-1.880085
-1.506956	-3.284527	0.715269	-3.966715	-1.231228	-1.079722	-2.956192	-2.167848	-1.632103	-0.530555
1.349977	-6.363798	1.200566	-2.608469	-3.669740	-0.533311	1.144137	-1.563546	-2.284954	0.551354
-1.289733	-4.080988	-0.203691	-2.035876	-0.432169	2.228230	2.164655	-0.884049	-1.539223	1.164142
-0.957386	0.358703	0.948296	-1.285636	-3.251316	1.722901	-0.511239	-0.464559	-0.442812	2.889608
1.456217	0.559872	-0.672974	0.591949	-2.218280	1.861001	-0.795746	-1.100577	-0.124324	0.649151
0.557377	3.437919	1.341098	2.823280	-1.889161	3.388532	1.224732	-0.142007	-0.262059	0.838371
0.285992	2.091742	-0.084489	5.736257	0.780142	2.932294	2.092994	-1.402649	0.796681	0.830267
0.408663	1.425240	3.892763	2.930678	1.783428	4.222386	0.304039	0.140895	-0.076207	1.410639
-0.059911	-0.082988	1.460354	1.670444	1.668998	2.954710	-1.106136	-1.219178	-0.850624	0.953387
-3.370630	-4.850145	1.772281	-1.097746	2.068652	1.196766	1.036369	-2.002968	-0.797972	1.859910
1.475006	-6.878030	-1.574356	-1.613092	-0.162110	1.099354	0.137552	-1.071779	-0.837853	-0.652192
2.988296	-1.193545	-2.729359	2.619906	-0.247387	2.210575	-0.791289	-0.056310	2.145332	0.708581
2.766340	3.231308	-1.475028	2.442548	1.347321	1.023430	2.157746	5.519335	2.042382	0.903028
0.954338	4.446129	-1.101465	3.850033	0.631614	0.834019	0.034555	3.313356	3.672394	1.868450
2.273290	4.127116	-0.416871	5.632561	1.568892	2.460443	2.198837	2.837550	1.964068	3.958346
2.327996	5.400468	4.351452	4.788531	4.636957	4.215003	1.695489	1.291017	2.124301	4.148316
3.012255	3.904284	2.934304	3.107845	4.162607	2.333800	1.963311	0.046253	3.016392	4.870160
3.125568	0.003263	2.103783	0.931801	4.042944	3.073333	-0.113299	3.291459	1.401640	3.216679
0.647234	-3.693197	-1.903311	-0.448201	3.763968	4.200406	-0.230042	1.248732	-0.267356	3.738172
3.457954	-1.479096	-0.041081	1.782340	2.587279	3.255517	-1.206020	1.116270	1.492901	2.780439
2.511926	2.001864	-0.210326	2.231323	1.047278	4.590469	0.103866	2.054073	0.081311	4.085080
3.985153	2.288183	1.534951	1.265648	-0.668934	5.309662	-0.114585	3.626239	2.053373	1.899297
1.462732	1.923659	-0.715250	1.893115	-0.237259	4.209797	-0.846675	4.274166	1.924384	1.498488
-1.743735	2.487692	-0.466431	-0.377776	1.822306	2.263877	0.006895	1.275153	0.795945	3.677555
-0.785348	-0.052221	-1.451292	0.233075	2.151361	0.848701	0.904223	1.974898	0.621754	1.803097
-2.162308	-3.697678	-2.286934	-1.602632	1.369305	1.178971	2.643908	1.096801	2.547809	2.355815
2.729286	0.585017	-1.449559	1.528504	0.313840	1.442688	1.770349	2.363959	2.436110	4.457910
5.764734	4.474865	0.994632	3.059781	-0.678134	4.205354	2.918544	2.346372	4.277755	2.791282
3.658136	5.798465	1.868138	0.445100	-1.072917	2.199071	-0.222608	2.331438	3.132244	2.929131
3.949693	4.193715	3.608659	1.548162	2.630793	0.216538	1.192692	2.421156	3.189076	0.863058
0.763603	2.420415	2.675193	2.803966	-1.730405	0.477659	2.812941	2.708225	0.953149	0.903163
-0.999631	-1.926536	0.662539	-1.907887	-2.146110	-0.588265	2.755240	1.679144	1.104463	-0.589452
-3.415910	-8.260139	0.492397	-2.772898	-0.843420	-3.054034	3.637886	-2.238489	-1.475982	-0.925387
-2.048834	-11.119694	0.314764	-1.691565	-1.408436	-2.562944	3.345278	-3.254875	-4.306889	-1.333642
-1.916803	-5.926003	1.942442	-5.110390	-1.344657	-2.183195	3.044315	-1.359114	-3.490057	-1.175315
-3.365115	0.434734	0.448628	-2.388771	-2.933582	-3.993684	1.046396	-1.139909	-0.958088	-0.626606
-3.962871	2.174916	1.439922	-0.454309	-2.969511	-3.284011	0.176218	-1.358459	-0.747582	-0.887113
-2.870870	1.611442	-0.767978	-2.414403	-2.978142	-4.350573	-3.203218	-2.807366	-2.840139	-2.919637
-0.557812	-1.315787	-1.724372	-2.381752	-0.076876	-5.995667	-2.335814	-0.899431	-0.625360	-5.589975
3.814404	0.514127	-0.852960	-1.125357	-2.280611	-3.330593	-1.922372	1.078746	0.031154	-2.062527
1.882878	3.594983	-1.500244	2.487083	0.764254	2.739951	1.599007	0.948262	3.525202	0.943008
