X1	X2	X3	X4	X5	X6	X7	X8	X9	X10
-3.572592	-5.641138	-3.256178	-2.328351	-3.358852	-6.058347	-2.000396	-4.374266	-1.540548	-6.091802
-3.669024	-4.446962	-5.358229	-0.879578	-2.365119	-5.138260	-3.445158	-3.061011	-3.884030	-3.680474
-2.158134	-3.666950	-1.908384	-4.797111	-1.016900	0.619478	-0.676878	-2.108456	-2.373998	-4.934112
0.144177	-1.583905	-1.673444	-1.286748	2.035003	4.334166	-0.657355	-0.931400	-2.894352	-0.786017
3.325611	-0.580926	0.424592	0.764809	3.015890	4.096704	-0.004887	1.539858	1.245610	0.633810
1.757466	1.293285	0.343025	1.386462	4.546062	3.477189	1.957325	2.897020	2.630788	0.753466
0.334544	1.174527	0.922055	0.254109	2.280818	3.166722	1.239184	1.625186	3.280582	0.410651
-3.601055	-3.110000	1.609083	1.634552	1.513858	0.634501	0.867790	0.401958	0.617593	-3.147336
-4.288631	-1.796697	-0.833692	2.115890	-2.587818	-13.382074	-0.511255	-2.712664	3.218822	-5.186196
-4.140084	-3.920766	0.385132	-2.399377	-3.132811	-19.804606	-1.771051	-2.824078	-0.042830	-5.964431
0.873288	-1.439307	2.152155	-0.092349	-2.528520	-9.717096	-1.405295	-1.460582	-2.218263	-3.550842
1.988083	0.768879	3.505377	-0.178725	-3.107246	-0.749143	-0.497188	1.525323	0.339424	-1.303729
4.330603	2.509192	-0.152901	2.519295	-0.198990	3.340351	-0.534328	3.903939	0.187231	1.266306
3.530848	1.852029	1.689621	1.816310	1.459750	2.233484	1.835886	5.326667	1.003760	3.634562
5.162818	1.241791	0.055943	4.406921	2.310372	4.436855	1.852955	4.584009	1.819910	4.011138
2.329815	2.897676	0.912667	5.055027	0.402176	5.610964	0.652481	4.042965	0.920282	3.986734
3.650937	1.598084	-0.485508	2.695230	0.193362	3.279210	0.325063	5.012636	2.528778	4.010647
4.533787	0.512413	-0.021882	-0.503972	-0.001270	3.162090	0.103004	3.628723	1.739997	3.066578
3.418363	1.248863	0.386747	-1.429178	0.229880	0.139605	-0.259495	2.957529	2.373441	2.206924
4.327767	0.240533	0.049478	0.218513	4.644012	3.284053	0.185266	2.453952	0.435309	1.132086
2.525900	3.442622	2.391511	2.703999	3.911424	2.518733	1.573788	2.314095	1.780103	0.494862
2.665061	2.459229	3.933148	1.697582	3.936518	3.324444	1.946073	1.467159	0.484923	2.309852
1.851452	3.898554	4.983088	-0.059339	4.350993	3.871884	2.096421	-0.073056	0.426969	0.719154
1.249273	1.558895	0.525231	0.011437	2.823148	3.395154	-0.680366	-0.444448	0.996443	3.948968
-2.214076	0.176352	-2.654521	-1.462590	1.269984	1.451450	1.001913	-0.707117	1.510044	2.133192
0.153905	-0.124777	-5.334270	0.479979	-3.779400	1.516173	-0.272342	-2.547061	-1.386526	1.242927
-1.661081	-1.406792	-7.070414	-2.217855	-4.739503	0.113922	-0.497930	-2.519680	-1.449167	2.195371
-0.266336	-1.627894	-3.808754	-1.411892	-4.485727	1.045494	-1.058148	-4.654172	-2.829579	1.954623
-3.860258	-1.024384	-1.988289	-3.662132	-4.098071	-1.126710	-1.403198	-5.757537	-4.055060	-0.160717
-4.144447	-2.708362	-2.416019	-1.975975	-3.191735	-0.057393	-4.112477	-5.714574	-3.757211	1.209049
-1.447401	-4.498730	-2.656144	-2.738721	-4.451820	-0.260755	-2.524485	-6.055681	-6.727231	1.343422
-4.300422	-6.351089	-1.429864	-2.915769	-3.515426	1.968203	-0.817720	-4.322659	-2.853819	1.740400
-2.248307	-3.655339	-0.562378	-3.870520	-1.656152	3.544379	2.920218	-1.999705	-0.592475	5.110183
-2.727857	-0.668681	1.541814	-1.123673	1.586200	5.666673	3.133230	-1.831920	0.269502	4.053970
0.351330	0.717383	1.343711	-3.354728	0.732331	6.013483	1.329217	-0.170001	1.077912	5.396660
2.527554	-0.104546	0.875914	-1.418285	0.781141	3.843508	1.504780	0.341251	2.023056	2.162153
3.663215	-0.190570	0.070723	0.086656	-0.825971	1.815446	-0.568280	0.981337	1.893433	2.129249
5.243315	1.669611	-1.464162	-0.219305	-0.302204	1.428898	-0.297863	2.683658	-0.610854	-0.795855
5.202553	0.380695	-1.464740	3.040532	0.067740	-0.677439	0.559933	2.240416	0.668594	-2.493257
2.939131	2.954781	0.705887	-0.289332	-1.392937	0.678535	-3.132991	0.559910	-1.025523	0.584040
1.163849	4.356270	3.900620	1.457003	2.244464	0.962718	-1.517436	3.731042	1.395497	1.195138
3.339608	4.462759	5.262460	1.232836	3.811442	2.087310	1.988601	4.255312	1.204153	0.679735
3.730308	3.672049	4.765706	3.325768	3.031798	3.641908	2.640319	3.968421	3.433346	2.398230
2.411451	2.975038	5.553258	2.599700	0.871732	2.800613	2.999320	5.458670	3.370177	-1.521077
-0.062264	4.509525	4.270716	0.516531	-1.146957	-0.069378	0.401804	3.430760	1.347245	-2.219286
-2.417735	0.526010	1.295281	-0.976739	0.010931	-5.355465	-1.074928	1.506091	2.304752	-3.971997
-2.382462	0.058191	-3.867649	-0.227409	-1.721003	-8.285550	-2.993375	0.887563	0.869897	-4.996412
-0.224144	-0.543931	-6.915073	-1.157779	-1.912160	-1.764633	-2.512636	0.674378	-0.678918	-2.927431
3.117019	-0.759858	-5.579690	-0.621249	-0.103240	2.621284	-2.388912	0.389736	-1.898895	-3.160554
1.999328	-1.099092	-0.608402	0.845081	-0.109043	2.598200	-3.531200	0.168738	-1.092231	1.746618
2.154384	-1.133431	0.355692	0.092312	-1.859970	1.062914	-1.233600	-2.589116	-0.902227	2.821385
0.254887	-1.044178	-1.080309	1.336443	-1.007619	0.483326	-1.568513	-0.173925	-1.190983	-2.756053
0.142639	-0.019834	-2.017204	-1.518125	-1.534692	-5.854168	-0.615036	-2.639888	-3.617398	-4.476996
-5.195461	-1.132899	-2.594294	-1.761293	-2.809088	-15.207266	-1.987170	-4.059406	-2.719371	-4.616246
-3.637312	-0.412573	-2.224579	-4.179859	-2.159007	-20.148171	-4.380713	-5.189677	-3.806003	-6.965203
-2.445912	-1.170058	-0.243659	-2.114423	1.575650	-6.005184	-2.785766	-5.290601	-3.726293	-4.246566
-2.795962	2.368745	0.052665	0.480214	2.718884	3.528495	-2.353427	-3.420577	-3.140641	-0.997537
-2.160061	1.543635	0.291194	0.057353	3.916995	4.111364	-1.684797	-3.870906	-3.912047	1.588785
-3.629908	1.165313	0.786027	1.076393	3.671882	3.382222	-0.888674	-1.811486	0.294090	1.733800
-1.575602	-0.094724	-0.516836	0.181736	0.313746	2.465968	0.100843	-0.066417	1.683270	3.524106
-2.715843	0.242124	-1.082395	-0.309918	1.089886	1.838001	-0.945148	0.759000	2.509294	2.254504
-2.624531	0.938057	-2.251551	-2.988270	-3.728797	-1.005480	1.798056	0.178868	1.337661	-0.965206
-2.394764	-2.542727	-0.589003	-4.021519	-2.762704	-7.487376	-0.003545	-2.128915	-0.381529	-2.739125
-0.817542	-1.919329	-1.314053	-4.761265	-4.789634	-13.323689	-0.058351	-2.429847	-1.280274	-2.907453
-2.753565	-1.877048	-4.310001	-1.637207	-2.629887	-5.576818	-0.858162	-5.832529	-1.059875	-3.279391
-2.600331	-2.297487	-3.042446	0.210854	1.835136	-1.199567	-0.329277	-3.317360	-1.627932	-1.732637
-0.516441	-0.894546	0.451610	0.413120	0.558036	0.890666	-0.837795	-0.768740	-0.732944	0.460807
-2.925394	-1.022025	-0.200032	2.378189	-1.412987	1.621378	-2.119817	-0.085168	-0.040311	0.629441
-3.089288	-2.010526	-0.099174	-0.455437	-3.772133	-1.429332	-5.599841	-2.452145	-1.245034	-0.245235
-0.726025	-4.469949	-3.512915	-0.752759	-2.023603	-5.613563	-6.138068	-2.546370	-0.911211	-3.054221
-0.386902	-6.092196	-4.023555	-3.075776	-4.127896	-7.245819	-3.426596	-1.350343	-3.153843	-3.186517
2.285480	-2.385666	-2.639596	-0.206088	-0.734111	1.829302	-1.542727	0.215337	-2.979430	-1.775423
-1.500078	1.535339	1.360562	0.853206	3.410651	2.870497	3.454142	2.202669	0.592429	2.644561
-0.308476	2.667918	2.132520	2.914506	3.657189	3.401265	3.961009	-0.583047	-0.074866	3.616834
-0.342512	2.638671	3.167776	2.732811	1.236906	4.955006	2.286176	0.759190	0.516884	4.102996
-2.888287	1.009197	2.014629	1.121723	1.474599	2.892819	4.221742	-1.181721	-0.871220	1.902448
0.106900	-1.308305	0.879680	1.116441	1.472071	1.679903	4.217108	1.405622	3.329222	1.744090
1.233949	1.979664	1.572128	1.991066	4.661320	4.244857	3.631374	0.852317	3.598710	0.961020
3.674361	2.407403	2.486573	3.014898	2.881147	3.749579	4.205140	2.138365	3.518345	1.133240
2.977837	3.848412	2.249213	4.990437	5.359151	2.182670	2.459707	7.304066	3.434625	0.638649
-0.064524	2.935889	3.969048	5.401084	3.288535	3.170028	-1.999525	4.671819	3.499451	1.369048
-1.905221	3.121135	3.778079	3.684939	2.880496	2.054353	1.884244	5.600026	1.416324	0.129635
-3.082952	1.556947	5.119503	2.413702	3.470136	1.786743	1.992613	-0.133415	1.478943	0.533612
-3.894919	2.285626	2.521921	2.268373	3.919555	2.630897	2.316784	-0.895503	1.176408	2.532378
-3.032221	3.010971	3.131733	2.288854	4.100752	-0.706384	0.302557	-1.572439	0.232219	0.513934
-1.467356	0.698680	0.908836	3.636143	3.554229	1.282297	0.066731	-4.541022	0.426076	-1.367621
-4.359626	0.021553	1.153432	0.385942	0.693385	0.899041	-2.398894	-4.660153	-0.953520	-2.278887
-2.493929	-0.715611	2.553118	-0.538449	-2.313480	-0.552653	-3.227616	-3.858732	-2.764871	-5.715764
-2.805465	-3.243012	-1.037904	-4.370331	-3.606964	-0.251687	-5.070137	-4.141459	-2.166075	-2.138151
0.500966	-1.154152	-1.066437	-4.688702	-5.284069	-0.457360	-4.696456	0.335466	-2.342834	-1.835348
2.871365	0.563769	-2.439981	-3.103762	-3.209393	0.643825	-1.148574	1.331743	-0.785146	-0.335056
3.289531	1.693450	0.988864	-0.738912	-1.391638	1.387070	2.397811	3.852870	-0.052713	0.025026
1.995265	0.925990	-0.166103	0.167050	0.027499	2.236772	2.003098	3.548449	3.066966	-0.103302
-0.153232	-1.104111	0.692218	-1.006477	-1.118183	-0.289868	3.174887	3.484979	0.955091	-0.088340
0.685539	0.599045	0.932724	-2.292292	-0.463284	1.269348	0.445678	4.081959	0.369961	1.438512
2.047479	-0.870743	-1.303783	-0.411694	-3.473004	0.410521	1.017470	0.779289	-0.005424	-0.665345
5.046288	-1.671574	-0.002705	-2.550884	-0.784242	1.464349	-1.537135	1.065369	0.832536	-3.306712
2.322066	-2.139950	-2.687843	0.822138	-0.455597	2.455932	-1.286639	1.560798	2.707142	-3.741489
4.481614	-0.941171	-2.957397	-0.755026	-1.572170	2.042469	-1.514840	2.785677	2.995592	-1.046675
2.354731	-0.306739	0.211532	1.261324	-0.164761	1.846061	-0.926240	2.802504	3.043288	-1.129270
0.771218	0.010946	-0.539257	0.830587	2.531632	2.708805	0.651961	-0.122721	0.831627	1.551525
-3.073024	2.198683	0.549936	2.041764	3.216908	2.396203	0.641764	-0.763397	3.288611	2.184813
-2.403297	0.633172	1.799509	3.199956	3.352667	3.452452	0.685869	-1.142826	0.600739	4.709991
0.645400	0.890811	0.353762	4.288162	3.125511	4.579654	2.617974	0.069091	2.357811	3.146261
2.306768	3.175399	1.121794	1.618383	0.146538	-0.161293	0.928581	-0.019744	1.708526	2.784623
2.831707	2.039637	1.388505	2.774320	-0.988649	0.281111	1.808989	-0.427134	-0.449015	1.361377
0.270016	3.868223	3.399793	-0.461427	-3.376952	-1.702934	1.334197	-0.005678	-1.256413	-0.933877
-0.219005	2.109356	3.090259	-3.187058	-2.343269	-2.067029	0.394806	2.330322	-0.718168	-2.125138
-3.943955	0.713236	3.451400	-2.044574	0.777700	3.045427	-1.425284	2.459668	0.878020	-3.367107
-2.315234	1.288662	2.031316	-1.717672	2.097655	0.265132	2.588925	1.289157	-0.680550	1.639917
-3.400642	1.714932	1.759007	0.383947	4.241796	1.745086	2.430135	2.361389	2.324722	2.817335
0.545420	1.461148	2.033971	0.235383	1.231124	3.656189	3.929844	2.824864	-0.438965	0.576246
3.739554	0.171106	0.371808	0.213136	1.326940	3.018242	4.701352	4.363581	-1.155210	3.321450
5.722658	1.659808	0.999517	-0.680492	-0.972357	3.208243	1.545460	3.009040	1.265886	2.381249
5.130533	3.177551	2.477097	-1.117702	-2.542266	1.671492	2.395567	3.202439	4.208023	0.079941
2.836378	2.182236	2.819347	-1.692394	-1.299187	-0.910010	2.906972	1.654279	1.131301	0.262529
-0.481306	-0.908839	4.982066	-2.635667	-3.279019	-4.658464	1.934476	2.827658	1.293018	-2.026790
-1.485519	0.215626	3.886654	-1.986320	-4.299161	-5.088669	1.169878	1.344777	0.474475	-2.243613
-4.657661	1.884630	2.677710	-2.075155	-2.746314	-3.421127	3.903177	2.744133	-1.379028	-2.392040
-4.658634	0.321972	3.118332	-3.607169	-3.440577	-3.757337	3.180874	1.680627	-2.349293	0.305828
-2.526236	1.882551	0.096021	-2.144863	-5.214550	2.238200	3.383268	1.395558	1.260381	0.917091
-2.628767	-0.460033	-0.259125	-3.612237	-2.908632	2.479886	1.648759	3.920724	2.103293	-0.543148
-1.421929	-0.766181	0.923892	-3.787490	-4.985722	1.633720	2.542846	4.649127	1.024043	2.488008
-2.228420	0.040207	0.123574	-3.647322	-3.444721	1.938801	3.016129	4.411863	1.367430	1.933462
-2.319942	-0.119172	0.605917	-1.252333	-1.302227	1.911730	3.659207	2.167734	1.809054	2.813512
-0.468694	-0.516017	-0.236477	-0.548422	-0.287341	0.297208	3.270681	0.618838	0.214515	1.259360
-3.725276	-1.763729	2.135089	0.183110	0.604638	-1.131367	2.190750	-1.621127	1.338011	2.023706
-1.530690	-2.642309	1.741415	2.979965	0.384210	2.738906	-0.091087	-3.114559	-2.869456	0.878050
1.955566	-0.134358	2.147700	-0.282458	0.455876	0.921728	0.117570	-3.185861	-1.275989	2.424693
5.198491	0.839724	-2.683457	-1.396858	-1.639563	4.089899	-1.932480	-2.059733	-1.486087	3.294434
4.868385	-0.557864	-1.617657	-2.299935	-1.525708	2.271618	-3.575036	-0.754776	-1.819851	1.392874
5.881247	0.321777	-1.629600	-1.054989	-0.380558	-0.010314	-2.694599	0.917410	-2.416581	-0.740986
3.049377	0.604346	-2.665188	0.297781	-0.410412	-2.499296	-2.445970	-0.759377	-1.436477	-3.967346
2.447075	-2.099057	-4.272822	-1.409126	-2.465770	-5.738129	-3.015249	-1.683538	-0.602042	-5.538607
2.410641	-3.830233	-2.888501	0.222991	-2.182831	-7.781612	-3.949737	-0.115472	-0.379773	-7.137866
2.077675	-3.252684	-2.768128	-3.090767	-2.228596	-4.058146	-2.015934	-1.003582	-2.885173	-4.820025
1.798276	-1.694209	-2.538703	-0.135401	-1.291063	-0.220528	-2.779941	-1.186768	-1.491342	-0.663783
3.855643	-1.382009	-1.428427	0.018190	-0.373632	0.352740	-1.259558	0.763269	-1.240981	-1.060839
5.910778	-0.938586	-0.782901	-1.026294	-0.585104	2.102859	-0.075585	1.090329	0.209911	-1.616393
5.354478	-2.405939	-0.001525	1.696747	-2.191976	1.919030	-1.116223	0.452810	0.403933	0.598955
5.406645	-1.127370	-3.368202	1.410714	-2.113050	0.132854	-3.281373	2.717712	-0.872216	-1.936794
1.841377	-3.224679	-1.770430	-0.311494	0.372776	-3.639671	-2.236135	0.187733	1.080263	-2.928140
-0.912125	-0.430168	-3.128112	-1.371476	1.400002	1.737958	-0.937010	0.357173	-0.160530	0.831417
-4.187062	-0.881436	-0.016449	3.376468	4.756729	4.344640	2.013203	-1.517069	0.910305	1.370878
-3.674734	1.114415	0.334060	3.659839	5.266556	5.418977	2.536101	-2.093894	0.791066	2.079042
-1.923742	1.195284	1.242212	4.238936	6.821985	4.537868	0.873786	-0.546103	1.976454	2.589112
0.186514	-0.384528	-0.780692	4.422659	3.845415	1.936014	0.622156	-1.054997	-0.839133	0.487086
-0.961266	-0.043523	-0.219755	3.328210	1.222948	-2.566184	0.941610	-0.811977	1.080506	-0.191934
-0.918383	0.826198	-0.631676	-0.301212	-2.936017	-12.771025	-0.729651	-2.686244	-1.258431	-3.260149
1.392263	-2.537265	-2.155856	-1.008807	-6.045279	-21.097510	-0.071129	-3.980598	-4.939344	-2.351158
-0.570328	-4.558512	-1.670197	-1.843775	-6.547638	-27.340136	-1.495224	-4.414641	-3.727734	-0.282061
-2.712757	-4.731746	-1.478999	-2.543715	-2.594693	-5.367804	-2.093136	-4.523073	-2.213901	-0.256057
-0.539324	-1.961466	-0.757664	-0.081727	-0.098443	0.663687	-0.407967	-2.710695	-2.899445	1.087154
-2.169530	2.524427	1.670409	0.856988	2.330111	4.842237	0.078684	2.940591	0.333431	-0.249728
1.074426	3.116232	3.154018	1.172632	4.411670	6.269149	1.997216	2.634885	1.385029	1.358499
2.678742	3.756048	4.092762	2.749003	3.685834	4.566022	-0.443973	1.639785	2.085247	4.468733
2.929419	4.179576	4.300240	1.435004	3.207205	4.363756	2.075318	1.582992	0.836585	0.911676
4.239355	2.903513	4.505852	0.866732	-0.346719	0.487554	1.999589	0.269203	-0.031458	0.567928
2.385651	2.537159	0.945897	-1.742611	-3.825736	-9.420684	2.546137	-1.702381	-0.228483	-1.887311
-1.697794	-0.512986	-0.994626	-2.172425	-2.956245	-19.313258	-0.339037	-0.407262	-1.216790	-4.110540
-3.529380	-1.744923	-3.224119	-3.114211	-3.719148	-24.079266	-1.056734	-2.422441	-1.453479	-6.150659
-4.005607	-4.943953	-6.704181	-3.168467	-0.949942	-2.632808	-1.651554	-4.094719	-3.235452	-4.657068
0.861223	-4.112776	-5.386013	-1.476395	1.817171	2.417417	-0.997498	-2.337896	-1.176609	0.751934
-0.670789	0.505906	1.343282	0.883507	3.163493	6.813010	4.086833	-0.097474	0.468849	4.237747
0.415256	2.530393	3.046706	2.638237	1.863724	3.210773	5.601138	0.240747	1.999822	3.026371
0.158657	3.799485	2.224157	1.964997	0.762865	5.856205	2.799718	0.124865	2.903209	3.579408
-0.503185	0.762080	1.524233	0.623686	-0.030186	1.425008	3.975071	2.865781	2.465909	-0.478144
0.801929	2.015978	4.022035	-0.712396	-5.426026	-1.775217	2.395497	1.386892	2.061022	0.032318
-2.794001	1.581579	1.004162	-2.733048	-2.156156	-0.498169	1.985594	0.445498	3.858448	0.265992
-2.375876	2.849381	1.910012	-1.026371	0.269025	1.914253	1.774264	2.314398	4.742384	1.894079
-2.328797	1.146384	1.708885	1.667236	2.021816	3.662050	0.473504	2.503891	3.066332	2.153580
-1.658163	2.106388	2.450480	0.853572	3.114519	3.881422	1.845414	2.998076	3.257090	1.636795
-1.020275	1.661891	0.029697	3.460637	2.551933	1.696072	0.431694	2.830053	2.017457	-0.479776
-0.772333	2.537193	-0.682366	2.536533	2.214060	2.074699	1.732643	-0.834379	1.984033	-0.239332
-0.369238	1.999693	1.161891	2.068857	2.712698	-0.607695	-0.769840	-0.089422	0.521218	0.703427
0.323709	-0.334910	-0.575033	0.793711	3.795349	2.555192	-0.780456	-2.042376	0.812610	1.043901
-1.355191	0.624885	-0.164739	1.309995	2.657713	-0.221341	-1.820204	-2.233642	-1.830390	-3.973909
2.147462	-0.761124	0.237573	2.201108	0.748890	-0.948691	-1.039687	-2.087521	-0.131285	-1.140303
2.963565	-0.836338	-3.430099	0.289851	3.403980	0.734542	-1.372603	-0.599213	-0.207273	-2.327681
-1.263879	1.072244	-0.573454	-0.033477	-0.437716	-1.027041	-2.854955	3.058980	1.161743	-1.619441
-1.299473	-0.135481	-1.215894	-1.410575	0.005302	0.580162	-1.642042	2.208057	-1.182236	-1.670085
-1.357416	-0.726511	-2.804720	-0.331244	-2.708766	1.569651	-5.582266	1.773319	0.072689	-1.376012
-1.667609	-1.564349	-1.566231	-0.556783	-1.597920	-0.254072	-2.752926	2.218863	1.861117	1.814479
-2.133051	0.478306	-0.075730	0.724207	0.805142	3.803395	-1.462725	1.083290	2.522547	2.702488
-0.671945	-1.426347	0.153584	2.386126	0.990318	2.279651	-1.573761	-0.099102	1.989280	2.317416
-0.187788	0.855191	-2.461790	4.055974	2.288409	1.205498	-1.076237	-1.783114	-1.166486	2.579462
1.719317	-0.638881	-2.150453	0.265252	2.424016	2.816837	-1.382952	-2.734645	1.099449	2.897627
2.458470	1.221837	-1.151106	0.811658	4.018338	1.956270	0.399092	-2.108097	-2.896316	3.819511
2.889873	-0.557655	-1.022849	0.343694	2.393576	4.485998	-2.653604	0.803929	1.045518	1.751115
3.717623	2.252442	1.501116	-2.085941	-1.086870	1.791121	-3.164742	1.799332	1.042051	1.256338
3.441521	0.413526	0.015591	-1.776148	-2.147300	-3.731659	-0.418723	1.337813	1.150083	-1.621618
-0.575134	0.609298	0.920773	-0.799826	-2.185813	-2.373741	-1.920746	0.523070	0.230812	-4.375854
-2.642741	-0.174243	1.190561	1.096825	2.505691	1.317876	0.309987	-0.407898	-1.771461	-0.163269
-4.168702	1.203103	0.733857	0.547604	2.330711	3.782394	-0.631725	-0.021091	-0.180338	0.549637
-1.459716	0.119534	1.028358	3.577112	3.298949	3.495214	0.482119	1.173590	-0.073719	2.672864
-1.084283	0.459050	0.694064	4.923748	3.492403	4.066436	1.171017	-0.513156	0.938395	2.139713
-1.925704	1.260652	-1.555525	4.157312	3.675875	2.015562	0.843269	-0.369229	-1.728495	-1.265816
0.244220	-1.198663	-0.556210	1.274804	1.634965	-3.602007	-0.471726	-2.599429	-0.623692	-4.825124
-1.584509	-3.700994	-4.853593	0.192524	-2.908528	-14.563170	-4.231768	-4.138059	-0.990394	-6.061709
0.902207	-5.643442	-5.385572	-2.592328	-5.373503	-22.345925	-3.408459	-3.990317	-2.169304	-8.123771
-0.976932	-6.292307	-4.290749	-2.320552	-4.439460	-23.762272	-5.273799	-4.002706	-2.228921	-5.069011
-0.646326	-5.455191	-4.953725	-3.486849	-3.665299	-6.256109	-4.069988	-4.605625	-3.410146	-5.656627
-1.085275	-6.594593	-3.755499	-5.328319	-3.799220	1.320365	-3.297528	-0.559075	-2.344579	-4.237220
1.404921	-1.663114	-0.270373	-4.571661	-3.120322	0.291451	-1.642118	1.957143	-3.440221	-0.669989
1.952261	1.585846	0.918552	-1.332476	-2.231706	1.930450	0.164640	0.735530	-1.903673	0.221866
0.929946	1.375585	2.618177	-1.352164	1.260929	2.489463	2.801547	1.127883	-1.488435	0.725544
2.584375	2.469604	3.169801	0.698775	2.973483	2.754292	2.367200	1.070703	0.450493	0.481147
-1.416652	2.000103	3.530023	4.250040	1.177555	1.566437	1.967800	1.789689	0.900210	1.358775
-1.295535	0.549679	0.796943	3.131232	1.145847	3.220900	3.138946	3.121041	2.234115	1.820027
-0.896474	0.524834	2.437060	0.907250	-0.339243	3.983382	1.649637	3.941758	2.125208	3.308305
-3.416169	1.193066	1.459574	-0.840606	-3.246913	4.290084	1.797673	3.302539	1.049989	3.672107
-3.654520	1.756976	1.528184	-1.732435	-3.604164	4.871107	-0.685347	2.190285	3.294857	1.501435
0.048572	0.172162	1.613790	-1.779039	-4.658696	4.000452	0.191477	2.633294	2.855212	2.976389
-1.361593	2.771425	2.161291	-2.889118	-4.840108	4.026320	-1.492257	0.185567	0.934652	3.109869
-0.625214	-1.254136	1.426387	-4.661870	-2.852101	6.099913	0.043552	2.116402	1.638779	3.677074
0.138709	-0.090822	1.591577	-1.792098	-1.024674	5.195931	0.786402	-0.447801	2.157891	5.427406
-1.318625	1.867167	2.333461	1.721500	4.789172	4.864175	3.450093	1.117259	0.183088	5.817664
-0.005116	0.553731	2.757239	2.060423	1.856938	3.697947	2.685024	-1.449720	0.830469	2.410649
-1.141064	-2.234130	1.763710	1.097570	-1.294676	1.081647	1.991696	-4.082338	-1.416765	2.338861
-1.826768	0.902082	1.516373	-1.878658	-3.650371	1.639077	1.693106	-2.533896	-1.719216	1.705399
-0.604928	-0.568032	-0.735671	-1.706961	-4.695645	-2.959562	2.029955	-1.429593	-2.874583	-0.957035
-2.663945	-0.467472	0.429977	-4.017440	-3.370699	-5.822570	2.005642	-1.025030	-2.479967	-2.305842
-1.604119	1.438560	0.127116	-5.347094	-6.017234	-8.472446	4.590266	-0.723007	-1.769269	-0.996321
-0.097550	2.526165	-0.365054	-3.384725	-4.311648	-4.478288	1.388428	-0.658525	-4.565388	-0.095373
-1.324636	-0.122557	2.822767	-3.435232	0.527557	0.025705	2.419725	-1.414384	-3.832226	2.539602
-0.607780	-0.314508	-1.086422	-0.309315	3.983883	4.282033	2.732858	-4.532284	-2.652581	-0.127094
-2.109979	-1.276587	0.669780	-0.162075	5.150129	4.989898	3.688327	-5.604826	-2.984056	0.668138
-0.919235	-0.135994	1.067471	2.444089	4.237696	2.650299	1.369529	-2.449610	-0.446449	0.192498
-1.047247	0.526270	-0.756149	1.482576	4.983183	2.309340	-0.014734	-2.474935	0.015638	0.935186
0.484985	0.582104	0.642720	4.054586	3.973590	3.094819	2.801337	0.536997	0.132306	0.250303
1.889862	3.148210	0.835278	3.285319	3.933217	0.836838	-0.592960	3.573086	1.692454	1.355048
1.619782	2.750485	-0.207275	2.845474	1.103565	2.402998	0.962375	3.586933	0.103182	2.923123
1.834147	1.520531	1.880460	4.283853	2.611434	2.078800	1.385143	1.345636	1.497590	-0.875775
-1.539943	0.660547	2.949582	3.442054	3.062523	4.462644	2.913642	2.088997	1.913877	0.905857
-1.519889	0.489633	0.384692	2.928677	2.275333	4.326132	2.704171	3.108614	1.203544	0.980718
-2.824990	3.835889	1.295790	2.515323	-0.104237	0.605464	-2.011269	1.573187	3.581089	-1.287992
-0.623246	0.762613	-1.711426	0.536791	0.411914	0.266841	-2.903379	3.976017	3.220513	-2.476673
-0.082856	0.422507	-3.575454	2.319981	0.116386	1.759164	-3.283260	4.205303	2.484516	-0.913324
1.531279	0.239971	-1.778796	-1.094008	0.696278	0.808233	-1.983212	4.327344	1.969397	-0.680346
2.156860	0.060203	-2.799952	-0.360374	-2.757108	1.854750	-1.906536	4.776742	2.046957	-0.796539
4.098887	-1.076696	-3.592321	-1.203418	-0.487674	2.250114	-0.695632	1.326396	0.174195	0.526898
6.437460	-2.479226	-1.713404	0.144159	-0.694818	2.245827	-2.680501	0.215205	-0.864489	-0.367435
2.903880	-2.618088	-2.480602	-1.170342	-1.497042	-0.567810	-1.722342	-1.041830	-1.964696	-2.719038
0.793446	-3.919781	-4.922013	-1.851522	-1.386944	0.972102	-2.077157	-3.788810	-3.596124	-0.690212
0.963659	-2.861806	-2.646140	0.257520	-0.989626	0.895366	0.712954	-3.485934	-1.601275	2.017244
-3.449280	-0.983362	-0.209381	1.482483	3.173414	3.636980	0.952290	-3.717703	-2.236149	1.903231
-1.562672	0.834850	2.161863	2.755267	0.653375	4.485046	2.816052	-2.913816	-0.378144	1.822847
-1.916316	-0.696770	2.694193	1.089773	-0.605042	2.257865	0.936438	-1.702774	-0.981863	0.365493
-1.133112	2.870679	3.527207	-1.237500	2.759862	1.344437	0.403749	-2.498377	-1.252504	0.244370
0.140541	2.867796	3.694406	0.046348	4.089788	0.821162	3.773784	-2.403924	-2.448568	-0.079524
-2.440857	0.864681	4.399889	-0.118282	4.222335	-0.151658	1.046142	-2.588216	0.937646	-0.672387
0.581894	-0.112966	0.075558	1.450209	5.022804	0.405676	0.775024	-2.918153	-3.766263	-1.679120
-1.751406	0.601056	-2.417190	1.211121	3.098095	4.293766	-0.523972	-2.316834	-0.360895	0.236677
0.036444	-0.696254	-3.291852	1.040054	2.556708	1.956311	0.908255	-3.040460	0.129650	0.041205
-0.536256	-0.815796	-4.614931	2.110308	1.916942	4.490512	-0.854096	0.049169	-0.252827	-0.880737
0.944295	-0.656869	-1.328025	0.373284	0.406299	-0.252630	1.595374	-0.576846	-1.911127	-0.729149
-0.517803	-0.816074	-0.906735	1.923881	-0.891421	-3.333616	-1.030434	-2.474705	0.760950	-1.072130
-2.161250	-0.386711	-3.187460	1.059999	0.988880	-0.547544	-0.654921	-0.698910	0.983505	-0.714781
-0.929945	0.507122	0.228199	0.575038	5.086904	3.397186	1.571013	0.994742	2.140637	1.777798
0.699312	1.396023	1.078041	3.320600	5.638551	4.309674	2.131467	2.613449	2.937647	2.363708
3.078921	2.373493	0.122669	4.471582	4.906121	5.019420	-0.240058	1.356313	1.583534	3.891848
2.815383	0.414632	0.770980	3.809487	4.923313	4.518226	1.030036	2.127332	1.646599	1.241919
0.466199	-1.216560	0.122375	0.758013	4.041929	2.338690	0.831450	-0.613293	1.289642	0.963320
-0.896932	-0.763083	-3.142045	1.952560	2.626968	-0.165187	-2.185617	-0.710662	-2.103637	-1.645549
-1.454209	-4.677136	-4.714181	-0.467570	-3.319170	-2.297604	-3.155465	-4.645174	-2.198038	-1.886087
-2.699231	-5.046720	-3.721732	-2.841278	-5.823384	-2.272761	1.674806	-4.893930	-2.793861	-0.608394
-2.199998	-3.732533	-1.500900	-4.181864	-4.434474	-0.260658	1.270296	-6.118530	-2.858106	1.956628
-2.654510	-5.073277	-1.099883	-3.702727	-5.425940	0.910006	4.002104	-2.647173	-0.681472	4.465481
1.688434	-1.532950	0.527719	-3.070268	-2.714782	0.210529	2.470330	-0.817059	1.492441	0.697165
-1.711966	-1.064653	2.720205	-3.474687	-5.119500	1.369014	-1.087127	0.805112	0.962332	0.898878
-1.081009	-1.884885	0.950176	-1.954982	-5.185393	-4.195141	-3.159865	-0.218660	-0.729097	-3.678578
-1.327795	-0.811347	3.315032	-1.697454	-0.186262	-4.997034	-3.662086	-2.797475	-2.240747	-0.182604
-0.406524	-0.114037	1.749572	-0.498103	0.625495	-0.078367	-1.540589	-2.571833	-1.693218	-0.026599
0.007805	-0.939155	1.429698	2.469771	1.949577	2.499561	-1.323376	-2.955733	-0.895909	0.415935
-2.047207	0.110298	1.903508	1.890069	1.842485	2.163351	0.393255	-0.552775	1.343780	0.217200
-1.366460	-0.787777	3.257104	2.158292	2.349618	0.306802	2.054303	-0.813559	1.530749	-0.650205
-0.911054	0.048321	3.395985	0.267738	-0.358523	-0.763586	0.900067	-1.369886	-1.857501	-1.188280
-1.935889	-1.546409	3.292652	0.042809	-3.731137	-8.203212	1.267548	-2.317654	-0.389171	-2.402326
-0.452963	-0.741666	0.221004	-2.076495	-5.434625	-10.446777	-2.235455	-5.166463	-2.157760	-6.917341
-1.417577	-4.024549	-3.124558	-4.273774	-5.441886	-10.134381	-2.558641	-1.520614	-1.378168	-5.390626
-0.159929	-4.616259	-6.471533	-3.601027	-3.603320	-6.711923	-3.702911	-4.721106	-3.218794	-4.452482
-1.082820	-5.201295	-7.782523	-3.956955	-3.769827	-4.278305	-2.749964	-2.998640	-2.612439	-2.755108
-0.293849	-2.579157	-4.872626	-3.196457	-5.019905	-3.333225	-3.783702	-1.691014	-4.909401	-2.919204
-0.702315	-1.709443	-2.606843	-4.337532	-3.672856	-2.061584	-4.010823	1.878072	-3.120281	-2.687571
-2.008019	0.172045	-1.969573	-3.428381	-2.907178	-1.245282	-3.439929	1.323617	-2.886379	-4.413608
-1.051960	-0.335992	-1.455016	-1.662103	-3.619872	-0.599719	-1.644718	4.009821	-2.341393	-2.345715
0.939964	-0.894652	0.380128	-3.217497	-3.511737	2.647305	-3.048992	5.345386	-1.103625	-1.199294
2.703751	0.311463	-0.307441	-1.709063	-1.146972	3.446789	-2.978249	3.408710	1.251528	0.161857
3.320303	1.614856	0.113278	1.260499	0.400223	4.376834	1.577209	4.261695	1.319064	1.028937
5.440421	1.783325	3.108985	2.223989	4.479148	4.381039	1.522184	6.683240	3.692485	1.619347
5.869703	3.282072	0.830080	5.587109	6.058003	5.378004	1.572174	3.123246	4.050190	4.055285
4.857652	2.174796	1.802464	4.972258	4.605789	4.908228	4.370980	4.500813	4.061181	3.154752
0.359766	4.284099	0.751435	5.317137	6.484807	5.312812	2.397903	4.204441	3.695357	4.737749
-0.865252	2.472381	2.767096	3.823647	3.934856	3.925556	1.845241	5.439630	3.285218	3.840473
-3.285303	4.290042	0.765446	2.349787	2.508737	1.982959	1.175595	3.656781	5.219866	4.099627
-3.201487	-0.076318	-0.272015	-0.369341	-1.041549	-0.780480	0.447765	2.981393	4.715200	2.709409
1.344597	-0.273497	1.163914	-0.425738	-5.618403	-8.078360	-0.965948	4.482266	0.700621	0.227019
2.132549	-1.163096	0.067133	-3.244502	-6.565023	-15.595582	-2.263145	3.086302	2.390929	-0.821542
-0.228730	-1.425714	0.065742	-5.037934	-4.629009	-11.780846	-0.949426	1.591400	0.266924	-4.729076
1.320061	0.895749	3.548841	-2.659132	-3.414361	-6.774853	-0.481990	0.297860	-1.154692	-2.978181
-0.335980	-0.246606	4.775631	-3.054197	-2.686379	-1.621803	3.070762	-0.804618	-4.665620	-0.931358
-1.654150	-0.096478	3.043513	-1.225827	-0.742161	-0.012096	3.014331	-1.784733	-3.388659	-0.998608
-0.328850	0.109333	2.912085	-1.985622	-1.643908	-1.003932	-0.719684	-1.524785	-3.413709	-0.623630
0.516920	0.188527	1.814349	-2.966982	-2.387919	0.798187	0.828519	-2.126775	-1.400869	1.156076
-0.380339	2.351305	-3.257794	0.289394	-0.385393	5.037163	-3.143162	0.759798	-0.037440	4.184609
-0.149226	1.406767	-1.452046	-0.561093	-2.948130	2.136293	-1.825825	4.947635	2.339680	4.416469
-1.025742	1.550014	-2.047505	-2.536344	-2.324830	0.805478	-2.711472	2.111234	2.864791	3.440557
1.090314	1.978646	1.763929	-4.365956	-3.361891	1.334417	-2.864000	2.884697	1.243092	1.559271
-0.241257	2.960164	0.846256	-4.151131	-3.469415	-0.913590	-3.292211	1.298324	1.044386	0.596212
3.025544	0.981168	1.945377	-5.647666	-2.889599	-0.907444	-3.320604	-0.999286	0.200371	0.303280
3.915318	4.071459	2.384292	-2.166062	-2.029243	1.896655	-1.588980	-0.208832	0.927649	0.367474
7.347165	1.914837	1.106901	0.088682	-1.195548	0.303207	-2.537837	0.472785	-0.670081	1.244395
5.304685	2.755603	-1.193596	-0.491733	1.303588	2.780710	-1.015175	-0.396034	-1.630717	0.357741
0.591380	1.261957	-1.094498	-0.828807	2.324965	2.103064	-1.954496	0.960512	-0.999260	-1.744786
-1.200252	-1.886300	-4.331204	0.354760	3.616283	3.189769	-0.604797	-0.412679	-0.291809	0.329012
-2.866610	-1.587468	-1.883715	-0.672229	2.799544	-1.367676	-1.703679	-0.818406	-2.401263	-0.671963
-1.612593	-2.272846	-1.714831	-1.265676	-0.955052	-4.870071	-0.955143	-3.251568	-2.859623	-1.365514
-2.364701	-4.018834	-2.764250	-1.770978	-1.244006	-6.600817	-2.850387	-3.265767	-2.669688	-4.469239
-0.593234	-5.448832	-2.916172	-3.560736	-4.912115	-3.979314	-4.394111	-1.601701	-3.405257	-4.937139
1.621008	-6.672038	-4.529498	-3.887449	-5.802981	-0.529464	-4.733215	-4.932371	-4.778030	-2.401015
-1.426974	-5.765053	-6.057427	-2.947917	-4.879701	2.200133	-3.719599	-3.906076	-3.495506	-0.415665
1.302619	-2.822975	-4.564158	-1.979338	-0.916176	3.310977	-4.268463	-0.621118	-2.365486	0.397708
0.763488	-1.880505	-0.866291	-1.752911	-0.019705	4.637867	-0.651107	0.000305	-0.417769	1.768306
3.750833	-0.497942	0.836073	-1.632838	-0.275588	3.828902	-1.985229	3.030492	-2.545155	0.568728
3.747054	0.549115	0.131437	0.235385	1.148477	2.035982	0.859769	2.329944	1.303158	-0.049426
1.216051	1.419665	1.489399	0.953556	1.375889	4.796405	2.230989	2.814659	3.489668	1.485244
0.278825	1.520110	0.269560	2.756477	3.863050	2.240472	2.156130	0.464239	4.071278	1.124537
-2.732125	1.076850	2.278421	3.212349	4.029859	5.005582	3.342394	-1.907717	1.658886	1.317253
-1.067898	1.069185	1.351181	2.847571	1.013218	2.758634	4.482079	-0.897409	0.275993	2.226692
-1.051794	-0.709784	0.759942	2.007746	2.290826	1.785726	3.253087	-2.844037	3.080801	0.549253
-1.670813	-2.157657	-0.596597	-0.452628	-1.203315	2.600559	-0.115183	0.993799	-0.021892	-1.804263
0.054745	-1.272233	-2.830635	-2.728948	-3.293605	-6.301468	-3.174030	-1.159501	-1.811685	-5.296456
1.279580	-4.325412	-5.577673	-3.239615	-1.152843	-9.313856	-2.649253	-3.223737	-1.438676	-6.442128
-0.277308	-4.428994	-3.705009	-1.112227	-2.085429	-1.664006	-4.544354	-2.707510	-0.662967	-2.637378
-0.591519	-1.509778	-2.066243	0.254316	0.264937	1.539082	0.708970	-3.283719	-1.864256	2.811393
-0.680953	1.536536	-0.821775	1.705615	2.611457	3.956006	0.832818	-1.230565	-0.006144	2.943285
0.394591	0.206349	0.278495	2.927070	2.457731	4.025266	1.954689	-0.414148	0.763370	2.539199
-0.368588	1.425761	-1.380533	1.796882	2.690859	3.190861	1.730686	-1.201367	0.100187	2.556033
-1.109890	2.322073	0.511842	3.807352	3.433542	1.906791	0.512507	1.050276	2.582306	-0.932613
0.044585	3.994784	0.107521	3.348381	1.382981	2.033654	1.634253	3.526682	1.268628	0.833761
-1.494962	3.053495	2.395202	2.860868	3.306275	1.119650	-0.505175	2.231851	3.902553	0.750255
-1.797932	1.737807	1.377488	2.180715	4.367327	4.265477	1.452922	4.573682	4.167182	3.190268
-3.647526	1.310019	2.097277	4.899622	3.563335	5.373736	1.797745	2.171275	1.855014	2.969201
0.416758	2.948733	0.788470	5.096290	5.220301	4.856324	3.387294	0.255530	2.795550	3.381152
-2.115681	1.461148	1.495268	2.925720	3.677926	2.672342	3.317869	-1.237753	1.668490	2.853522
-2.545643	1.130965	0.877570	2.992012	1.489009	3.294989	4.808771	-2.257675	1.390735	3.657510
-0.617928	2.876184	2.711778	3.017967	2.719651	0.406062	5.222301	-0.911236	1.290885	1.705615
-1.869837	3.339505	2.163190	3.934285	5.092753	4.385163	5.095457	-0.531436	0.195039	3.389539
0.943131	4.171029	4.009008	4.813668	5.110616	3.550989	2.441840	2.547524	2.053998	2.310579
-2.409825	2.673955	1.703231	2.985614	5.079539	4.273040	3.234152	2.521145	1.593563	1.790136
-2.265404	1.104585	1.149460	4.614827	4.698223	3.352115	1.572391	-0.034974	0.570933	2.461210
-1.796907	-0.262182	0.529295	4.653505	1.332670	0.887112	1.096658	-0.037434	3.798009	0.434400
-0.939135	1.443655	-1.427363	1.104349	0.026978	-4.587268	-1.772047	-0.492334	0.262390	-3.140395
3.316613	0.921095	-1.305216	-0.729240	-1.745450	-6.220927	-3.087322	-1.618575	0.794278	-2.250674
3.616637	1.146539	-0.419962	0.234339	-0.656616	0.744134	-0.273369	-1.562058	-1.735529	-1.203138
7.015036	2.336187	1.714099	2.070586	2.779082	4.370414	1.859113	0.213917	1.357371	1.246512
3.321110	4.069540	3.303866	3.562502	4.068945	6.661212	3.855324	3.929250	2.727978	3.727477
2.402959	2.607597	2.017041	3.471486	6.176472	3.812227	3.435964	4.953640	2.905691	4.946656
1.411183	3.821959	6.246223	4.374841	5.269264	5.039158	5.605134	6.434288	4.237610	2.331647
-1.048619	4.827025	2.403711	4.584265	5.974921	2.027305	5.051734	2.731792	3.799637	2.765452
-1.836748	1.556996	4.299008	2.749360	2.997444	-0.330335	4.356164	1.544252	1.575770	2.149970
-2.582602	-0.953928	-0.107989	2.488427	1.415034	-4.960961	2.311324	-0.304533	0.961210	-0.887700
-3.122683	-1.974847	-0.065078	-0.467136	-2.295810	-13.651475	2.697815	-3.090062	-0.319743	-2.232059
-1.434991	-3.654461	-1.726759	-2.660226	-3.450586	-19.981678	1.501136	-5.050037	-2.194089	-4.067906
-0.252827	-5.069469	-0.108032	-3.291043	-5.544996	-14.388871	0.866587	-6.132357	-3.081028	-6.495343
0.721410	-4.875773	0.870202	-3.729588	-3.890237	-4.638356	-1.960831	-5.749124	-4.621060	-3.440269
-0.312381	-2.529072	1.546344	-2.483159	-3.768110	-0.486132	-4.195718	-4.592738	-1.964985	-2.788885
1.191600	-1.541365	0.626894	-1.001857	2.704585	5.332398	-0.753374	-0.589299	-1.833702	-0.511491
-2.018748	1.837947	2.861052	1.826420	1.933049	4.145734	0.729701	0.284092	-1.052813	3.214011
0.431575	2.742164	2.403018	1.455971	3.024082	4.195074	1.802108	-0.186365	-0.792316	2.761422
0.569169	3.356886	0.513191	3.509497	2.306585	2.808118	2.423045	-0.333272	-1.060312	3.329441
3.561532	3.451313	-0.592327	2.899498	0.217258	1.945564	-0.003986	-1.732328	0.835198	-0.323832
3.288365	2.638645	0.770362	2.525075	-2.739799	-2.098089	-0.424485	-0.792234	-0.989384	-2.253599
3.715567	-1.683418	-1.403941	0.455428	-0.493686	-5.461542	-3.387653	-0.561392	-0.753060	-5.015258
2.716638	-4.471277	-5.045836	-2.766043	-5.196503	-11.134896	-3.355890	-1.422900	-2.681028	-7.652012
-1.902922	-3.665131	-6.611923	-3.478237	-3.038848	-10.112053	-4.100494	-1.436661	-1.279490	-3.508560
-2.208115	-3.884480	-6.154803	-1.570355	-1.977423	-0.549712	-1.798468	-3.664075	-2.993346	-2.777704
-2.163341	-3.311425	-0.481876	0.015004	1.371874	4.567423	-2.484909	-2.241542	-2.547794	1.255558
-0.735100	0.285934	-1.698741	1.524341	2.329543	4.064153	0.416181	-1.823263	-2.265237	1.542423
-2.374493	1.154097	0.530402	1.565955	2.930983	4.960875	-0.730298	-0.648839	-1.472173	1.795491
-1.323120	1.360863	-0.481849	2.193247	4.944296	2.556989	0.082755	-1.441870	-2.159203	1.144063
1.986118	2.353134	2.030507	0.822816	3.315980	4.085294	-0.406160	-1.023458	-0.666027	2.582737
0.531221	1.075807	1.618571	1.067464	5.150537	2.521188	1.751556	-2.121402	-1.892246	1.363412
1.653388	1.430683	2.539841	2.683290	1.774466	1.770970	1.018004	0.081196	-0.576959	0.756188
-1.250181	0.143862	0.943217	2.888994	0.185768	0.650339	2.059583	1.073135	-0.661466	-0.158135
-1.209388	-0.952056	2.096999	0.299077	-2.036558	0.296893	1.839593	3.116716	-0.791268	0.372542
0.410968	-0.362073	0.544988	-1.531661	-4.084811	-1.537568	1.788935	3.827836	2.041334	-3.776881
-0.873314	-0.580587	-3.240618	-0.843221	-4.895291	-1.843847	0.871107	2.824196	-0.360659	-3.881306
-0.512036	-1.278000	-0.838718	-1.809402	-3.904198	-3.380743	-0.939589	2.584695	1.013553	-4.610633
0.481004	-2.940613	-5.172513	-3.979605	-3.488732	-4.477360	-4.740055	0.289331	-0.629131	-5.158863
-1.480397	-2.225824	-2.283003	-3.462128	-2.930192	-5.328697	-4.492590	-1.636095	0.414888	-3.698395
0.229861	-1.726035	-1.328488	-2.741673	-2.857980	-1.972057	-4.385594	-1.102286	-1.631088	-2.908431
0.474378	0.632353	2.665931	-3.358039	-3.136895	-0.867840	-4.147269	-5.359941	-1.426862	-2.973672
0.259953	1.346141	2.851954	-1.589026	-3.818136	0.443552	-2.152213	-3.684061	-0.898432	-1.552117
0.258985	1.722028	1.975681	-2.219834	1.129596	-0.698082	-3.877727	-1.987948	-0.740900	-2.168169
-1.144326	1.449714	0.349011	-0.154964	0.581601	2.397756	-0.267312	1.145698	0.584535	1.147574
-0.692181	-0.199903	0.239043	-1.189815	1.232579	3.868365	0.843833	1.446576	2.146971	1.356209
-2.220981	0.618978	-0.198221	2.200413	3.181030	5.902143	-1.007194	4.682384	3.346610	1.986737
-0.573027	3.180557	3.223616	0.637119	4.779854	3.276990	1.318209	2.661323	4.092949	1.316356
-0.732619	4.294131	1.891455	0.607603	6.121751	4.640304	1.615641	4.258992	3.727890	2.404366
1.841842	2.144002	3.455095	-1.054035	1.897720	4.496483	-0.403100	2.463389	3.509131	2.857767
3.322956	2.918168	1.513436	0.409506	-0.974437	3.149127	-1.929812	4.814113	5.342172	1.257657
2.101921	2.355828	1.274877	-0.957176	-6.236222	2.859333	-1.623097	3.842163	3.213513	1.483036
-4.000663	0.658283	0.208618	-3.282781	-2.702834	-1.360400	-0.475254	3.097640	4.569553	0.414103
-1.021296	-0.875068	1.347158	-3.040407	-4.407574	-4.129773	1.546215	3.779341	3.768291	0.303757
3.486719	-0.823527	2.250197	-1.415057	-2.084642	-0.659887	2.128111	3.518265	0.930529	1.752998
2.176783	1.149107	1.204134	-3.307530	-2.216437	-1.883245	1.442433	2.236513	-0.356636	-2.744575
0.910195	-0.737367	1.627169	-1.438827	-3.598561	-1.668947	1.560582	0.833482	-0.276603	-0.751062
-2.137346	-0.403050	0.161800	-2.526547	-2.644513	-0.106796	1.344855	0.754272	-0.468673	-0.797265
-0.295041	-1.094743	1.131828	-1.594191	-3.465293	0.581809	2.042353	2.674282	-2.677347	-0.732185
-1.022290	-0.965747	-1.078548	-1.124859	-5.018003	-2.395536	1.373976	1.816011	-3.212325	1.789479
-1.409295	-2.371961	-2.009429	-1.876853	-3.764541	-0.077031	-0.350077	-1.887742	-2.259307	1.826024
-1.295856	-2.649187	-4.231016	-3.606371	0.338392	-1.355178	-2.230306	-4.574179	-3.528694	3.120452
0.306926	-2.719126	-3.758509	0.080785	4.326695	1.092421	-3.158813	-4.761599	-2.168186	1.635560
0.664951	-2.147578	-1.866109	-0.487385	4.154169	3.962065	0.715204	-1.654005	-1.281485	2.005647
4.423516	1.091156	2.891084	2.523519	4.905012	4.465153	1.705142	2.022403	0.858610	2.370214
2.707523	2.858175	6.395469	5.766797	5.543925	4.838983	3.278102	3.219324	3.422998	3.184860
6.678069	3.582779	1.886245	5.465447	4.657408	4.911153	3.157783	4.722857	3.459678	2.836583
4.464953	3.157366	3.827811	5.024369	5.000260	3.218962	3.067684	4.200900	5.021750	4.201582
2.980376	0.746236	1.236166	4.262064	3.095481	1.508408	3.070205	0.798153	3.578914	3.570658
-2.349064	-2.046512	-3.617090	5.405529	-0.604829	-2.112909	-0.014054	0.360514	1.554368	2.387609
-3.060668	-0.220679	-3.241658	3.307166	0.267128	-4.109393	-0.563995	-1.207416	-0.125288	2.017234
-3.650936	-0.708065	-5.874838	-0.710727	-3.091846	-5.846044	-4.332518	-4.709841	-0.691855	1.738532
-2.008870	-4.459872	-1.981033	-1.283550	-2.123553	-6.200764	-0.962723	-5.401860	-0.795232	-0.605797
-1.257470	-4.863001	0.952859	-1.319304	-4.134392	-6.252654	-0.514811	-5.178075	-3.953622	-0.532153
-3.224937	-3.969652	0.630834	-2.460890	-2.571365	-3.207517	2.148017	-6.561586	-4.385323	-2.603539
-1.231272	-1.638526	-0.053906	-3.403807	-3.168772	-1.550353	0.353160	-4.018895	-4.900137	-1.435555
-1.329576	-3.652224	-2.064364	-2.168757	-1.588512	-2.881664	-0.075082	-6.781503	-4.421865	-3.300301
-3.821350	-4.466546	-1.979139	-0.452740	-1.634487	-1.971952	-2.715609	-5.692612	-3.871608	-3.307379
-1.152695	-1.280295	-4.545434	-0.827657	3.899104	1.214781	-2.104123	-2.992921	-3.692965	-0.338089
-0.971611	-2.922971	-2.613148	-0.742708	3.628560	3.904734	-0.700024	-2.437332	-2.152437	0.119868
-0.369800	-0.543274	-1.218283	1.526106	2.152980	2.950406	-2.649013	-1.945847	-0.372025	-1.616809
0.499338	-2.502206	-2.736240	1.565584	0.941364	0.509694	-3.637891	-0.265566	-1.752331	-0.806721
-0.269998	1.205132	-1.776319	-0.695574	-2.129688	-5.049403	-0.287158	-1.488091	-1.076753	-2.180368
-0.356809	-0.338960	-1.827122	0.517531	-1.912877	-1.705586	-0.447215	2.407978	-1.291694	0.547747
-1.552497	2.753617	1.016250	1.213997	1.831497	4.383843	1.516037	5.057338	1.349147	1.928826
-2.978661	1.790061	4.064596	1.801426	3.127033	3.259682	3.840698	3.084290	2.976068	2.493766
-3.107204	0.567172	4.711716	3.015115	0.754932	1.803029	3.054066	2.025232	1.134970	2.697467
0.832575	1.808548	2.889508	1.465264	2.013592	1.498483	5.054541	2.060263	-1.129050	2.020627
1.042575	3.662189	3.060171	1.882772	3.688613	0.874843	2.104522	-0.141318	1.419910	0.986647
3.249493	2.677393	1.688404	-0.225561	3.038895	0.696106	1.628908	0.619687	-0.469553	0.627825
0.743630	1.677061	-0.146993	0.412664	0.696437	-4.590829	2.050399	-3.685522	-1.828838	-1.374439
-0.918315	1.707490	-2.513623	-1.550354	-1.756762	-8.886963	0.397393	-3.907347	-3.032547	-3.185647
-1.969043	-1.812021	-3.884485	-2.704816	-4.987401	-15.710699	-3.643509	-5.422089	-2.903780	-7.177900
-1.860656	-2.184471	-6.003082	-1.344222	-4.474481	-13.937837	-3.186010	-5.349049	-3.073037	-7.182697
0.038246	-5.709563	-1.606615	-3.059274	-4.875102	-6.383081	-3.961910	-6.950727	-5.996220	-4.447341
-1.580338	-2.884397	-2.430783	-1.634272	-2.810566	-2.264830	-5.271209	-4.494126	-1.796129	-2.473132
-0.782009	-1.893674	1.952011	-3.195017	-3.240272	1.423113	-4.652709	-2.213646	-0.898265	-1.611371
-2.264467	-3.238196	2.191966	-4.050210	-1.799421	0.749346	-3.119910	0.313711	0.069172	-2.428259
0.851885	-1.748863	1.004181	-1.099651	-0.465613	-1.023232	-3.220913	-1.596255	-0.042520	-0.378696
-0.776252	-2.666076	-1.853345	-1.807741	-1.985749	-0.371023	-2.850919	-1.271146	-0.109540	-3.084484
-0.759580	-4.027936	-4.709413	-1.880182	-4.090829	0.015072	-2.139830	0.954637	2.000410	-2.686124
-0.796799	-1.580045	-4.774625	-0.542774	-1.264854	0.114250	-3.609045	-1.090907	0.447030	-0.180615
-1.504711	-3.512402	-5.823581	-1.933118	-1.088124	-2.370189	-1.643965	0.617022	0.928519	-2.984161
-2.076816	-1.604810	-3.302183	-1.209715	-2.134639	-3.487447	-2.515193	-1.532680	1.034477	-4.762860
-1.541715	1.411630	-0.117732	-1.510065	-2.216301	0.350273	-1.688827	-0.558411	-0.126398	-3.592314
-0.066209	1.626719	0.897771	-1.924769	-1.754508	0.068071	-5.776670	0.916126	0.013795	-1.233224
-1.099599	3.474454	-0.450376	-2.273329	-0.699463	0.653144	-2.656722	3.577530	3.252653	-1.231491
0.215514	1.898735	-0.739974	-3.409845	-2.469965	-1.335808	-2.970285	3.551301	-1.335722	-1.743516
-2.208171	-0.152539	-1.505323	-3.140518	-2.529714	-1.188788	-1.139458	1.786336	0.037067	-1.674399
-0.486755	0.746731	-1.310926	-1.436349	1.221789	-2.041998	1.905757	2.021836	-1.991579	1.413358
-1.309938	-2.091257	-1.549683	1.504461	2.146643	0.787062	2.120360	-1.713902	-1.817761	0.127155
2.976178	-1.325602	-1.676096	0.672912	0.294548	2.928689	-0.434851	-0.229677	0.388720	1.023491
4.822594	1.707093	-0.957066	1.513902	3.438204	5.295583	1.297423	1.792607	-0.241137	1.582765
4.384906	0.593929	0.753606	1.178731	3.541511	3.783540	1.258582	1.780452	1.942268	2.273476
4.350916	-0.008997	1.046418	2.600098	5.257668	5.297561	1.531624	2.957655	2.947834	2.878623
1.778222	0.120416	1.068369	6.162902	2.636974	6.336742	1.029650	2.541115	1.940760	2.148005
-0.947677	1.958265	0.440259	4.407942	6.889830	3.291883	0.428158	2.510431	3.197946	2.791522
-1.270281	3.898851	0.616585	3.201017	5.604335	3.577681	-0.096454	3.003002	2.950092	1.310972
-2.051293	3.244472	2.872346	4.421726	6.614688	4.993536	-1.045685	2.353427	3.814996	1.967455
-2.739911	2.267827	0.084741	2.731970	6.550790	4.208646	-0.185937	2.822806	3.714857	2.403470
-3.624638	1.077616	-0.953531	1.341345	4.652540	5.352709	0.240690	2.511236	2.974976	2.949916
-2.577974	3.488037	1.202028	1.498753	4.261638	4.461923	1.077295	1.484716	3.887052	3.205892
-2.198920	-0.468010	3.745117	2.105892	0.282483	2.149888	3.764876	0.201447	0.590584	-0.625203
0.559924	-0.224926	1.510935	-0.445439	-0.846125	-3.633999	3.344133	-2.442575	1.949071	-1.418969
1.785155	2.740487	2.505381	-0.205041	-1.677986	-7.167040	2.000165	-0.261948	1.825113	0.013292
2.061775	0.192130	1.418953	-1.151414	-2.590201	-7.399835	2.855772	-2.674475	-3.577491	-0.985020
0.052281	0.802200	-0.813151	-0.310760	-3.939469	-1.876386	5.641652	-2.695157	-0.025541	1.573394
6.386173	-0.133802	0.681369	0.799322	-0.227491	1.603806	4.788604	-1.868295	-1.412838	3.147533
4.783150	-0.121277	0.728111	0.404829	-0.203267	2.902338	3.080428	-0.458089	-0.611483	3.777296
6.913611	0.016573	0.524375	1.084362	0.337703	3.096409	5.244223	1.122259	-1.648775	1.616883
4.267556	-0.731652	0.024457	0.522419	1.215218	2.018218	2.629688	1.797548	-0.239216	0.849992
3.281283	0.668247	2.290658	0.479300	-0.108421	0.073163	-0.830277	1.715478	0.149393	-0.005377
-0.509907	1.612069	3.096476	-0.148197	-1.934015	-2.612457	-1.816474	0.116446	-1.226647	-1.054325
-1.078717	3.683714	2.038410	-2.210971	-3.493765	-5.942843	-2.480803	1.842652	-1.184737	-3.727153
-4.770246	3.203080	2.661858	-4.025424	-1.832169	-8.195998	-2.430466	-0.528304	-0.984179	-2.619061
-2.351595	0.983167	2.410819	-0.868556	-1.100329	-2.869523	0.278638	-0.507724	-0.136371	-1.757851
-2.428866	-0.338925	1.490992	-1.135069	-3.613644	-2.240918	0.995908	-1.726510	-2.757415	-0.336223
1.593741	0.336702	-0.336425	-1.783362	-1.700815	1.080914	1.901042	-3.204761	-2.321312	1.103021
-1.978474	-1.221652	-2.804533	-3.348538	-0.587642	0.705172	-0.270460	1.971921	0.420138	2.345582
-0.539113	-2.207388	-3.498833	-1.629795	0.283376	1.116055	-0.725499	0.787935	-1.559964	-1.379141
0.069024	-2.742407	-3.702326	-0.750236	0.979939	-1.149639	-2.555476	-0.902120	-1.157721	-1.802950
-1.414364	-4.522609	-4.326314	-1.306561	-2.129355	-1.212611	-3.376890	-1.119945	-1.851532	-0.999045
-0.862678	-2.861695	-3.513898	-1.364870	-2.719204	3.058637	-2.641944	-2.356740	-1.745897	-1.089827
-0.284818	-2.859365	-1.506480	-3.525264	-2.804209	3.719905	-2.618437	-1.127307	-0.606318	0.953704
-1.017985	1.582180	2.974840	-0.738244	-1.942970	4.910490	-1.459470	2.448053	2.246206	3.489846
2.859821	1.135139	4.378461	-0.449911	-2.179687	4.303792	-0.958945	3.074039	1.257774	3.713999
4.058498	1.683911	1.146780	1.644035	0.128541	2.788209	-1.817160	3.843951	2.055385	0.656563
3.924445	1.924897	1.114597	1.572193	0.280513	3.716340	1.532782	2.901987	-0.004861	0.015435
1.480763	2.883095	4.147810	4.145163	3.198130	0.525883	3.105981	5.535147	4.452836	-0.307483
