X1	X2	X3	X4	X5	X6	X7	X8	X9	X10
-1.271687	-6.953561	-3.965263	-2.151478	-2.076050	-6.220900	-2.425076	-4.390041	-5.439931	-4.872873
-1.806329	-5.169769	-1.380865	-4.754479	-2.602764	-7.040424	-0.801004	-2.927432	-5.801050	-4.749919
-0.137719	-1.540014	1.912929	-3.066727	-1.083609	-4.650235	-3.104840	-4.128978	-7.696051	-3.284168
3.450843	-0.448601	0.978519	-2.982326	-0.216287	-1.612736	-0.960284	-2.685382	-4.426538	-3.781325
2.710556	-1.166932	4.296303	-1.547278	-1.559600	0.848769	-1.376439	-0.649947	-2.260416	-2.063993
4.274321	3.031190	1.048780	0.428012	-1.306051	2.730177	-0.289106	-1.051275	-1.070390	-1.791874
2.765638	2.732461	3.266249	-1.588760	-1.310341	-0.357814	-1.974986	0.338531	-2.074463	0.553628
1.592907	1.821880	1.922009	-1.184298	-0.297873	-0.839108	-1.818181	0.175068	0.757259	-1.780089
2.373428	0.752041	-0.350041	-0.584605	-0.792848	-1.303808	-0.528493	1.045034	-2.337427	-1.291129
0.365702	-2.950556	-2.551604	-3.079885	-2.090069	-3.608516	-0.320722	-0.530175	-1.639126	-2.072895
-1.117073	-2.280517	-3.730979	-2.730542	-3.334638	-2.116837	-1.725970	-1.009360	-1.675343	-3.680290
-0.870695	-1.166243	-1.804968	-1.949580	-0.684458	-1.792972	-0.162540	-1.562825	-3.572982	-3.444116
2.321936	-1.161137	1.036727	-0.694903	-2.124530	-0.651225	-1.301431	-2.228472	-3.383747	-2.956677
1.609918	-0.042204	-1.049694	0.191286	-1.679156	1.007401	0.524555	-0.517204	-1.548143	-0.678876
0.042653	-0.463045	-0.999932	-2.000618	-0.956439	0.514904	-2.929184	0.639876	-0.520275	0.428085
-0.461659	-0.241764	2.449011	-4.327217	-0.983581	1.059280	-1.108249	1.515766	-0.406846	-0.208798
-2.333719	-2.748164	0.095533	-5.649617	-0.884884	1.178726	-1.764342	1.612063	-3.037761	2.628473
-2.837126	-1.478549	-2.430765	-6.052319	-1.022850	-0.554161	-2.350163	-0.631137	0.368575	1.319094
-2.701881	-1.362421	-2.522786	-3.498330	-1.500081	3.141717	-0.571313	-1.258734	0.014557	2.966763
-2.488384	-0.135183	2.944670	0.545449	-0.717680	1.837157	0.886005	0.070667	3.364682	1.244077
-0.936534	1.629362	2.457201	-0.459187	1.130752	1.427256	2.689891	4.016564	2.873645	0.494333
-1.350732	0.250510	0.621706	0.331959	0.350312	0.431410	2.305043	2.639754	3.203441	-0.398772
-1.405377	-2.382942	-0.437217	-1.545818	-1.170602	-0.319182	-0.110940	-1.221566	2.098067	-0.072841
-1.336870	-4.108096	-1.990667	-1.829920	-1.080892	-3.287524	0.967042	-0.732097	0.570416	-2.355476
-2.112111	-1.073356	-0.658747	-2.112652	-1.684460	-0.483119	1.279787	-0.370644	-2.406414	-1.103980
0.299800	-0.599525	-4.866358	-0.614917	-0.209809	0.921732	0.756093	-1.987408	-0.860028	-2.115457
2.203863	0.391495	-2.240000	1.655480	-0.341240	1.156724	-0.836140	1.030307	0.109469	0.417092
5.316878	-0.143501	-0.436776	2.642238	-0.675855	1.993656	-0.241013	1.821000	-1.570427	3.263064
4.631845	2.993086	2.552515	2.783251	1.125143	2.467624	0.608572	2.245766	1.521479	2.458555
4.495564	1.694351	2.394470	4.830517	2.598753	5.427826	2.418915	2.887504	3.170683	2.997463
2.209335	1.855892	1.995888	4.495831	2.137971	3.695760	1.604214	2.944211	1.409881	3.597586
-2.189443	2.869506	0.614769	3.170291	2.480797	4.338822	1.491869	-0.005417	1.955668	3.533221
-3.633570	4.120690	3.876011	3.733192	1.932227	2.584510	2.001977	0.450020	1.838940	2.106165
-3.502045	3.327641	1.591014	2.899631	2.113961	4.695722	2.236739	2.703717	2.652893	3.338716
0.471730	3.717456	2.416875	4.177504	0.132195	4.251455	1.577954	3.894672	3.186722	3.205371
2.070757	2.391432	0.629094	2.730409	-0.044272	2.524306	1.694320	4.575683	3.176723	4.922227
0.729335	-1.004334	-1.999330	1.419042	-0.293643	2.323074	0.952636	1.255546	2.997892	3.528483
0.759863	-2.836946	-2.727299	-1.037502	0.367682	3.202054	-1.183698	-0.031840	0.083624	1.952436
-0.545358	-2.132305	-1.839313	-1.007024	3.086998	0.412646	1.298317	-3.790679	1.229115	0.275382
-1.199529	2.287784	0.329326	3.558470	3.926606	-0.544454	0.426280	-3.907172	2.631362	0.503720
-2.871049	2.225620	2.993717	4.194479	5.516402	-0.150347	1.810089	-1.946124	2.102959	0.312748
-1.792620	3.154299	-0.674840	3.944799	2.530584	-2.463737	2.462544	-0.876635	0.043702	0.168263
-1.541141	1.825219	-0.688948	0.328025	-0.173549	-2.530625	-1.240255	1.370891	-0.126112	-2.526638
-2.135212	-1.237624	-1.898106	-1.837844	0.518501	-5.049414	-1.588410	-3.248648	-0.333788	-1.737556
-2.453333	-6.724333	-1.387916	-2.638213	-3.660569	-8.109705	-3.235822	-3.192755	-3.072430	-3.867594
-1.922605	-5.123109	-4.641479	-5.326784	-3.425860	-4.651202	-1.859691	-3.637632	-4.633841	-4.588554
-0.423928	0.592644	-0.319997	-0.791661	-2.611575	-0.172407	-1.693317	-2.844881	-4.107127	-0.970739
-3.156403	2.244222	-0.280169	3.190653	0.765185	0.866279	-0.275403	0.269994	0.564809	1.501750
-1.288828	1.251825	2.182102	3.667355	0.485518	0.813753	1.972452	1.809892	1.779963	4.840610
-0.622805	2.649248	0.046016	2.381641	1.798922	1.608314	1.049147	2.764809	0.144431	-1.565161
-1.758434	0.985589	1.659472	4.422910	0.438994	0.665359	1.264080	0.163945	2.150709	-0.523265
-0.379014	4.060645	1.676669	4.329556	0.499934	-0.164315	0.789452	-0.918404	1.545493	0.594796
2.538654	2.048814	3.521406	3.405978	1.095339	3.598092	3.638262	-1.107641	2.589779	0.578420
3.131769	2.850893	2.350682	2.536773	1.521607	4.988577	5.346509	-0.068166	3.418763	2.983104
3.582432	5.802780	5.952495	6.093836	1.807936	2.348138	2.997192	2.378117	1.552542	2.847848
3.297942	3.322471	3.643946	5.592267	2.491025	4.570174	4.253611	1.480206	3.727912	3.448549
-2.048700	1.399164	2.126833	5.117360	1.095272	1.295581	4.641664	-1.192301	2.228968	3.356104
-4.602796	0.931557	1.300455	3.489614	2.911975	3.026660	2.829953	1.331793	2.182608	-1.305287
-3.498545	2.286248	1.375311	3.518926	-0.218868	0.912407	3.905775	0.067688	1.870628	1.331774
-2.306447	2.390032	0.024401	2.880393	3.443642	0.772522	1.405630	0.924379	2.367023	2.675583
-2.935803	0.901809	-0.207477	4.962411	3.383102	1.083402	0.870318	-0.318334	1.906090	0.064341
-1.263512	-0.912324	-4.064423	1.395479	2.601611	-4.225054	-0.261162	-0.886954	0.205027	-0.999756
-1.043476	-3.246970	-3.570638	-1.417807	1.768367	-5.056448	0.015990	-0.799683	-1.909872	-2.462108
0.458906	-0.510131	-2.531524	-2.192350	0.974768	-0.111781	-3.010327	0.529877	0.573292	-1.191117
3.643734	0.779191	0.161920	-3.611351	-0.935386	0.136944	-1.314614	3.391425	1.021713	1.026714
3.963308	-0.096707	-0.082208	-1.161714	-1.096699	2.141527	-1.962870	3.421157	4.406290	3.537685
3.595227	1.593573	0.712192	1.365859	0.108129	3.293966	-1.461898	2.190473	1.291618	6.081694
4.118991	3.262828	2.247619	4.230864	-0.000704	4.577160	0.331504	3.913470	5.032294	4.355439
4.024500	3.030358	2.812371	3.749101	2.343200	1.804507	-0.238165	3.749647	4.913716	2.552519
2.983453	2.993558	2.209549	3.736265	2.058639	4.409206	2.346893	4.123501	4.953979	1.255532
5.026852	2.582128	3.519052	4.051455	2.647712	1.852456	4.663080	4.662731	4.946481	-1.097323
2.736495	3.920165	2.670878	4.025968	2.544118	3.188255	3.235693	4.251536	3.026218	0.599953
2.696782	2.587368	2.036728	3.452802	2.175155	0.206802	3.143333	2.206013	1.863788	0.776357
1.481514	-1.070967	-0.927700	2.779554	1.882421	-0.608604	-0.158801	1.685760	2.071187	-0.131510
0.173790	-3.190441	-3.655606	0.386022	-0.987585	-1.385364	1.347592	0.025477	1.639713	-1.119950
-1.142290	-5.949356	-1.344291	-4.495897	0.517835	-5.290779	-2.382791	-1.386638	-1.923338	0.761334
-1.828526	-5.007013	-1.414055	-5.613704	-2.030319	-6.985751	-3.720248	-3.584288	-3.134369	-0.688057
-3.514918	0.148284	2.189001	-7.340802	-3.346851	-6.729280	-3.900980	-3.183473	-4.048981	-1.445125
-1.544967	1.861536	3.871176	-3.895993	-3.062560	-5.114667	-4.740588	-4.687795	-5.516479	-4.687072
-1.522272	2.727838	0.528270	-3.192180	-2.888849	-2.546213	-4.536772	-2.534255	-3.580564	-2.743797
-0.934433	1.561291	-0.086818	-1.447563	1.228782	-1.668020	-1.452633	0.360845	-2.432140	-4.135903
-2.306151	0.650891	-2.747988	-1.726046	-0.069370	-2.182987	-1.244070	3.103304	0.423192	-3.060491
-1.894026	0.756438	-2.345041	-3.057131	-1.465105	0.691884	-0.982384	2.436020	-0.190672	-2.248360
-1.243057	-0.256370	-2.457378	-2.791019	-2.625825	-2.453307	-3.218776	1.621793	1.192265	-3.468513
-0.505245	-0.358235	-1.968598	-3.191813	-4.256131	-1.298562	-1.974046	2.374721	1.968303	-2.408550
-0.557489	-2.000959	-0.290602	-1.068014	-2.674724	1.382620	-3.664793	3.868703	0.790637	0.268827
0.325009	2.350157	-0.629091	-0.015625	0.510194	0.223637	-2.467019	1.595738	2.643166	-0.105081
4.158951	2.244712	3.582134	3.643254	1.810623	4.377590	-2.017924	0.042424	-0.962512	1.573224
5.113237	3.620304	4.988975	2.164719	3.477260	4.280377	-0.061508	1.617462	-1.173900	2.911441
5.876765	1.283231	0.477329	0.638370	2.607405	2.722697	1.271929	0.899448	1.181499	2.207271
4.658437	0.697793	-1.081703	1.098004	2.113156	4.245152	1.982586	0.018984	0.135485	1.445011
1.468752	1.268588	1.101678	-0.752881	0.151413	1.266240	0.587264	0.573167	0.746255	0.873361
-0.276490	-1.008886	1.438073	-1.764985	-0.168425	1.955260	0.828961	2.635698	1.899406	2.652221
-1.566688	2.454171	-1.444120	-2.005311	0.392539	2.613913	1.325778	3.310974	4.678838	1.947091
-3.734343	0.227957	-0.734601	-1.340060	-1.669394	1.735099	-1.822386	4.302996	4.840347	3.638069
-3.275454	0.577871	0.157031	-3.290633	-2.026626	-0.292584	-1.828031	3.463963	2.631533	1.169255
-1.138821	2.520612	-0.066026	-2.478933	-0.998958	-0.268934	-4.461758	1.170874	1.695593	-0.875852
-1.358445	1.657979	0.887829	-2.699260	-1.499691	0.789047	-4.032866	0.176927	1.386026	-0.722251
-1.450325	2.691270	1.767395	-1.582217	-1.095026	0.570860	-1.394755	0.924124	1.991630	1.831556
1.495339	2.965686	-0.583427	-1.848704	-1.862664	3.544904	-2.836027	1.512263	3.735603	1.727269
1.559948	4.886824	3.761262	2.865277	0.469195	2.726980	-2.304481	3.911844	3.335244	2.769988
-0.324200	3.970085	0.427361	3.318224	1.620649	0.396288	0.046683	3.631665	3.681652	2.524413
0.468397	-2.723533	-2.125029	1.621938	-0.177103	-0.552573	0.824964	1.745528	2.530625	1.511443
-1.612261	-7.991132	-8.991208	-1.967385	-0.180462	-4.323502	-0.677438	-1.782169	-1.416138	1.288878
-1.959575	-14.961510	-10.823776	-3.242744	-1.222627	-7.713399	-1.367623	-4.423326	-2.756639	-6.118583
-3.556743	-13.067970	-9.266334	-4.910742	-2.496301	-7.560063	-1.956792	-6.524342	-4.842879	-5.295839
-0.664967	-3.892511	-3.495982	-6.609779	-1.633284	-0.499996	-3.825144	-4.786120	-6.168859	-2.964390
3.852256	-0.199635	-0.707520	-2.508356	-1.479376	1.883105	-5.137581	-2.934057	-5.919980	-2.460938
5.138724	2.141458	2.161353	0.331226	-1.155579	3.005538	-0.479201	0.209644	-2.484344	1.278119
2.515438	0.738867	1.369837	-0.361935	-1.708593	0.912205	-0.538606	0.900185	-1.693850	-0.327420
2.770598	-2.030808	0.813930	-2.092940	-1.982119	0.616406	-1.073695	-0.086334	-2.037601	0.356044
-0.028395	0.769033	-0.098066	1.352412	-0.855057	-1.022059	-0.847469	-3.592415	-0.578497	-1.258487
-1.467741	2.950389	0.560048	0.816718	2.911091	-1.993889	0.581773	-0.685256	-1.088438	-3.130715
-3.348540	3.592359	1.033173	3.607678	1.634826	-2.968384	0.428828	-2.420158	-0.043426	-1.540938
-1.395391	-0.410357	-1.323192	-0.708909	1.144546	-3.668444	0.512599	-2.146621	0.148738	-1.452358
-2.219194	-1.363259	-1.015645	0.963056	0.935751	-3.869267	1.291384	-2.411743	-0.609446	-1.002573
-2.381850	-2.778647	-0.298389	0.673273	-0.095960	0.702148	2.573484	-1.555726	-2.802678	0.280115
-2.601456	-3.804022	-2.041821	-1.600360	0.913614	1.032399	2.588297	-1.183469	-2.855059	2.442308
0.557487	-6.576683	-5.038442	-3.568642	0.530471	3.706190	1.661124	-3.856971	-4.795590	1.879905
-0.995321	-4.066032	-2.141651	-1.526175	-1.254290	2.069519	0.405965	-3.554833	-4.658371	1.365208
-1.136979	1.185133	0.357651	0.755140	-0.034668	2.992388	1.815319	-0.942853	-3.149302	1.975714
-1.660587	0.997111	2.543765	2.415904	-0.188364	2.011998	2.946187	-3.721932	-0.930585	2.585627
-3.510344	4.504101	4.817090	3.298516	1.551021	1.186549	5.571267	-0.127368	-0.528118	1.109544
-0.981950	2.512105	3.999128	4.891675	1.105188	1.276543	2.834761	0.516238	3.563698	-0.935533
-1.385604	1.604221	0.138779	1.423480	2.165735	0.151380	2.628067	-0.264513	-0.638238	-1.298004
-0.341506	2.211751	0.383343	1.338732	-0.100837	0.024761	1.063685	0.070080	2.536975	-1.052569
1.493945	0.314894	-1.908981	-0.583570	0.373371	0.429988	-0.951584	0.914317	2.746637	-0.787827
0.057549	1.351350	-0.415791	-2.210927	-1.706142	-0.353240	-1.912341	3.050399	2.767747	1.048422
2.106807	1.379520	1.672413	0.517861	-1.263975	1.376980	-3.847786	3.312928	2.557805	-0.371122
-0.700880	0.719404	0.850832	-0.712906	-0.199029	0.015849	-1.544119	2.854702	4.425912	0.626942
-2.701313	0.483902	-0.380835	-0.589429	-0.533505	-1.961134	1.699959	0.981324	1.788468	-0.607486
-3.646591	-4.666585	1.760713	-0.362507	-1.099201	-3.820466	4.122749	-2.310606	-1.331526	-0.158005
-2.441512	-3.640258	-0.620424	0.193358	-2.493919	-2.746646	2.574250	-5.676487	-2.898872	-1.315715
0.674823	-0.143015	1.784155	-1.643632	0.638841	1.634826	3.977062	-2.460918	-4.337368	-1.418616
4.968916	1.944243	3.806851	0.759021	2.741279	0.879253	3.246184	-1.033299	-1.220613	-1.503507
5.058066	3.075918	2.775863	4.901618	5.225296	3.541034	3.132918	0.685072	1.039091	2.091413
0.413175	1.851109	0.768993	3.534958	1.097890	0.825372	1.634561	2.604296	1.906747	0.870944
1.104843	-0.000083	-2.125459	1.551142	1.965261	-0.082632	2.440815	0.450173	1.587054	-0.477614
-2.995029	-5.293057	-4.680894	-0.467931	0.660511	-5.976777	-0.023520	-2.311695	-3.316087	-1.778259
-2.549840	-9.830413	-7.273609	-3.131261	-0.644562	-8.920562	-0.843246	-5.209707	-3.266276	-4.432892
-3.116691	-10.873449	-8.278505	-6.105347	-2.234258	-12.418286	-1.378662	-6.700262	-3.190611	-5.745711
-2.393179	-6.223867	-4.502881	-4.247190	-2.649076	-9.103646	-1.567569	-6.897559	-5.887292	-5.652617
0.066295	-3.834064	-1.921636	-3.290189	-3.127017	-5.958542	-2.070066	-3.612197	-7.617419	-5.279308
-0.646268	-0.196040	1.900130	-1.245645	-1.096080	-5.471972	2.409647	-4.592474	-5.650891	-5.386784
-1.231467	2.004306	5.829617	0.944843	-0.683166	-2.053735	-1.209032	-3.747990	-4.217706	-2.466944
0.691699	0.623174	2.848027	1.779875	-0.486774	1.172570	1.243498	-2.286843	-0.815864	-3.614489
-0.467069	1.787965	4.503960	2.213551	-0.949105	-1.605655	3.455337	0.038968	-0.273865	0.574284
-1.002971	3.280781	1.872516	2.888771	0.651442	-1.409808	4.464485	-1.470855	-2.210406	-1.635826
-1.333106	1.126521	0.132397	0.271536	-0.129433	-5.261188	2.405241	-2.856912	-2.720988	-0.522417
-2.713274	1.451487	-0.898297	-0.065654	-1.796231	-2.062894	0.577206	-2.136001	-1.944209	-1.147790
-0.738273	5.108580	1.836534	2.825000	-0.788351	-1.365324	-0.050422	-3.445920	-0.047269	-1.621943
-0.179202	3.951101	2.492692	2.990700	-1.144192	0.506324	0.772558	1.382832	0.197635	-2.155076
4.373638	2.597350	3.549677	2.377245	1.872745	1.037250	0.704547	2.110955	2.712502	2.042711
5.424550	4.166128	2.000889	6.312237	1.364860	3.517757	1.424843	2.801752	4.284435	2.792621
3.776433	3.909537	2.226830	4.695075	3.381654	5.641046	1.578446	3.407925	1.876134	2.769952
3.870489	2.325378	0.934501	6.022059	3.957527	2.134819	3.112457	2.617273	2.572800	1.723306
3.475918	-2.740849	-3.503599	1.825191	1.008678	3.291176	1.700475	2.107500	2.087835	0.737384
1.238822	-7.039743	-9.422867	-2.400430	1.471109	1.502021	-0.614100	-2.452394	0.961040	0.999885
-1.244900	-7.306601	-7.443905	-6.706103	-0.174880	0.807053	-1.858669	-2.223707	-1.585484	0.170512
-2.900446	-6.473324	-2.117309	-5.339027	-2.361690	0.077975	-0.863130	-5.046938	-4.816036	-0.006136
-1.575515	-4.463711	-0.613681	-5.163703	-1.579420	0.011989	-1.204485	-3.310085	-5.864613	1.215943
1.703894	-0.390859	0.363182	-2.611029	-1.908969	0.256195	2.007767	-3.113047	-5.467616	2.759048
-0.239819	-3.405268	-3.299321	-2.245905	-1.854438	-0.920304	-0.582275	-0.085421	-4.611142	1.783781
2.076547	-1.214037	-2.444088	-1.696830	-0.740026	-2.570006	0.182389	-1.414608	-5.135490	-1.239959
0.231093	-3.891065	-3.176019	-2.690305	-1.475033	-6.628912	-1.250940	-1.569404	-3.851159	-2.377769
-0.900480	-2.628850	-3.136513	-1.916028	-2.352958	-4.164117	-4.063964	-1.015408	-2.767947	-3.443549
-1.818471	-4.837192	-3.597268	-3.478298	-2.222701	-2.636522	-3.380281	-0.600920	0.637647	-4.766800
0.112821	-4.315989	-4.786384	-5.454616	-1.879062	-1.685625	-4.309593	-1.906637	0.421025	-0.861320
-1.555704	-5.059539	-3.705961	-2.663881	-2.847641	-1.551424	-3.786400	-2.545058	-2.074712	-1.566308
-2.663745	-6.713242	-5.047696	-2.611191	-1.749536	-2.602617	-3.253501	-4.732180	-2.463062	-1.442564
-0.406800	-5.967297	-2.904490	-2.180247	-0.289248	-0.402703	-5.356196	-4.528104	-3.671825	1.369812
2.954431	-0.976902	-1.352242	-2.053948	-2.759877	0.206820	-3.154987	-1.171926	-1.744297	1.640022
-0.835052	1.126144	1.399350	-2.113492	-0.591221	-0.466647	-2.108372	0.405353	-1.865678	-0.587334
-1.025747	2.282542	3.567986	-3.971280	-1.686880	-0.185103	-2.480352	4.039237	0.836933	-1.773855
-0.873653	3.047794	3.419468	-3.442911	-0.245655	-2.769945	-3.503027	3.156527	0.865639	-0.686642
0.570131	0.990900	4.688295	-2.636484	-1.656844	-0.904572	1.570603	1.069724	0.023940	-0.077193
-3.089596	3.361462	3.016970	-5.469998	-0.203348	1.880217	0.989238	2.313529	-0.213361	0.812393
0.204569	2.862782	3.703692	-3.024553	-3.406165	1.641524	4.086078	2.345445	0.002837	2.825415
-2.495274	1.278359	2.958463	-1.111148	-2.190895	1.473350	4.379822	1.551972	0.433336	3.864375
-3.164924	-2.440603	1.722285	-2.573482	-3.638139	1.534897	2.788570	-0.721387	-0.358263	2.585672
-3.960281	-1.971604	-1.062444	-2.544754	-2.108194	0.256566	1.827924	-1.875431	-3.631458	2.373508
-0.680644	-1.471643	-1.454720	-0.846965	-2.329862	2.489558	2.637381	-1.389059	-2.647049	1.661183
-0.402011	1.822881	-2.643244	1.626888	-1.609641	3.728876	2.248343	-1.843669	-4.113732	0.953798
-1.271982	1.295770	-0.320715	2.767604	0.365469	2.724620	0.141309	-0.053060	-2.288206	2.715952
-1.889257	2.275025	1.673469	4.234785	-0.465432	2.469793	1.733580	2.641270	1.045729	3.071447
-0.410033	2.158147	0.837608	3.149031	0.755958	3.391894	0.337955	1.522423	2.511776	1.788983
-0.675212	-1.028862	0.116703	2.791243	0.163737	0.777426	0.814034	0.357299	0.413836	-0.264240
-1.944891	-5.904102	-3.935844	0.307022	0.012008	-2.880010	-1.619783	-1.875300	1.108811	-1.140022
-1.042970	-8.920270	-6.521933	-3.439832	-1.164830	-8.420513	-0.799596	-2.870972	-2.861197	-2.492861
-1.764349	-4.147167	-5.609463	-4.730918	-0.151376	-7.219281	-3.375505	-2.620617	-3.101488	-4.771158
-1.691826	0.675910	0.538567	-3.085934	-1.659130	-4.205614	-3.268610	1.183768	-2.281759	-3.688412
-1.057001	3.764462	1.754958	1.212619	1.423610	1.465591	-2.925810	1.953884	0.563491	-3.296023
-0.281773	3.125289	4.421711	1.124842	3.619942	1.716633	0.612793	1.144732	1.195963	0.220510
-2.229042	2.325593	5.758226	3.928837	4.254969	1.544316	1.921300	1.943013	0.558659	1.068386
-1.211206	4.320176	4.961106	5.574104	6.073089	2.524038	3.456712	1.451428	2.958981	1.608906
-1.598666	2.281637	3.529850	4.423943	2.532805	1.938203	5.546327	0.572880	2.042829	2.643671
-1.788320	2.599479	3.973160	2.416756	2.739016	1.183910	4.792346	-1.171832	0.835806	2.804581
-1.837168	0.167303	1.606336	0.974843	0.780523	1.674661	3.305369	-2.330005	-0.594287	2.879635
-0.856609	-1.292691	-1.006821	-1.292694	-2.233674	1.702258	2.715496	-1.944039	-0.942249	0.536635
1.035358	-2.108101	-5.089909	-2.858457	-1.444474	2.984000	0.225928	0.094968	-0.427478	1.533679
0.523633	-3.401426	-9.912227	-1.288142	-0.904977	1.390789	-1.859037	-0.891583	-0.110173	-0.825730
-1.539884	-3.020866	-7.333176	-3.571151	-3.141382	0.690326	-4.063998	-0.397791	0.392467	1.182405
-2.396491	-0.462118	-2.750653	-2.741281	-2.222889	1.620012	-3.771954	0.273645	2.361944	-0.513213
0.756411	1.611418	-0.026659	-2.410633	-1.840797	-0.027752	-4.544306	2.907725	2.714359	-1.221586
-2.895576	2.908743	2.015808	-4.099406	-0.814605	0.294635	-3.170955	3.485052	1.652814	-0.160113
-3.256652	1.664758	-0.016551	-2.854298	-1.776514	3.317573	-2.500799	4.889826	2.760709	2.113406
-2.987717	2.750564	1.081765	0.591890	1.510577	1.869163	-2.023138	5.063948	4.096546	3.917371
-2.713170	2.014661	1.991956	2.058859	2.500069	3.714907	-1.533074	4.568119	0.954826	1.807082
1.803689	3.138252	2.468324	4.874711	2.794362	2.772504	0.540396	2.724239	2.240251	1.937239
3.721461	5.590537	6.004268	7.664945	4.157457	3.803556	3.353969	0.750110	4.031021	5.483542
2.171847	4.525716	3.789991	6.167563	4.995453	2.975462	2.780647	5.164233	4.043337	3.990191
1.424946	3.323691	1.411793	5.711165	4.129652	5.789625	1.704430	3.921108	4.911602	3.038286
0.474259	1.938363	1.879974	2.009451	3.871754	2.997944	2.344918	5.712836	5.001715	4.831327
1.864586	2.647831	0.328536	3.307823	0.447960	5.100620	3.031410	4.384517	4.487777	3.928513
3.168128	0.910498	1.496379	1.371581	1.659369	2.142853	2.728507	3.402253	4.279191	4.722144
3.150385	1.303663	-1.214696	3.543325	0.237182	3.495445	2.006409	2.561544	1.913657	3.331821
2.556957	0.639429	-1.470588	1.469356	-0.402000	1.298694	-0.023784	0.259290	1.699675	1.390643
4.734545	0.739294	1.217304	-0.031925	0.457023	-1.212398	-1.229971	0.574393	0.414647	1.023610
5.178049	1.984960	-0.104020	-0.806118	-1.162548	-0.708330	-2.419854	1.367552	1.050273	-0.536078
5.996869	3.081529	2.464242	1.148178	0.176586	1.826296	0.409169	0.988468	-0.618146	-0.996622
3.872806	5.418999	6.823589	3.084264	0.695727	2.890583	2.509498	1.967942	1.923492	1.172878
0.748759	4.935172	3.400224	3.720639	1.083174	1.557329	2.956432	3.159174	2.035587	-0.670078
-1.357472	4.236149	2.378045	1.418704	-1.674272	0.655836	2.572572	2.441964	4.076239	0.996009
-1.823485	0.853530	0.815255	-1.879939	0.888990	1.799202	0.957017	0.978213	2.693550	0.057340
0.429718	0.071216	-1.200846	-0.693091	-0.730541	2.833730	1.103469	1.641921	5.903419	-0.307187
2.741539	-1.489994	-4.077858	-1.060652	0.888736	2.967017	-0.954973	1.438487	3.270748	1.337629
5.660876	-1.462798	-5.447179	1.589480	-0.506778	2.705565	-1.876209	2.346313	2.384437	0.789687
5.510631	-2.937096	-0.205710	-1.263996	-0.851584	1.362874	-2.241839	0.754999	0.417087	3.360586
2.245203	-0.836987	0.393351	-1.414678	0.380120	-0.735557	-1.440262	-2.540856	0.327398	2.066926
-2.309708	-0.326972	1.941505	-1.715168	-1.734968	-1.753328	-4.048878	-2.286051	-1.444030	-0.792694
-0.383201	-1.117850	2.519951	-2.580363	-4.332545	-2.395739	-2.183788	-1.818586	0.550705	0.104527
2.344823	-0.292920	3.475990	-2.325964	-0.501913	0.312711	-4.105691	-0.046862	-0.353699	-3.620413
3.201063	2.891418	3.526323	-1.374271	-2.203070	2.003820	-0.184987	3.575721	2.253160	0.181586
5.051021	2.345263	3.693851	0.848218	0.221083	4.425189	-2.439175	4.507064	1.673983	0.791423
3.208196	3.562117	3.226075	0.347501	-1.813253	3.588418	-1.186856	4.474967	3.821268	2.396098
1.163587	2.557179	2.129794	-2.374120	-0.475879	0.722105	-0.834630	3.461628	4.320216	1.329410
2.817895	5.063250	4.271809	0.397955	1.419808	3.515650	1.799804	2.363049	1.934928	1.213258
1.893519	2.682129	3.329321	2.567025	2.997005	3.589254	2.613346	-0.517273	2.716204	0.038743
1.211059	2.490317	1.969430	4.269092	4.174514	1.503016	3.307196	1.050865	3.620643	3.074162
-1.339185	1.701514	0.057137	5.295355	2.863936	0.114135	-0.030746	-0.345140	-0.352855	-0.325684
-0.812013	1.190119	-3.341458	0.750815	0.580769	-1.401990	0.711020	1.075712	0.022511	-2.129797
-2.919226	-2.218466	-5.979754	-3.543029	-0.599286	-3.883359	0.622395	1.220322	0.999341	-2.445576
-1.677823	-6.611943	-8.398351	-4.101375	-2.131628	-3.213072	-1.621422	-0.571812	0.367734	-1.997724
1.983794	-3.691511	-5.506949	-4.223924	-0.909157	0.303170	-5.379630	-1.485090	-0.007310	0.373660
1.960325	-1.213270	-2.680146	-0.895177	-1.664674	2.952565	-3.900829	-0.962313	-1.222291	1.695175
1.489870	-0.233321	-1.405743	0.107769	-0.847677	-0.262086	-1.642219	0.562219	-1.759809	2.576119
-0.792372	1.722037	3.051460	-1.197289	-0.478868	0.580216	-0.763700	0.778105	-0.731064	3.536792
-0.493600	3.748302	4.053965	0.186051	-1.124545	1.478569	-0.387471	0.273545	0.073042	3.485294
-2.531116	5.113676	1.974371	3.450288	0.868591	1.243173	1.227567	2.827837	-1.543190	1.241622
-1.759719	3.395257	1.135779	3.480823	2.022240	-0.245873	1.070614	2.058581	0.348739	0.353977
-0.153711	3.465345	-0.604611	3.201456	2.966703	1.384931	0.233771	0.405676	0.544929	1.509158
0.225608	-1.346159	-3.626499	1.511486	2.537379	2.141882	-1.366461	-0.558078	1.868880	-2.577838
0.585038	-5.570957	-7.991184	-0.654787	0.840369	-1.188120	-2.182684	-1.020584	0.811390	-1.706209
-1.578423	-8.614248	-9.224366	-2.519062	1.108273	-4.721776	-2.338797	-3.383441	-0.965641	-2.393058
0.014026	-5.175934	-5.509845	-1.933339	-0.630410	-4.459587	-3.811999	-2.502151	-2.191114	-4.689285
-1.419416	-2.406214	-2.904321	-1.773320	-0.495879	-4.973954	-3.387191	-3.121515	-2.361928	-5.611492
-2.563450	-2.605189	-2.535093	-1.291203	-1.444233	-4.533278	-2.520273	-3.031833	-3.505086	-4.682379
-0.849377	-2.093560	-0.962562	-1.448889	-3.389175	-5.385861	-0.894243	-3.026907	-2.899987	-4.215247
-0.101397	-1.891826	-3.465526	-0.883479	-1.454302	-6.008703	-0.418803	-2.604739	-5.563833	-3.564997
-1.969811	-4.136690	-4.670187	-1.249671	-1.191615	-5.496006	-2.725952	-2.251728	-5.510925	-3.788431
2.541080	-2.534750	-2.252343	-4.609767	-3.436015	-2.765872	-2.875090	-3.011977	-3.402562	-3.822849
3.198276	-1.563909	0.477305	-1.561167	-1.778201	2.470299	-4.612017	-1.744787	-1.084647	1.203047
5.157076	0.938334	1.389557	2.661729	0.204827	3.260805	-2.847133	3.334142	1.913320	0.098657
4.135779	3.145678	1.848914	3.060722	0.016569	4.138845	-0.672637	5.182407	2.941138	3.274779
2.222284	2.240522	-0.561325	1.658910	-2.230975	5.188517	-0.548530	2.435108	3.200705	1.528713
4.006591	2.298765	-0.133059	-0.531107	-1.722206	2.558720	-1.911112	3.133643	4.324421	1.204857
3.078498	2.027107	0.645012	1.203672	0.697976	3.144152	-3.332082	4.505210	1.146085	-0.081389
4.434805	3.922147	4.582087	1.119345	1.163872	4.046513	-0.466440	5.583109	3.931595	0.242872
2.808511	1.939384	3.356266	3.677413	3.021282	1.890400	2.062813	1.625138	3.355750	1.878541
1.717715	2.934918	4.245751	4.669376	3.584305	4.709912	2.978378	2.092094	2.406449	4.016315
-0.065384	2.292046	1.690340	4.058732	3.811441	2.760047	2.392255	0.841078	2.479091	0.798994
-1.527787	1.521369	1.046233	5.368681	1.278690	2.141104	-0.315957	-0.424314	2.651874	3.020777
-3.172094	0.121386	1.253031	2.343424	0.601652	-0.182018	2.792044	1.975219	1.082098	0.844463
-2.881707	-0.665504	-0.957866	-0.189740	0.100627	-0.194422	2.236756	2.341573	2.178360	0.383849
-0.458327	0.374297	0.270640	-3.164213	-1.710785	-0.116009	-1.513419	3.934247	0.043559	-1.424164
1.626346	2.317189	2.685251	-5.057893	-1.750185	1.263820	-1.959383	4.479041	0.501995	-0.513477
2.936710	0.821871	2.243765	-2.489381	-1.383772	-1.734038	-3.421135	3.302651	1.654065	-1.594593
1.423565	-1.679959	0.113384	-1.289179	-1.512447	0.200416	-2.825975	0.242577	-0.902833	-3.133412
-1.826791	-1.301000	1.852406	1.273814	2.204790	-0.023820	-1.686703	-1.481384	-1.250798	-1.975335
-1.316059	1.148745	2.147632	0.419198	3.629840	0.792552	1.708081	-2.697332	-2.450534	-0.024764
-2.596239	2.940375	3.142461	1.665671	3.791701	1.229232	4.486277	-2.660371	0.474959	1.443601
-0.815733	3.835191	5.600193	0.876433	5.177674	3.405416	6.400385	-1.133001	0.185678	2.153857
0.247659	1.998490	2.040428	3.514584	6.210458	2.216503	5.607904	2.536575	0.228323	1.499106
-1.427265	2.124771	3.421765	3.805224	3.637054	2.387192	3.879735	2.484356	1.671691	2.151044
-0.146506	1.636634	0.029905	0.408151	3.190960	2.271280	2.848078	-0.020660	0.523981	0.598571
0.246836	-3.188024	-2.989253	-4.021735	1.400378	0.589367	2.282533	1.117126	3.628592	-0.659115
-1.630142	-1.972602	-4.251809	-2.916034	-2.155894	2.790649	-0.977802	0.580110	1.671921	-1.701314
-1.964739	-2.001802	-0.658663	-6.875146	-1.430454	-2.361775	2.865476	0.166992	3.185267	-2.457627
1.959343	-0.855326	2.456983	-2.273173	-1.896905	-0.533007	1.166765	-0.825931	0.006928	-1.903056
1.858902	0.616926	2.676031	-0.547515	-1.843346	0.241952	2.928064	-0.301460	-0.782898	-1.252102
2.655539	0.236152	3.324479	1.516328	-1.896276	-0.716401	3.627575	-0.028298	0.094088	-0.856166
0.666851	2.271751	3.851627	1.065255	-1.115397	-0.129267	2.645097	-1.162445	-0.303116	1.780751
-0.896162	3.467022	4.291775	3.424065	0.324492	-2.060248	4.412030	0.168595	-0.344112	0.440848
-0.070102	4.398064	4.345523	4.501858	-0.216310	1.327454	5.483373	0.862121	0.604299	1.115524
0.861731	2.389775	2.741070	4.326434	0.540197	3.869437	4.513227	1.838831	3.274313	0.769178
0.936035	3.613654	2.312115	3.774592	2.388114	1.407299	3.352491	0.986223	2.343931	3.362508
1.704810	-0.707100	0.163659	0.517430	1.693838	0.331839	4.611566	-0.956104	1.035449	2.428713
-0.324547	-1.450388	1.007501	-0.958650	0.969072	0.660154	3.360250	-3.512254	-1.061334	1.737393
-1.470335	0.457488	1.521840	-1.669451	-0.188486	0.117143	2.554744	-3.006727	-0.737520	1.025546
-1.577056	1.290128	0.757076	3.453328	-0.211637	-0.503597	4.274647	-2.747926	-1.029711	0.131272
-1.990211	0.091329	2.292809	1.753186	-1.008479	-1.628667	3.922259	-2.605852	1.933392	-0.086031
-3.236901	-1.414709	-1.909762	0.111822	-0.012113	-3.659268	2.137481	-1.328309	-0.149014	-3.193564
-2.538328	-4.639587	-5.058838	-0.119764	-1.630441	-2.728104	0.109711	-0.297396	-0.622530	-2.386627
-2.492891	-2.797808	-6.725018	-3.849273	-2.758560	-3.164375	-3.282750	3.261483	0.738341	-3.696923
-1.624193	-1.348871	-3.244104	-4.517505	-0.604773	-4.170683	-5.958903	1.925626	-1.191201	-2.220351
-3.704135	-2.490279	1.007505	-4.603561	-1.839179	-1.725731	-6.905648	2.026432	-1.435360	-2.821112
-0.918117	2.015967	3.880707	0.952859	-1.681378	-1.620320	-2.023086	0.486699	-2.170236	-1.295109
-2.196940	3.012767	3.495603	3.790053	1.277229	-0.763652	-1.565716	-1.267175	-1.622132	-1.311941
-1.879806	3.930618	4.326092	4.064222	2.713443	-0.695628	1.682761	-2.010893	1.777850	-1.398910
-0.836015	2.356120	4.994872	5.306765	3.072663	2.561449	2.740344	1.794345	4.128108	0.998484
-0.441568	1.726672	2.899845	2.505881	1.146289	1.991177	4.043434	-0.671865	2.120842	-0.357360
-0.281068	2.593472	0.189608	2.410271	2.018220	1.895456	2.082930	-0.635623	0.318948	1.015856
-0.555813	-3.633982	-0.166738	0.206532	-2.924343	-0.940617	3.321831	-2.799632	-0.096575	-0.507168
-0.284207	-4.787490	-2.391193	-4.134735	-0.572300	0.102157	2.722737	-3.491793	-2.926129	-0.438134
-0.604848	-1.966053	1.420340	-5.094730	-2.016352	-0.120925	1.536649	-4.345709	-3.323716	1.305459
-0.691739	2.897027	3.704063	-1.837155	-0.328899	0.579737	3.403764	-2.470180	-2.385937	-0.247191
2.353420	3.127249	4.704675	0.952591	0.253259	2.092240	3.967784	-0.939410	-0.251095	0.893516
2.191127	2.808212	4.299174	3.847106	-0.975078	0.730083	3.456207	0.016900	-0.725290	0.921678
-1.895818	2.495115	0.587561	4.753391	1.542390	0.560764	1.284133	2.003449	2.060174	-0.065105
1.716185	1.524357	-0.480766	3.126045	1.408762	1.875282	0.970662	-0.225066	2.813997	0.437266
-2.359267	0.252236	-3.468006	4.680367	0.211139	-0.032565	-1.153507	2.462154	0.815676	-2.042909
-1.304373	-3.764749	-7.088860	-0.741843	-0.841379	-3.922078	0.211826	-0.571493	0.355510	-0.889432
-0.355835	-7.569599	-4.128130	-2.879485	-1.432094	-4.373760	-1.905440	-2.349608	-3.852003	-2.407403
-1.029854	-5.052214	-2.500814	-3.522760	-1.497904	-6.832311	-0.555305	-2.504793	-2.236564	-2.684923
-2.411729	-4.247597	-2.523215	-4.229568	-1.203210	-7.417733	1.063630	-5.585451	-6.528976	-2.194092
0.109237	-3.188547	-1.315732	-4.949810	-2.229512	-5.754527	-1.776535	-2.613082	-4.496339	-4.019512
-1.468156	-2.894967	-4.745666	-1.581885	0.196490	-1.997095	-0.812901	-2.832388	-4.684957	-2.605082
-2.023408	-1.738657	-1.799918	0.535805	-0.045004	1.134161	-1.411468	-3.177271	-3.695929	-1.165504
-2.560820	-3.043318	-0.206688	0.891761	2.251406	1.838241	-3.438438	-2.051833	-2.319758	0.995022
-1.292093	-2.389751	-2.134576	1.594082	3.422320	2.759443	-2.357209	-1.420874	-1.566946	2.317996
-0.114328	-3.100757	-2.930684	1.894468	1.136837	1.736366	-2.234084	-2.694097	-1.669193	1.711617
0.035075	-4.450737	-2.973712	0.128718	-0.628742	0.975208	-1.647762	-1.745502	-3.036502	1.553684
0.035914	-4.800292	-5.942860	-1.063967	-2.347316	0.752469	-2.211444	-1.334993	-0.016474	1.571497
-0.946910	-2.055423	-3.041929	-4.495588	-2.782087	1.143547	-3.113431	1.613431	2.761490	2.665455
0.577203	-0.311031	-1.669420	-2.902145	-1.967755	0.585140	-3.595724	0.505468	-0.119211	2.856058
-0.527350	1.308984	0.202268	-0.253739	-1.109518	1.821449	-0.095222	1.189116	3.380720	-0.575094
-1.382868	0.527120	1.843633	-0.027169	-0.771677	-0.545329	-1.451127	1.132174	4.802182	-1.773602
-1.713052	-3.190723	-0.024425	-0.766835	-1.354433	-1.927295	-1.171939	2.128041	1.157875	-1.425767
-0.310202	-0.769247	-1.079807	-2.204738	-1.399384	-1.684748	-1.375159	0.147215	-0.535804	-4.256689
-0.804919	1.039749	-1.511512	-3.664678	-1.952131	-3.313492	-4.047088	-0.463705	-0.582155	-4.216068
2.284597	3.871163	0.559158	-1.988655	-2.178475	-0.239725	-4.702926	1.771580	1.215521	-2.144804
0.212446	3.419395	2.431103	-3.295669	-1.793013	0.278550	-2.309474	4.945168	1.701121	-2.733998
3.343426	3.344244	1.125322	0.353281	-1.894448	0.316233	-2.572632	2.482359	1.682545	-1.398850
-0.222662	2.777109	1.029815	2.281593	-0.350778	-0.755977	0.641798	-0.592648	-0.969708	1.493139
-0.722919	0.630990	-1.356318	2.878068	-0.120103	1.760020	-0.031783	-0.260455	0.925761	-1.165630
1.345856	-2.699113	0.262522	1.995107	-1.868424	0.421022	-0.820877	-1.231164	-2.316749	2.710842
-1.502939	-4.142303	1.549834	-0.152492	-0.283339	-4.008772	1.284715	-3.295673	-0.278540	2.773455
-1.598904	-4.201178	-0.570881	-2.110927	-2.438249	-3.011261	2.254094	-3.584486	-2.143413	2.448108
-1.272438	-3.586140	1.494775	-3.313798	-1.987754	-3.200946	2.009458	-2.382903	-2.676367	0.831902
-0.170943	-1.492088	0.735403	-1.149506	-2.407654	-1.036429	2.059606	-2.489724	-4.643405	2.773037
0.350483	0.846476	-1.114999	-0.846251	0.586752	-0.544510	0.953338	-0.032850	-1.160427	0.460212
-1.114861	-0.316748	0.543370	-4.087631	-2.777735	0.259912	-3.560048	0.167217	0.895466	0.901627
-1.605176	-0.885660	2.912009	-0.983647	-3.385017	0.969935	-4.024950	1.092676	-0.394926	1.616482
-0.164662	2.140239	4.098017	-1.793999	-2.084092	1.009459	-3.158772	-0.678572	1.097095	1.855078
-2.335518	2.467250	0.648195	-2.047386	-2.620260	-1.919817	-3.276013	0.870971	1.322629	-0.499786
-0.936144	2.327771	0.934342	-2.512308	-1.372722	-2.152492	-2.579674	-0.958596	1.084175	-1.478611
-0.891041	1.564703	2.065857	-2.661165	0.441224	-3.756267	-2.858155	-1.527172	0.449733	-4.406195
0.740192	4.103645	1.775241	0.733044	2.041378	-0.667742	-0.316759	-2.857559	-3.152098	-0.901239
-0.218445	3.259798	1.216892	1.202119	3.051139	-0.463617	0.281115	-2.871658	-2.711419	-1.047443
-0.236153	0.400861	0.036511	-0.844639	3.026009	-1.778793	0.179366	-0.966368	-3.025429	0.684994
0.247569	-1.120267	-3.001102	-4.787030	1.070788	0.683031	0.158293	-3.831591	-2.790530	0.476571
-1.484978	-5.623584	-5.022049	-1.724853	-0.925825	-3.565746	0.988995	-4.227726	-4.546422	-0.026012
-0.414195	-10.761992	-7.860928	-4.747308	-2.447228	-4.824524	-0.847929	-2.877375	-3.540004	-1.631354
-1.433982	-8.346990	-9.344142	-4.987895	-3.391522	-7.656202	-4.411779	-2.832437	-7.404478	-3.734954
-1.438938	-5.997278	-3.724388	-3.125612	-3.239305	-5.727580	-3.534657	-2.382913	-3.826643	-3.601114
-1.635463	-4.129956	-4.553269	-4.233460	-2.980978	-3.464959	-2.419162	-2.183503	-3.900201	-6.067432
-1.670756	-2.557723	-2.440084	-2.457737	-2.568640	-0.310137	-3.675697	-1.105408	-3.469050	-0.987409
-1.047217	1.742819	-0.509234	-1.336643	-1.224690	1.743584	-2.592862	0.617673	-0.530691	0.677856
-0.999746	3.755971	3.005383	0.994824	2.403071	4.565507	-1.034757	2.746339	1.366776	2.330363
0.317357	4.978935	2.850464	1.191962	2.686845	3.567230	0.590216	2.580690	3.330451	2.924113
-2.095906	5.207709	2.832111	2.722575	5.510731	2.651154	-0.526343	1.483326	2.472734	2.856006
1.347264	4.341494	2.482823	0.765161	2.601731	0.556080	-0.260635	3.064647	2.465325	1.871241
1.940069	2.035391	2.866699	1.086523	2.744745	-2.334991	-0.677561	0.383152	2.665524	-0.978279
1.399908	1.168299	2.940041	0.556861	2.471373	-1.615460	0.892877	0.441943	1.601632	0.120644
-0.599417	0.884620	0.335447	-1.246725	-3.448984	-4.273425	3.921080	-2.124782	-2.366052	-2.582988
-0.422007	-2.953947	-1.677281	-3.872032	-1.768826	-7.201387	1.756546	-1.613921	-7.446227	-2.133076
-1.563260	-8.470300	-6.390845	-4.047161	-3.006852	-5.604743	1.984475	-3.689176	-5.766392	-3.053218
-1.469975	-8.036640	-7.995745	-2.239610	-2.793762	-4.357194	1.858565	-5.601445	-7.519547	-2.517614
0.300147	-4.162565	-2.074780	-2.702778	-3.024954	-1.382439	-0.095184	-2.782028	-4.223592	-1.367564
3.028809	-1.969076	-0.855850	-1.757864	-0.492029	-2.085377	0.593227	-0.949525	-4.281327	-1.253768
0.720210	-2.779271	1.628245	-3.179468	-3.081986	-3.330206	3.044497	-0.909536	-3.260050	-0.854023
-0.081049	-1.957150	1.010105	-1.003987	-0.909724	-4.541427	1.768225	-1.504861	-3.093761	0.282969
-1.905467	-2.367712	0.368229	0.609979	1.039158	-0.428137	0.518810	-2.653398	-2.858460	-2.207591
-1.034542	-0.602657	0.046018	-0.388868	2.005259	0.110263	-1.019248	-3.162648	-2.206946	-1.225401
-2.575174	-2.118283	-1.191527	1.021072	3.446082	-0.986524	-1.627951	-0.748011	-2.202517	-0.529561
-0.401562	-1.504590	-3.505708	2.318401	4.199825	0.396402	-0.644300	-3.470085	-2.360774	-1.114871
-2.492906	-2.805977	-4.033023	0.618021	2.888491	-4.284858	-1.368294	-2.752269	-2.692015	-1.749230
-0.730603	-4.970343	-2.235872	-2.448368	-0.588421	-4.481802	-1.913036	-2.042065	-3.127940	-3.142437
-0.079153	-0.365387	-0.838256	-3.703365	-0.460410	-5.587929	-0.752926	-3.238170	-3.115447	-3.618192
0.265645	0.933792	3.739726	-0.874767	-0.512974	0.772962	1.031235	-2.701685	-1.261436	-3.130793
-0.570008	4.489795	3.123575	1.114127	2.109186	3.213073	1.204146	1.096492	0.669895	1.563960
-1.194511	4.081223	3.544589	1.275118	3.526671	3.645805	2.270306	4.753961	2.829947	2.497567
1.607038	3.831876	5.068071	3.872307	5.075182	3.272860	1.892115	2.662123	1.855920	1.726630
-1.504661	2.633957	4.402219	2.590497	4.366220	2.762839	1.480071	0.207979	2.388116	3.267950
-2.133305	1.951766	2.767035	5.758787	1.348086	2.207643	2.199874	-0.289670	2.197237	-0.150574
-0.441395	1.867505	0.666018	4.813181	1.666279	1.788475	1.538522	-0.550424	3.238283	0.157861
-1.345428	1.746974	-0.387930	3.092980	3.399702	3.749435	3.062016	-0.668581	1.902956	0.678954
-1.838604	0.408676	-0.224511	4.993485	5.251254	3.750927	3.223653	3.821559	2.639357	1.736407
-3.087220	-1.457089	-2.472422	5.140098	3.419237	0.346451	1.704133	0.703598	0.288688	0.894021
-1.434776	-3.443020	-5.254665	1.017220	3.243650	-0.553692	0.065155	-1.736464	1.606349	1.254396
-1.708570	-8.003715	-6.691638	-2.539946	1.587796	-3.612298	-0.968381	-3.309226	-3.913856	-1.122366
1.457898	-6.589272	-5.162641	-4.179000	-0.531826	2.031534	-3.391677	-2.742686	-1.901927	-2.487165
3.874632	1.256910	2.282327	-1.638138	-0.844815	3.189306	-2.704134	-0.439843	-1.731662	0.295000
2.711632	3.150132	5.081866	1.218439	-1.354070	3.327920	1.249148	1.658403	-1.003160	2.805231
2.872399	2.576096	2.061876	4.184635	-0.218589	2.746077	2.577067	2.785055	0.786481	2.546028
0.262035	1.161303	2.537558	3.359551	-0.183973	1.010380	2.509224	1.059113	2.708163	2.687392
-2.774458	3.056056	2.573813	3.224989	1.412979	-0.694469	2.789816	-0.053122	1.822989	0.957124
-2.807379	0.775554	0.730140	4.614951	1.082968	-1.658467	2.333143	-0.355448	1.378758	-1.410174
-2.264026	2.215102	-0.160158	3.700439	0.940096	-2.195914	2.885505	0.510237	2.248275	-0.665502
-2.032098	2.132199	-1.113682	2.384553	1.757562	-2.786106	1.700699	-1.927268	1.390739	-0.686058
-0.729592	-0.160053	1.428569	-0.398102	1.347767	-3.166241	-0.449174	-0.200259	0.516354	-1.920542
2.022292	-0.768551	0.715895	-2.848426	-2.482387	-1.175317	-0.915515	0.368264	-0.866579	-1.946353
5.632956	2.342107	4.058098	-1.327917	-2.370201	2.036668	-2.040126	0.288102	-1.896757	-0.491889
5.698703	2.151321	0.707978	-0.419573	-1.494872	1.970617	-2.801508	2.588457	1.961121	0.393751
4.298433	0.290094	0.581136	-0.327691	-2.808801	2.582331	-3.170560	2.993531	4.880558	1.813068
5.195249	3.935727	0.214672	0.676031	-0.006387	4.163015	-1.582485	5.836625	3.607555	1.630462
4.998552	4.148623	-0.384113	1.556593	1.127571	5.455169	-0.325882	4.990741	4.818016	3.723536
4.393045	3.955884	2.075182	2.515400	2.182674	4.316697	-0.416754	3.592580	4.480541	3.831190
4.237728	1.949710	2.524758	4.611852	1.354023	3.659001	1.996100	4.773343	3.356934	2.818226
2.493904	3.039005	4.294416	4.633451	0.597818	3.473484	3.132879	3.024833	2.897697	2.519544
4.976575	-0.387029	0.941755	1.469601	-0.241140	0.777848	2.098881	2.399951	3.692431	2.279146
2.614943	-1.987691	-3.715722	0.543002	-0.425550	-1.111905	-1.548195	-1.378902	-0.120960	1.126032
3.141408	-3.724179	-4.914515	1.342058	-0.774411	-1.454171	-2.242949	0.053177	0.341026	-1.518195
0.182074	2.636909	0.154977	-1.152630	-0.468023	-1.855147	-1.095281	0.306488	1.204792	-0.326934
-3.096257	2.449977	1.378255	1.257240	-0.391685	1.685868	-0.362394	3.319934	2.352839	-1.530185
-3.637085	3.202725	2.958719	1.770172	1.341304	2.892278	0.297812	5.462317	4.107570	0.105854
-3.698806	3.280655	-0.297029	4.068365	1.752145	2.167585	1.139837	3.211837	4.600188	0.492384
-3.053720	2.957271	1.330411	3.375124	0.968538	2.637593	3.985179	2.364098	3.872895	1.375306
-0.281823	1.918674	-0.523659	4.784651	1.779284	-0.376896	-1.007562	-0.158800	3.137994	0.348222
-1.310614	-1.329134	-3.001138	0.321147	-0.830817	0.172421	0.176012	0.811145	3.216287	0.328332
-0.149891	-3.928750	-3.335026	0.894314	-0.383363	-1.281054	-1.823899	-0.534864	2.918078	-0.458461
-0.251552	-1.919872	-5.217222	-0.971544	-1.391854	-1.426416	-0.647596	-0.071527	2.618968	-2.066957
-0.334695	-2.190198	-1.504724	0.835374	0.224711	1.634136	-2.424880	0.408260	1.035861	0.748946
-2.306418	1.904775	-0.411832	3.938171	1.204733	-1.573494	-0.815552	0.843697	0.037859	0.302549
0.612582	2.116748	0.265156	5.163448	3.382311	1.822396	0.425988	-0.350213	3.567665	2.639553
1.843806	3.393425	1.341941	5.721109	4.361648	2.186010	0.576238	-0.372468	1.391582	0.336159
2.167356	2.677907	3.329023	1.585555	5.394243	2.720150	1.973898	0.858433	3.488412	2.555170
3.204935	1.365597	2.222504	1.346988	1.535597	2.846621	-1.582434	-0.066308	-0.590542	1.501985
-0.167255	-0.324503	1.796085	-3.102788	2.291310	2.658723	-1.363358	-0.973089	-1.168677	0.601607
-0.510513	0.307410	1.739567	-4.448071	0.817985	2.036862	-3.938275	-5.221208	-3.140189	-0.344563
-2.956335	-3.486463	0.334451	-5.132761	-1.832880	1.176139	-5.358386	-6.473862	-3.753377	-0.332324
-3.788121	0.868782	2.916239	-3.449553	-2.379483	1.586559	-4.014392	-3.740651	-7.031438	-1.373075
-0.858867	0.052048	2.538731	-3.844746	-3.979124	0.402823	-5.102593	-4.080671	-7.250268	-1.787714
-0.739772	-1.398065	1.204928	-2.702837	-2.482502	0.024936	-1.553991	-3.435022	-5.789464	-2.444040
-1.668034	-0.823753	0.688532	-3.795124	-2.020017	-3.354700	-5.044486	-4.250001	-4.794225	-2.100451
-2.467550	-1.414513	3.387144	-3.119505	-2.662368	-3.373782	-1.309279	-2.476807	-5.159046	-2.847347
-2.437718	0.564656	2.604166	-4.732978	-1.559655	-4.076206	-0.930072	0.344964	-2.331424	-1.545225
0.028564	1.978658	3.690797	-0.573039	-1.301176	0.223131	0.823936	1.872012	0.811142	-2.072986
-2.405502	1.574595	1.848440	1.568212	-2.035032	3.207432	2.612642	3.304939	3.217556	-1.118026
-0.039213	4.089068	-0.018904	2.436179	0.643878	3.512400	1.556947	4.180649	2.734222	0.787255
-1.425068	2.724882	-2.885534	2.402564	-0.627446	2.942438	0.223149	2.818142	5.111841	0.575158
1.794536	-0.527262	-4.022348	1.035969	0.077998	0.912950	-0.301352	1.529620	3.651917	1.595585
4.002601	-3.778761	-5.528346	1.439597	-2.080291	1.245039	-2.443058	0.566986	2.073154	-2.697463
5.914129	-1.607712	-2.773127	-0.377651	-1.404713	0.324807	-1.889868	2.052842	1.856653	-0.394884
4.425522	1.239087	0.638312	2.211828	-0.265165	3.617159	-1.625185	3.022389	2.731919	0.759723
4.757183	1.189338	1.936071	2.331436	-2.274849	4.353797	1.293091	4.927429	3.374253	0.364459
3.517014	3.833945	0.767252	3.705275	-0.643164	3.311725	-0.014641	2.419765	3.602360	2.310325
4.514316	2.846809	1.283056	1.414049	-0.534510	3.033946	0.903619	2.781998	3.437541	3.858423
4.221293	2.018533	0.048083	1.758958	0.566615	2.329563	0.399168	3.904131	1.867801	1.838954
1.991347	2.810521	1.120137	3.742906	1.981909	4.250979	1.102108	5.448364	4.280842	2.330120
3.397278	2.668774	1.943617	2.897894	3.069575	3.462697	0.272136	3.118401	2.861966	3.001522
2.149091	1.085095	0.738126	4.922725	2.579211	4.509922	1.268952	2.667844	4.264178	4.915361
3.657187	1.302987	0.207164	2.621501	0.333119	3.631255	0.898755	1.821793	3.099480	3.099939
2.707767	-0.990148	-1.690468	2.057024	1.531698	1.892900	0.167843	1.665751	2.596775	2.767057
2.566335	-4.000507	-2.794067	-0.078104	-0.127851	0.995861	-1.876483	-0.817680	2.636466	0.411515
0.578793	0.530912	0.105768	-0.374180	-1.996328	-0.964059	-1.011725	-1.354898	0.616357	0.857617
0.056642	1.223012	2.345737	-2.319703	-1.408632	-1.136158	-2.341784	0.716198	1.920449	0.136662
-2.960914	0.054696	-1.184358	-2.697970	-1.647164	-1.552732	-1.362360	-0.291688	0.919546	1.700952
-3.513475	0.211266	-0.239515	-6.631079	-1.768023	-1.773278	-3.687754	-1.932957	-1.066548	-0.322111
-3.364137	1.337525	-2.578733	-2.387028	-4.071909	-3.043492	-3.481968	-2.142805	-1.974232	-0.867726
-1.461399	-0.420325	-3.776611	-4.075815	-4.161322	-6.846972	-4.110802	-3.748030	-3.245401	-3.527593
-3.189358	-1.917181	-2.207347	-1.964038	0.621038	-7.891014	-2.882158	-5.078132	-5.218954	-4.209009
-1.566613	-2.145440	0.825259	-1.457395	-2.183428	-5.790016	-0.448535	-3.838308	-5.687087	-3.975973
-0.722361	-2.436701	5.490710	-3.587283	-1.823321	-3.868173	-0.427235	-5.199056	-5.812097	-3.242584
-0.129099	-1.496660	2.556306	-4.071601	-2.258040	-4.663584	4.456041	-3.599975	-5.510882	-3.139841
-0.632127	-0.590015	4.450250	-0.655447	-3.275485	-2.345044	4.040392	-6.279662	-5.258337	-2.380342
-0.173241	-0.991664	5.543141	-0.774419	-0.449056	-0.749252	2.054718	-3.422217	-4.430162	-0.826687
0.913960	1.519297	4.662082	-1.208814	-0.718753	2.048697	2.097317	-1.736936	-2.518252	-0.340974
3.060479	5.166469	1.880675	0.638969	0.021824	4.931005	1.154389	-0.488419	-0.515905	1.213599
2.697017	4.272556	3.225820	1.702832	2.623775	3.376976	3.800833	0.935936	0.721682	3.575733
1.583376	2.650059	1.184218	2.014977	3.788900	3.675212	6.074547	2.793531	0.465112	2.253528
1.848460	3.217581	2.861772	4.596906	2.290699	2.040416	3.580931	2.542467	2.423287	3.073486
-2.044531	1.309825	-0.490618	1.375421	-0.684629	-0.041408	2.214384	1.927647	2.874511	1.501108
-1.245493	-1.581307	-6.092951	1.962823	-0.617082	-0.251258	1.068306	4.304572	3.859486	0.511997
-3.206126	-5.281012	-8.011424	0.115415	-0.990461	-3.364530	-3.328006	4.124143	3.490615	-2.285049
-1.850127	-4.524089	-7.614636	-1.846002	1.426333	-2.010623	-3.674651	1.283763	0.353400	-2.829726
-0.845395	0.080566	-2.747587	-0.958126	2.401802	-1.659132	-3.562931	-0.276368	-1.503555	0.377966
-2.826726	1.220055	0.130525	0.458044	5.059643	1.602545	-0.895146	-1.223647	-1.079049	-0.342472
-1.367819	2.277080	1.712002	3.151212	6.819559	1.752310	-0.325098	-1.421774	-0.203777	2.435262
-1.303572	1.600744	3.276644	4.627977	3.453947	2.110668	2.315913	0.508054	2.165661	1.556068
-0.985684	2.972649	2.311454	3.489542	2.900509	1.797519	2.031185	2.103938	1.566469	1.494548
-1.206051	-0.425403	0.329732	2.175209	0.520044	-0.966832	0.160218	0.343279	-0.586150	-0.594996
-1.451373	-2.305009	-0.743420	-2.456221	-2.096349	-3.110983	2.897311	-1.446621	-0.562095	0.139435
-1.297547	-8.114367	-1.662402	-6.033347	-2.963468	-5.106931	2.003963	-4.558361	-3.008162	-2.408856
-2.555472	-6.590675	-3.375911	-4.711166	-0.413116	-5.342073	2.016274	-3.973740	-6.306249	-3.498769
0.072155	-4.496330	-1.753646	-3.438377	-1.252391	-3.176108	1.241041	-4.060855	-5.030554	-1.109302
-1.136765	-1.950530	-3.743006	-3.308380	-2.188195	-3.502031	1.115064	0.388694	-3.432773	-1.652355
-1.082429	-0.175473	-1.055691	-3.374771	-2.955327	-1.167042	1.228643	2.342009	-0.664906	-0.562426
-1.012936	0.124344	0.855602	-3.283250	-2.133587	-0.320836	0.246776	1.752391	2.258051	-2.062214
0.685715	2.385723	2.840074	0.215885	-2.367377	1.793289	0.491763	3.212141	0.160600	0.542682
