X1	X2	X3	X4	X5	X6	X7	X8	X9	X10
0.829888	-4.075926	-4.108679	-1.245059	-3.797430	-5.745913	-3.764416	-4.425983	-2.960416	-5.916752
-1.378689	-4.250730	-5.904454	-2.193172	-2.720728	-3.405299	-2.816820	-0.748494	-3.987557	-2.954464
0.436292	-4.470687	-2.835437	-2.056393	-2.192931	-3.595387	-1.641251	-1.336997	-0.586392	-2.337791
-0.750867	-2.513297	-4.259829	-1.518519	-1.201739	-0.316277	-1.160007	-3.007891	-0.794121	-0.843132
-1.712469	2.153441	-2.364231	1.762350	-1.345053	3.508529	1.056313	0.591124	-1.581444	1.531411
0.691187	4.999526	1.261956	3.181813	0.203726	2.687230	1.487809	3.947150	3.110440	4.965836
-0.437099	5.037360	2.890932	3.813873	1.611597	2.620225	3.228683	3.032287	3.116929	5.611344
-2.250828	5.141542	3.243194	3.674630	1.159360	1.233013	5.647736	4.755936	3.402426	1.996632
-1.053700	5.493773	3.761642	4.343883	2.385613	0.854792	5.673168	4.424298	4.037328	4.301400
-3.691716	1.873453	5.292875	3.225135	4.107656	2.669461	4.099782	3.942874	3.142038	1.499047
0.605724	2.378483	3.093191	2.690885	1.584387	-0.449481	4.067877	0.630266	0.367054	-0.621128
-0.304080	0.728862	0.442191	1.529934	-1.179293	-0.469035	0.329756	0.682873	1.106677	-2.378027
-1.112228	-0.205508	0.425873	2.540384	-1.081686	1.316897	-1.925581	-1.331402	1.547408	-1.304550
-0.430021	-0.979828	-1.764365	-2.469667	0.947707	-0.106185	-5.685032	-1.376559	2.642646	-0.645699
-2.033560	-2.807597	-2.772822	-1.901216	1.055885	1.098516	-5.811496	2.644703	2.314691	-1.228673
0.290356	-0.221115	-3.223801	-1.369764	-0.693351	-0.210099	-3.526673	3.285186	3.600745	-1.811276
-2.195274	0.018819	-3.856701	-0.896109	-0.832904	0.511567	-0.522960	3.664990	3.911506	-0.301607
-0.097249	2.620305	-0.425725	-1.781351	-3.097974	-0.440987	1.810344	4.253218	2.582676	0.234332
2.728828	3.272043	1.200728	-2.002089	-1.298861	0.059339	3.393340	6.219369	1.079555	-0.570859
1.957660	1.336935	0.778255	-0.458323	-1.801867	0.995442	2.464229	5.218045	1.255642	-0.307282
1.545044	0.767179	-0.283443	0.340248	-2.179591	-0.965177	1.376612	3.282047	-0.580561	-1.576838
0.977782	3.582977	0.320832	-3.130076	-1.125036	-1.347121	0.242892	2.961678	-1.326254	-2.294327
2.111572	-0.133371	-2.692421	-1.368393	-1.419701	-3.853391	2.032669	0.710537	-2.715838	-2.431351
1.155514	-1.403965	0.182198	-2.665803	-2.876788	-3.226587	3.397544	-1.841074	-3.665511	-3.540212
0.476609	-3.614403	2.435786	-2.441006	-2.243997	-5.106811	2.956920	-3.211454	-3.095573	-2.371008
-0.163344	-3.028686	0.838845	-1.818000	-2.764729	-3.962564	2.063397	-3.432100	-2.181125	-1.256543
0.595454	-3.207614	1.289572	-3.965386	-2.023984	-4.591947	3.053477	-4.779013	-4.950465	-2.403317
-2.658196	-4.446285	-1.738934	-2.787262	-3.216563	-5.406861	2.910361	-1.414390	-4.095793	-4.094130
-0.170294	-4.408799	-3.352473	-5.526728	-3.673768	-4.780908	-0.050548	-3.321730	-3.397208	-3.478685
-0.873342	-5.322656	-2.285546	-2.938184	-0.546898	-3.885088	-3.220151	-3.336731	-3.782611	-4.926081
-1.492938	-3.132956	-4.692654	-2.881327	-1.786654	-6.424603	-5.178344	-2.911893	-3.106401	-4.967620
-0.297383	-0.829997	-3.544498	-0.674459	-2.065738	-2.499253	-1.556227	-1.743914	0.357423	-4.137903
-0.669078	0.614420	-1.122078	0.577622	-3.353849	-1.315241	1.226302	-2.496092	1.685462	-1.201831
0.348278	1.302996	2.345304	1.972016	2.183812	1.110434	4.017844	-2.104727	-1.618985	0.425996
-1.512616	0.548532	2.518647	-0.295175	1.626044	1.905470	3.601201	0.342285	-0.359016	3.260776
-0.218059	1.888528	3.937351	-0.529952	4.395647	3.363466	4.059875	2.313644	0.144968	1.636308
-1.282952	0.246385	2.911015	-0.317713	2.264319	2.292521	4.704567	0.164151	-1.420631	2.738691
-0.840296	-1.416597	1.630537	-1.235658	2.699060	1.434034	0.562578	-3.188191	-1.890713	1.543225
0.672811	-1.727217	2.083018	-0.083287	3.271370	1.938903	-4.199590	-1.574582	-0.191077	0.484708
-1.862832	-1.318575	-1.608743	1.031402	0.471049	3.356329	-3.833834	1.693881	0.356777	2.453440
1.019874	0.943530	0.097752	-0.631292	0.121094	4.019810	-4.558255	2.478598	3.732049	4.238020
-2.342770	2.970598	-0.447697	0.411934	2.270807	3.658344	-0.436849	5.022273	7.083242	2.781646
-0.327564	2.105930	0.357508	-0.132521	2.927286	3.380532	-1.663416	2.960005	4.247254	3.242918
-1.390109	1.354227	0.236869	-0.323657	0.188231	3.066472	-1.383953	0.734798	4.840087	4.028336
-0.287705	0.486488	-0.618918	-0.483071	2.192641	2.388763	-1.234260	0.028752	-1.019158	3.033997
-0.674251	1.340915	-1.387351	-1.012664	2.903215	2.684304	-1.596234	-1.116231	-0.887481	2.297902
-0.133447	1.708709	-0.826533	0.796765	4.339854	1.385594	-0.403874	-1.721349	-0.201980	-0.592151
-1.324195	-0.682531	3.808937	1.988716	3.106957	2.279333	1.451421	-1.349400	-0.317357	0.491738
2.820707	0.901997	2.485357	3.280891	4.298523	1.725520	0.314454	0.813917	1.245592	1.025767
3.100058	1.757592	3.042627	1.767690	3.401151	1.544353	-1.635074	1.129204	1.022666	1.653237
4.865458	1.586556	2.783546	2.402213	0.797842	2.301732	0.852038	1.710363	1.981265	2.641645
4.643208	0.102289	1.496914	4.095062	2.431794	4.099756	1.575493	0.843096	2.565892	1.836292
2.734007	3.034193	1.569530	3.184637	2.819608	3.686325	0.960991	1.676704	2.207946	4.606576
2.950655	3.602166	0.733793	3.998538	3.645982	2.356937	1.652335	1.470289	1.073329	1.800298
0.903552	2.551711	-0.271898	4.173967	3.278517	0.390991	1.662427	-1.942247	2.648541	-0.351045
-1.759201	0.808327	0.977457	3.199424	2.014712	-2.573912	1.341367	-1.455402	-0.934416	-3.113552
-0.416206	-2.612184	0.489057	-0.017890	0.020666	-2.917174	-0.809843	-1.833775	-1.416543	-4.382725
0.699939	-0.438622	2.713602	0.126125	-1.826321	1.276104	-2.561600	-1.507263	-0.103637	-0.009964
2.461934	-1.869487	1.304591	-2.453530	-3.107849	0.678122	-4.050804	-0.425765	-2.258499	1.658030
2.691477	-1.311377	1.835323	-1.288855	-0.859819	2.141879	-2.548352	-1.833779	-0.429827	3.436057
1.169771	-3.091592	-2.495302	-2.846347	-2.266630	1.217975	-2.438544	-0.497703	-2.809220	4.247215
-1.670487	-4.250531	-3.428684	-3.104708	-2.239785	0.121208	-2.213977	-2.938635	-3.392177	3.338005
-1.094395	-3.018994	-4.399425	-0.896636	-1.924782	-0.992621	0.381251	-2.106673	-3.503098	1.072925
0.219747	0.112220	-2.497825	0.679169	-0.723523	-1.239814	0.967540	-2.332916	-1.527081	-1.533426
-2.986161	1.741711	-1.770385	0.297208	-0.633207	-4.344471	-1.806008	-1.597162	0.009075	-3.036647
-0.977820	1.611282	-0.598404	1.635482	-0.167935	-2.797193	-0.526490	-0.567008	0.936771	-4.790339
1.579871	3.540831	1.512716	1.374491	2.046892	4.080720	0.376894	0.683747	3.086307	-0.424004
2.467112	2.666760	3.669175	1.619437	2.542075	3.719668	2.295746	3.228505	4.461584	1.333759
2.590503	3.969570	3.971973	1.243319	5.152113	2.099749	-0.516732	3.104068	3.298305	2.729149
6.479644	2.980461	4.506209	3.661738	5.152305	2.758863	0.206662	1.905038	3.010269	1.810964
1.177635	0.466235	3.568983	1.768196	4.407352	0.440911	-2.394272	-1.386682	0.674378	2.772406
1.266777	-0.101809	2.269693	2.658092	1.821453	-3.069810	-0.894932	-2.113993	-2.965867	-0.166727
-0.985531	-3.160070	0.533941	0.963527	0.819208	-2.924699	-5.198015	-3.897390	-3.244565	0.636464
-0.658589	-2.952146	3.188224	-1.647197	-1.842384	-0.420356	-4.489022	-3.216573	-2.690015	0.210879
0.390704	-3.694537	1.125743	-2.528681	-4.049422	1.412517	-4.306949	-3.078939	-2.949016	3.473919
-2.766452	-3.666643	-0.150902	-2.264123	-2.102408	1.053422	-2.435896	-2.137986	-1.016066	3.070081
0.784643	-3.978462	-1.936212	-3.104624	-4.757941	1.785256	-1.927461	-2.622213	-0.811865	2.036966
-2.621511	-3.134793	1.719813	-3.402782	-3.801022	1.916020	-1.477443	-1.670617	-0.897912	1.240973
-0.773714	-4.209437	0.431972	-4.609397	-2.875150	0.713114	-0.000039	-3.329497	-1.445004	-0.606498
-0.807266	-2.951592	-3.252136	-3.740467	-5.109826	1.174137	-0.447150	-3.004951	-2.452842	-4.496048
-1.199866	-4.674757	-5.248209	-3.151794	-4.439851	1.728889	-2.346873	-1.749276	-3.586423	-2.918077
-0.342915	-3.303131	-5.189450	-2.655375	-2.924925	2.204369	-3.189007	-4.306071	-3.939747	-2.337485
-0.817212	-0.544615	-4.529157	-3.740310	-2.582447	0.663577	-3.168251	-2.387834	-2.490813	2.111226
-1.084457	-2.787706	-5.858932	-3.388499	-4.082718	-1.072886	-3.877003	-3.168563	-3.395119	-0.186242
-2.637250	-3.673705	-6.302374	-1.969441	-2.738439	-2.313421	-4.728261	-4.570755	-2.910965	0.214009
-1.758291	-2.259310	-3.612785	-3.194735	-3.918409	-2.624029	-3.812826	0.291590	-2.262448	-2.254621
-2.583780	-1.246721	-5.004963	-2.833181	-0.128129	0.800790	0.342906	2.465076	0.051832	-2.162332
-2.499116	-0.581236	-3.048911	0.632422	-2.115498	0.399037	-1.688566	2.205104	0.699477	-1.397425
-0.453000	1.333344	0.407073	-0.633726	-1.446218	-1.993990	-0.096639	3.328875	0.282287	-3.052200
-1.065931	0.198121	0.537689	-0.660923	-1.008888	-2.804389	-1.974112	2.055493	0.638465	-2.508658
-1.306309	-0.856704	1.343535	0.527730	-2.090809	-1.068462	0.573815	3.023458	1.263110	-0.691897
-3.277334	1.449670	0.552211	2.201234	0.188920	0.146292	0.526144	-0.108627	1.372826	1.803280
-0.239205	0.200543	-0.419682	2.163491	-0.020402	1.099372	1.095777	-2.332161	0.926012	2.524174
1.771777	1.555616	3.951955	3.328499	-0.446375	-1.248221	1.103914	-1.003340	1.953670	0.069785
-0.086388	-0.077710	2.250422	4.209961	2.342200	1.013012	3.776656	0.747836	1.094501	0.671112
-0.172399	0.435066	2.103419	3.348877	0.853925	0.450372	1.452405	-0.597431	1.892507	-1.019844
-2.162356	3.943244	1.950545	3.303846	1.151497	-1.282143	1.306562	-1.820339	1.790488	1.462415
1.467240	3.294126	1.137902	3.039070	2.462918	-0.042031	0.012928	-0.949085	2.397747	-0.495510
-2.251108	3.338313	1.609487	0.774850	1.760387	-2.233594	0.551403	-3.315068	-0.643416	0.055580
-1.566203	4.143404	1.651502	0.628085	3.323303	-0.079730	0.335790	-0.150886	0.819301	0.625786
-2.427143	2.476502	2.815446	3.133977	1.833168	-0.711640	1.012188	-0.869337	0.370099	-1.472294
0.234071	1.556007	2.110119	2.366926	-0.223620	-2.048923	0.181999	-2.159020	-0.191621	-1.642258
-1.089359	0.619619	1.966920	2.096932	-1.764361	-4.027881	0.022324	-0.542131	-2.411057	-2.351508
-0.304935	-0.155360	-0.277649	-1.234605	-2.449154	-1.912413	0.597864	-0.041871	-1.933309	-1.526243
-1.886256	1.930571	1.611011	-2.221582	0.553800	-1.482818	2.973520	0.858464	-0.016274	-2.209264
-1.148521	-0.871088	0.563599	-2.631201	1.062700	1.196403	2.359992	0.888775	-1.396752	-0.140271
-1.161831	-0.039335	1.413716	-0.770861	4.249848	-0.494449	3.243681	0.590965	0.186959	1.141136
0.337215	-1.147471	-0.133739	-0.553460	2.558642	-1.845275	2.282089	-1.605266	-1.720641	-1.582543
-1.545484	-3.972793	-2.246065	0.411101	0.633382	-1.668075	-1.454185	-2.555516	-1.593248	2.082393
-0.507527	-2.303602	0.043238	-0.138478	0.898569	1.618253	1.007862	-1.341782	-1.117364	0.868041
0.533887	0.769504	-0.907831	0.246405	0.721001	4.067407	2.988529	2.173837	0.718215	0.726804
3.819156	0.753626	3.156329	1.084450	0.145180	2.256287	4.575517	4.767143	-0.840411	4.846779
2.331981	1.378864	1.621217	-1.152243	-0.441896	1.663395	4.103127	3.314038	1.229059	1.352868
1.832263	1.188820	2.361434	0.483026	-2.872026	0.802630	2.867860	0.771723	0.051427	1.597871
3.570102	1.443394	-0.129721	-0.572742	-2.041010	-0.291607	-1.344285	2.464400	0.572993	0.764786
1.263497	1.496087	-1.356447	-0.928446	-2.735650	-3.140918	-2.397405	0.836672	-2.720239	-2.912786
-0.746751	0.379400	0.288255	-0.059687	0.280156	-0.590100	-4.578801	-0.834762	-2.156671	-0.410644
-0.615043	0.121334	-0.431614	1.372437	1.830607	2.173845	-1.561372	-1.493098	0.073901	-2.065290
-0.030977	-0.938111	-2.272254	0.101725	2.587502	0.847118	-0.430717	-0.697335	0.389576	0.376177
-2.516554	-1.168933	-3.259866	2.281878	3.401842	-1.556881	-2.273837	-1.620172	1.309557	-1.141243
-1.028375	-0.184431	0.231251	-0.579404	2.570826	-4.552951	2.441470	-2.982606	-1.665656	-1.709250
-0.234638	1.547995	-0.181003	-0.392320	0.376255	-2.084793	2.208703	-0.156937	-1.498660	-2.540045
3.085257	1.181746	1.395472	-1.426370	1.909527	3.591393	3.527364	0.966238	0.770144	1.835172
1.918309	3.970024	2.089476	0.991646	2.194044	2.086609	5.650552	2.035019	2.234358	2.559702
2.720018	2.400128	2.327809	0.533229	3.921503	3.613453	3.912569	4.490210	5.423784	2.709845
4.401285	2.829760	2.172571	2.474978	3.632007	2.571427	2.154413	5.524910	4.381622	1.731999
3.568710	1.303521	1.517963	1.848694	2.331553	2.820530	2.520886	4.968122	3.685674	5.066266
-0.888408	4.216011	4.079083	2.543878	4.744242	1.094863	1.947988	4.394847	1.649942	2.590546
0.132133	4.003232	2.520433	2.223930	3.053974	-0.572175	1.818619	2.038386	1.306325	0.844537
-2.782469	0.130084	3.553913	-0.463051	2.609049	-0.434082	3.669479	0.810642	-2.100874	1.443840
-0.785213	-0.012532	2.924223	-1.498664	-0.660934	-2.842559	0.368568	-3.704085	-2.038355	-0.993144
-1.051799	-0.638815	-0.124238	-0.576008	-1.201375	-4.230106	-2.049013	-4.872692	-3.315016	-4.839717
-0.202127	-1.947464	-2.114469	-1.899384	-2.045874	-6.516322	-3.426964	-1.947880	-4.437756	-9.103577
-1.023197	-5.520678	-3.726470	-3.116091	-2.743732	-5.499107	-5.994386	-2.830445	-3.960075	-10.381426
-1.557609	-6.609957	-5.563541	-3.242430	-3.172648	-3.486461	-3.669278	-3.538088	-4.111670	-2.154963
1.146937	-0.665500	-4.240882	-3.359999	-1.182723	0.869515	-0.342041	-1.002506	-3.326941	2.736012
0.130341	0.829194	-1.014892	-0.834500	2.104842	2.697024	1.891027	-0.188298	0.058113	3.790598
-0.256397	2.977727	0.361328	-0.140031	2.999349	1.926564	3.536024	1.765136	0.943493	4.509896
3.538523	4.388298	2.393179	1.275008	1.723795	3.243035	1.884251	2.727900	-0.399300	-0.251094
3.139301	2.092608	2.982761	0.905616	-0.198819	2.747139	0.298607	0.416892	0.384836	0.746527
4.238437	2.641859	2.575274	0.635693	-1.792893	0.955675	-1.512907	3.213016	0.047301	0.729759
2.597531	0.532951	-0.232983	-0.151860	-2.083527	0.825143	-1.500692	1.409972	-0.299004	-5.063397
0.603483	-1.149415	-1.212508	-1.694943	-2.128223	-0.704557	-3.314348	0.993761	1.485423	-2.830642
0.374893	-1.590138	-2.359001	-2.422257	-4.657680	-0.787023	-4.028174	-0.366316	1.349181	-3.008776
-0.040739	-5.675618	-4.108263	-2.538900	-4.092198	-0.154058	-3.579973	-3.081957	1.644874	-3.201699
-3.155413	-5.782153	-5.350694	-2.630574	-4.999578	-3.075959	-3.681742	-2.967362	-1.969300	-3.261211
-1.061330	-7.768943	-3.570293	-3.704179	-2.473221	-5.344827	-2.346884	-4.176828	-2.233039	-4.687712
-3.323989	-5.611688	-6.665260	-3.783013	-1.984826	-6.756962	-2.491497	-2.247656	-2.434941	-4.725102
-1.144890	-4.846386	-5.515095	-2.343578	-1.826294	-6.735663	-1.199284	-5.244845	-1.945907	-5.829082
-1.138735	-5.086937	-2.526997	-1.005773	-0.404925	-5.516232	1.156858	-3.078592	-3.030135	-6.117151
-2.009421	-3.101039	-2.785868	-3.973799	-2.967721	-4.860866	-1.778875	-4.471998	-3.140124	-5.132010
-0.903651	-1.991193	-2.189806	-2.807955	-2.177380	-5.479367	-1.777081	-3.319561	-3.309274	-2.540058
0.240877	-1.381298	-3.306411	-2.588142	-2.366303	0.453365	-1.775660	-1.456580	-1.547584	-2.328197
2.757562	-0.497552	-1.886184	0.664641	-2.750092	0.569932	-1.863815	0.168046	-0.603553	2.923475
5.040003	1.812245	1.662076	2.596593	-2.376546	2.941632	4.870756	1.948516	0.272220	1.206157
5.989101	1.029093	3.021869	3.726213	1.374135	2.223866	3.807551	3.783833	2.735136	4.373748
4.576456	4.735693	2.269195	3.928003	2.951349	4.048534	5.044370	3.055298	4.813295	4.052249
2.534567	1.203547	2.857455	4.379261	2.733797	2.833737	2.470412	1.957010	5.097597	3.135459
0.508835	3.460053	1.878047	4.675188	2.219478	5.463073	3.252077	2.191270	3.417544	2.031379
-0.933042	1.694715	0.614773	3.875082	2.675291	2.799543	-0.237235	2.667381	4.821737	1.313707
-0.869163	2.437231	0.929933	2.161745	0.772736	-1.414753	-2.421526	3.795041	3.422575	-2.546955
-3.355828	0.929202	-0.610274	1.059776	0.730413	-1.432414	1.534704	2.266252	-0.148340	-3.531409
-4.033938	0.642729	1.593852	2.329474	0.657821	0.150658	4.388054	2.636214	-0.413808	-0.639154
-2.078392	0.724114	0.385613	-0.652361	0.032560	1.083364	2.924624	2.564928	1.112972	1.712109
-2.830792	1.650155	2.481607	3.115872	1.451228	1.249604	4.400813	2.390295	1.198399	3.793480
-1.534537	3.970654	2.448636	3.527171	1.734126	1.577878	5.678820	1.235615	1.665276	3.372658
1.497573	0.456912	1.197398	2.317836	-0.215046	0.458486	1.981345	1.973889	-0.589699	2.834545
-1.258063	-2.423971	-0.697206	1.737967	-0.876791	-2.126073	-1.257914	-1.321884	-2.424524	0.556439
0.178654	-4.107695	-0.645475	-0.659036	-0.815307	-1.765498	-4.162157	-2.758801	-3.731198	-0.045860
-0.970474	-3.650159	-3.995110	-1.334474	-1.874896	-0.442890	-4.210985	0.818136	-1.115222	-0.113452
3.474651	-2.333262	-2.143011	-1.230447	-0.398358	-0.226848	-3.740698	0.566229	-0.427696	-0.104438
3.388228	-0.972305	-2.497078	0.383844	0.314807	1.708427	-3.278498	-0.489122	-1.301118	2.661883
2.580859	0.385315	-1.565410	-0.199700	-0.433904	1.892434	0.369215	0.379383	0.879112	3.083910
1.281542	-0.816704	-2.986709	0.834219	2.113912	3.546475	3.349440	-1.580456	0.544493	3.530543
0.606177	-0.900160	0.140028	1.950401	1.231951	1.091848	5.592576	-1.518637	-0.291573	4.173182
0.177364	0.945046	0.162698	3.305846	3.083314	0.778954	4.441322	0.371138	0.424013	1.036425
-0.278398	1.917816	1.353703	3.517652	3.029201	2.779891	5.474277	2.669770	1.961952	1.798574
1.477192	2.783550	2.744142	2.023521	3.683410	2.353261	2.498540	4.628760	2.406544	2.266427
3.995532	2.321348	4.299616	4.355851	2.098842	0.737262	5.297310	4.273708	2.251889	2.211784
1.655622	1.598710	3.803924	3.518442	3.609394	2.365094	1.356588	2.787313	3.134787	1.814546
1.066062	1.327737	4.091166	1.630892	-1.058132	0.161358	-1.804730	2.215276	3.637538	-2.163489
2.902252	4.369729	2.149242	0.473602	-0.291539	1.764352	-5.547143	2.199897	3.219543	-2.843221
-2.112709	0.343287	0.899153	1.178572	1.879674	1.083877	-3.959252	3.153976	1.802702	-1.052050
0.170779	3.011011	-0.825003	-1.999901	0.208005	0.212832	-2.155859	0.934213	3.838514	0.560324
-1.291385	0.111601	0.251576	-1.913115	1.865355	-1.218183	-1.034164	-0.555892	2.655780	2.985900
-0.810402	1.821357	0.913789	-1.552972	-1.761879	1.503431	-0.620969	1.093460	2.443300	2.602978
-0.262570	-0.496619	-1.307265	-4.474073	-2.480796	-0.766426	-2.660474	2.524171	1.264273	1.449657
0.444308	-0.050629	-2.523585	-1.561918	-3.710697	-1.826254	-1.400380	-1.025661	-1.528400	-0.937162
-1.347768	-1.961872	-0.451471	-0.667507	-1.414582	-0.613054	-1.263189	-1.772936	-0.546720	-1.355681
-2.216398	-0.968147	-0.826023	-1.783542	-1.225054	-1.553227	1.545399	-0.274953	0.106113	-3.096200
-0.976782	1.808145	-0.896743	2.102777	0.263988	0.173628	2.773382	-0.166613	0.874400	-0.136419
-1.848721	2.213306	0.478171	2.816050	1.825144	4.286310	4.951760	0.782583	5.665540	1.913362
-1.801215	0.243834	2.579218	3.667075	2.427111	3.467418	5.496632	3.045737	3.261333	4.320841
-0.004466	1.906630	4.405498	2.889152	2.585590	1.937852	5.493096	1.511346	0.690679	4.595819
0.158127	2.846795	3.610311	2.723080	1.442279	2.049311	5.922051	0.653712	1.441377	1.886896
1.592863	1.703728	1.819456	4.016458	0.962178	-0.447705	5.015097	1.277233	1.738827	-0.146330
-0.098959	1.745329	1.653834	1.714386	1.562586	0.018804	2.242932	0.170009	0.176829	2.373541
0.765861	0.912199	1.931244	0.498664	-0.309597	-3.689164	0.534356	-1.011060	-1.601418	-1.384890
1.290322	0.079137	-2.476215	1.323989	0.609827	0.251891	-3.205633	-1.893474	-2.001413	-1.865825
0.532724	-1.152756	-1.728441	-2.510938	-1.692342	1.785269	-2.949735	0.424765	-0.578957	-1.342065
1.458266	-1.082580	0.032064	-2.518119	-0.423306	1.726268	1.898647	-1.496843	-2.581551	-0.896809
-0.409352	-0.854235	-0.650500	-1.077654	0.558436	1.316289	3.280514	-1.576697	-1.886495	0.855043
-0.147831	-1.768122	2.111967	-0.828844	-0.578618	0.192931	3.742064	-3.280500	-2.954989	1.479388
-0.394573	-1.621941	2.043464	-1.355290	-2.262568	1.402593	3.513097	-1.461750	-3.097934	2.705028
-0.799976	-1.576590	2.382892	-0.635792	-0.785516	2.145175	3.806510	-1.865750	-1.462931	3.212562
-0.356642	-2.529472	1.055550	-1.742052	0.325439	4.475675	1.636104	-0.698899	-0.912079	3.674389
-1.920772	0.355515	-2.085262	0.253530	-1.314006	2.276993	-2.163523	-2.268899	-3.465180	2.245008
-1.537865	-0.054329	0.973355	-2.748148	-1.364651	2.443329	-5.499472	-3.198850	-2.087634	1.833420
-0.758324	-2.220106	-2.239498	-2.237885	-3.558896	0.666581	-7.608844	-4.330152	-4.409442	1.111123
-1.440648	-3.089615	-4.979923	-1.563883	-0.514942	0.357949	-5.089239	-2.895607	-2.803004	0.614718
-0.045538	-2.389655	-3.516120	-1.854443	1.856909	1.554033	-0.566260	-1.601515	0.367279	-1.031397
0.311406	-1.375228	-1.638588	0.164135	3.389757	2.472031	0.940494	1.824823	1.418407	2.571779
5.477982	2.167466	-0.786329	3.408249	6.127301	3.687043	0.890922	1.192006	1.457979	5.522844
2.672790	2.912328	2.014158	2.596598	4.139740	3.697368	2.129521	2.545333	0.568393	4.896699
5.623329	0.517656	1.135071	1.960383	4.023574	3.157806	0.415792	1.210504	0.693750	5.543443
3.406299	1.142551	1.042311	1.770701	2.049301	1.650254	-1.392466	3.745917	1.177049	0.589575
2.302798	2.566213	1.113077	-0.037048	0.441221	0.255314	-1.765855	3.507971	1.303688	-1.479605
-0.670573	1.647141	2.145169	-0.838264	0.775832	-0.504117	-3.176275	3.181266	2.307567	-2.686998
-1.657416	3.032634	0.985386	-1.919150	-1.804265	-0.335038	-3.281927	2.871901	2.533186	-5.356104
-3.636030	1.741594	0.966127	-0.243805	-0.166872	1.207549	-1.928013	2.411474	3.581743	-1.562923
-2.024018	3.413918	-0.008407	1.157370	1.952311	1.485144	-0.416532	3.447885	3.984638	1.414444
-1.276080	3.086807	4.627583	3.658972	1.344682	2.507345	2.500214	3.626633	5.537869	3.069996
-2.120715	2.375960	1.339696	2.327903	2.456841	1.212952	3.175725	1.631715	1.293736	2.714233
-1.920526	1.683178	2.278531	2.752559	-0.928614	-0.204736	-1.787101	-0.776967	-0.235562	0.526755
-0.322813	1.070859	0.563589	0.173342	-0.074682	-2.103120	-0.125765	-2.012117	-2.214627	-0.926039
-0.584176	1.147803	-0.539831	-1.260750	-1.343965	-4.788700	-1.788866	-2.211234	-4.118258	-5.815449
-0.350116	-0.864390	-1.738029	-2.243919	-1.626163	-10.067177	-4.903506	-4.819620	-4.382457	-8.972976
0.554865	-0.133021	-1.181707	-3.047464	-4.491878	-8.194053	-4.401585	-3.558876	-4.351525	-13.636821
-2.594432	0.978710	1.112035	-3.748788	-2.608010	-6.453029	-4.480505	-3.230803	-3.228263	-10.561083
-2.258209	3.336602	0.334397	-0.641290	-1.623160	-2.276904	-2.287265	-1.644503	-0.784972	-5.872163
-3.502466	1.682055	2.640578	-0.799072	-2.329428	1.303820	-0.626168	1.538923	3.163147	0.386739
0.103296	0.069967	4.413878	1.079065	-0.728716	2.480443	-0.136012	1.216075	5.205894	-0.771078
-0.618424	-0.389260	2.209896	-0.084979	1.669675	0.432163	-0.019699	1.325850	1.964166	1.788685
0.463974	0.681171	2.316131	0.179395	-0.636654	0.526579	-0.238230	1.303948	2.704463	-0.385771
-0.653012	0.079361	-0.191417	-0.943815	-1.436805	0.539191	-0.502705	-1.980132	3.821784	0.922752
1.361618	3.020909	-0.699048	-3.026708	-1.796379	-0.339602	-1.184725	1.223007	1.577828	-1.054845
2.366864	1.214414	0.899636	-2.527887	-2.433076	2.438099	-2.337990	3.754066	2.285894	-0.291263
3.661424	2.589876	2.251635	0.582348	0.081903	2.152294	0.917899	3.879541	3.588980	2.129498
3.827697	1.260394	-0.262951	2.058997	4.828358	2.999280	2.123142	2.445134	4.776686	3.354037
1.288684	4.036266	3.640577	5.466957	4.980486	3.550158	2.001338	1.786641	3.870011	4.596955
3.569583	1.707194	2.818918	3.697730	3.407789	2.207827	2.180487	0.939161	2.991152	2.750350
0.541893	0.448276	3.063671	2.636013	2.172865	-0.796814	-1.005312	0.952594	-1.038590	-0.777378
-1.408386	-2.366890	0.659537	1.405306	-0.379186	-1.453667	-1.580059	-0.789263	-0.126718	-4.557528
-2.799056	-2.221402	-2.339386	-0.418692	0.787334	-2.312931	-3.103055	-1.533309	2.782669	-2.253802
-3.019416	-1.529463	-1.982199	-1.611182	-1.322575	0.388593	-3.276100	-0.426448	0.575168	-3.148399
-1.634968	-3.412173	-1.565501	-0.470765	-1.980413	-0.667998	-1.969094	1.458220	2.416579	1.555980
-1.654712	-2.270132	-5.756694	-0.588041	-2.391681	-0.227702	-1.635138	-1.405606	0.719200	0.065235
-2.677149	-4.398042	-1.863278	-3.486711	-0.916380	-1.139322	-2.502031	-0.191229	0.750831	-0.992734
-1.440380	-2.406603	-2.389654	-1.058876	-3.744811	-2.660757	-2.828575	1.900952	-0.863431	-2.833628
0.261994	-0.617216	-3.632022	-3.459437	-3.221773	-3.773809	-2.510869	0.980433	-1.355585	-5.046446
-1.327527	1.264718	-1.700384	-3.030295	-3.089568	-2.345978	-3.828614	2.112815	-2.334934	-2.692790
-1.891144	1.491999	-1.516639	-2.153649	-2.833096	-0.643865	-1.502110	2.752795	0.202521	-2.009658
-0.471658	-0.545274	-1.351089	-0.925902	-1.587157	0.866328	0.769943	3.483272	1.013980	0.462548
0.489730	0.690997	1.394366	0.937946	1.100647	2.849903	1.747645	3.789044	4.092841	2.208828
3.341021	-0.369488	0.898325	1.649195	0.754217	1.836156	1.867496	2.317312	2.233304	2.450283
1.347512	0.132571	-1.192512	1.106244	0.041552	2.334389	2.133195	-0.588428	0.415766	3.369112
2.926403	-1.482928	-3.437146	-0.522208	-0.685449	0.281600	-1.762857	-1.600676	-2.057474	2.298315
0.800194	-3.042386	-2.527879	-1.618361	-2.310186	-0.240311	-2.255261	-1.167034	-2.016616	1.436592
2.263284	0.636497	0.353691	0.371483	2.015040	2.962255	-1.281216	3.256396	0.587639	1.591742
2.926073	2.110719	1.220461	4.234925	4.909729	4.577497	3.008377	5.652915	4.856789	2.655567
3.276058	2.845681	2.928832	3.977664	3.604282	5.125614	3.892719	2.811319	4.086533	3.452865
3.466941	3.569280	3.907502	5.686098	5.693696	4.613507	2.460009	3.208608	4.430369	3.785237
3.290119	1.931117	3.959571	2.704928	3.759072	1.698573	2.131149	0.715581	4.220998	2.648083
0.063493	0.770690	0.449638	2.066752	2.715710	2.884114	-0.226963	-0.612165	1.759117	2.953902
-0.903938	2.223498	0.639703	0.820071	0.058908	2.161728	-4.709727	-1.711530	-3.654975	2.234995
-1.619075	2.897941	-0.081935	0.639484	-4.101532	-1.966885	-4.843241	-3.797615	-7.225878	1.508461
1.105882	0.945217	1.368323	-3.950510	-3.906912	1.070973	-3.570805	-1.540822	-4.339994	2.287001
4.527531	4.799626	1.208177	0.093288	-2.813331	-0.430497	-0.884420	3.834347	0.676176	2.622516
3.142273	3.875067	2.122426	-0.895121	-1.282190	0.315905	-0.377186	3.744292	0.965531	0.396203
1.822507	4.621339	0.486369	-0.986138	-3.274090	-2.186423	-1.268901	6.100611	2.147670	2.615665
1.716331	1.955440	1.782206	-2.810964	-1.345630	-2.004681	-1.437766	2.533303	1.583592	-1.057799
1.098746	2.070971	-0.814264	-1.685299	-2.852410	-4.069269	-1.027480	0.716567	0.419696	-6.066788
0.216050	-0.606270	-0.490641	-2.771544	-2.192532	-6.340388	-1.662643	-0.107400	-3.223919	-8.460104
-0.599156	-2.558885	-3.250126	-3.991899	-4.598094	-7.617438	-2.363254	-1.041696	-3.614755	-12.654845
-3.141973	-3.141372	-2.374620	-2.417963	-0.653697	-4.607920	-1.169614	-2.521525	-2.252012	-9.655211
-0.576703	-4.419235	-1.955923	-0.798639	-2.433441	-3.226834	1.419878	-2.607587	-3.748692	-4.006902
-0.707545	-4.028973	-1.206836	-0.895325	0.178373	-2.668379	4.055824	-2.645884	-0.958994	-1.160818
-0.881399	-0.585587	-0.865859	1.297377	1.303447	0.896642	3.202322	-0.732416	3.793579	1.429242
-1.950168	1.876322	-1.025893	1.600768	2.363079	-0.626669	4.572574	0.495515	2.894126	1.960877
-2.345650	0.169952	0.041461	0.440947	0.246770	-0.935613	-2.048720	0.547908	1.354248	1.082288
-1.820046	-0.980497	-3.125097	-0.513285	-0.084781	-3.326291	-2.710458	-0.834738	1.302642	-2.508325
-1.367058	1.556874	-1.353967	0.944469	-1.652772	-4.284102	-3.775842	2.520776	-1.727592	-5.112161
-1.955585	1.561964	0.041449	-2.587188	-1.352505	-2.851347	-5.846770	1.689349	-1.937054	-2.895520
1.518871	0.605772	0.658252	-2.568058	-3.835879	-0.337827	-4.539841	1.688980	-2.703347	-0.579001
1.054612	1.718498	-1.257760	-3.229942	-2.333394	1.055260	-1.778954	-1.318932	-1.479970	2.569695
0.018036	2.680040	0.160614	-0.628537	-3.346849	1.191713	-1.235610	-1.188589	-4.690325	2.383569
0.774742	0.118897	0.740373	-2.105246	-1.997646	-1.665970	-3.496408	-2.486591	-2.060413	2.047622
0.322031	-0.694330	-0.490884	-1.388969	-2.353782	-2.158886	-2.109146	-1.510938	-4.513433	1.748753
0.481102	0.517956	-0.682758	-3.484104	-1.468959	-2.384937	-2.683224	-1.743633	-2.154888	0.750764
2.111154	-2.892045	2.139252	-2.159252	-2.830076	0.172377	-0.966742	-3.416176	-2.664278	-4.669045
-2.256413	-3.820234	-0.424855	-1.728314	-2.154633	-0.548643	-2.171898	-3.324768	-2.848503	-3.044773
0.043102	-6.449312	-0.460779	-4.660689	-3.153929	-1.826198	-1.959692	-2.788110	-4.259764	-6.446321
-1.486403	-6.433279	-1.916122	-3.547578	-1.267864	-4.603488	0.291278	-4.963902	-1.008263	-3.781787
-0.993328	-5.682436	-3.082282	-2.981079	-1.618939	-5.043612	0.920611	-5.355645	-4.492599	-5.095771
-0.633773	-6.918385	-3.674062	-2.072893	-4.633851	-5.798371	1.094609	-3.341441	-2.857173	-2.678073
-2.502339	-0.979526	-3.306561	-3.342421	-1.334102	-5.407163	0.207173	-3.245889	-3.684087	-1.882391
-0.885125	0.732040	-0.231479	-2.786361	-0.559790	-1.858391	-0.911097	-5.090892	-3.680140	0.281574
-2.052932	-1.650787	-0.911917	0.242385	1.196884	-0.247252	-2.223100	-2.401848	-1.420434	2.458623
-1.778661	0.845691	-0.832575	1.096020	0.425222	1.428453	-0.579834	-3.535959	-0.746368	2.395958
-1.539910	0.175074	-1.488053	2.536542	4.105923	0.168825	0.754301	-2.088526	0.030456	1.869078
-2.914382	-2.230339	-1.558353	1.681451	1.787889	0.418062	-0.196894	-2.969850	-2.273661	1.250185
-2.494175	-1.102148	-5.508074	1.796249	-1.047581	-0.504633	-1.775117	-0.905530	-2.225521	-2.148421
-0.383890	-3.065356	-2.360716	-0.242565	-2.599386	-0.009361	-1.406069	-2.241967	-3.542225	-1.260239
0.042472	-2.005661	-2.156979	-2.841790	-2.549124	-1.005622	0.143453	-4.090062	-2.950771	-1.457269
-2.357988	0.491735	0.694635	-3.686126	-3.735996	-1.065515	4.685948	-3.169516	-2.836162	-1.544510
-1.682770	1.879131	0.780427	-2.018773	-1.057301	-1.068440	3.972019	-3.205828	-3.042996	-2.392860
-1.659375	1.690927	0.754597	-2.559431	0.596562	-2.121196	2.016366	-4.224100	-2.311276	-1.087820
-2.918003	1.434522	-0.084456	-2.252498	1.968794	-3.785183	-1.079909	-1.838531	-2.422400	-0.734488
0.490647	1.885616	1.123269	-0.227675	-0.118006	0.400198	2.255493	-3.368523	1.465830	-0.872264
-1.717927	0.974207	1.009270	2.125838	1.994365	1.375350	-1.402225	-2.374274	0.668014	1.672653
-2.011123	1.954395	1.597848	1.996243	1.338906	3.281772	1.301737	-1.566487	2.067653	1.085365
-1.547142	2.969779	3.645103	3.728440	1.312319	1.678365	1.100481	-1.350460	-1.121355	3.363271
-2.790285	0.358959	3.154635	3.521029	1.706304	1.842129	0.628508	-0.556594	0.499490	2.306673
-2.098250	-2.235965	3.162743	0.985610	0.917062	-0.581936	2.678518	0.474510	-2.493911	0.586672
-1.136638	-2.828595	0.682128	1.922085	-1.197406	-1.244427	2.639013	-2.810247	-3.664559	1.488869
-1.562549	-3.329631	-1.093311	-1.871746	-3.101899	-3.737346	1.967695	-3.613866	-3.127055	-0.892136
-2.679183	-3.281973	-2.185974	-3.233983	-2.165616	-2.120791	1.215163	-3.367146	-2.360198	0.239059
-0.715740	-1.581023	-0.888361	-2.693325	-1.155257	-3.638262	0.595819	-2.863089	-0.883988	-2.699146
-2.542719	3.379620	-0.898671	2.076129	-1.104220	-0.654158	0.140165	0.840307	-0.037526	-0.649850
0.152778	-0.011045	1.384695	2.943079	1.707896	0.285521	2.109502	0.805241	0.097988	-1.004051
-0.192146	3.284481	2.445037	3.706926	0.936691	3.187777	2.625531	3.414813	2.369355	1.156251
1.396907	4.846499	0.675556	3.540271	2.490867	3.099310	3.516652	4.555024	3.542773	1.941357
3.052838	3.628206	1.238351	2.705914	4.520325	2.757821	1.766268	2.578472	2.858544	5.390069
1.600146	0.760604	1.931022	2.919657	3.951765	1.560710	2.941879	2.501959	1.696268	1.861587
0.796033	0.811591	-1.623030	3.259399	4.250089	-0.161221	1.386086	1.366485	-0.621957	-0.166788
0.062899	-0.319032	0.237194	0.447342	3.978098	-1.842373	-0.531409	-0.721151	-1.814929	-1.794154
-1.399458	-0.613667	-1.094705	1.157086	5.903593	-0.520743	-0.871405	-0.694347	-2.029249	-2.593311
-2.049735	-1.268814	-1.016427	2.725333	4.041075	-0.851431	2.560900	-0.514104	-0.866616	-0.711257
-0.582433	-0.713573	-0.838072	4.316882	4.001746	1.321063	3.212105	1.283578	2.015369	2.160609
1.517947	2.077356	1.861260	3.651236	8.149806	2.491941	3.428513	2.480101	3.044407	0.808587
4.777208	1.501873	1.554469	4.649395	3.733757	2.142303	2.221025	2.197863	0.803098	0.690479
5.280449	1.492176	3.062056	2.386659	3.603401	1.755451	-0.300058	2.555166	2.721942	3.076686
3.473069	2.997266	3.157321	1.391330	1.332737	1.389585	-2.723735	2.046811	1.799940	2.340009
3.704171	0.855542	3.419564	0.489809	-1.814432	0.221307	-1.114504	0.782196	4.339791	0.802150
2.756053	-0.185296	1.231986	-0.900304	-2.234405	0.766317	-1.139565	1.822224	0.826696	0.386508
0.316116	-2.800348	-1.531614	-1.914208	-4.065981	1.055416	-0.813016	-0.260105	1.642055	0.786387
-3.824239	-4.334114	-3.972235	-2.800700	-2.906659	0.747605	-3.238656	-4.908392	-2.976932	-0.474915
-1.640011	-4.934395	-4.391377	-2.251381	-2.684436	1.969686	-1.040784	-4.256835	-4.625564	2.826806
-1.867102	-4.869991	-3.677940	-2.559350	-1.263013	1.643159	3.073801	-4.974533	-5.070241	5.162349
-1.972009	-1.839201	-2.331722	-4.471205	-4.565686	-0.661475	2.931102	-4.952387	-3.175862	3.165517
-1.427033	-2.640428	-1.265424	-2.448645	-3.643556	-1.271014	3.171718	-3.615595	-2.416228	2.064010
-2.863573	-3.130669	-2.061745	-3.101769	-3.243520	-1.361058	1.865451	-1.211457	-0.787137	-0.454870
-2.102229	-2.208026	-2.887185	-2.460877	-2.813577	-1.174304	-1.802597	1.515829	1.992210	-2.211023
-0.800900	-1.536999	-0.607744	-1.334166	-1.854526	0.946246	-0.997726	0.335962	1.021015	-4.735247
-1.984686	-0.142687	-2.128521	0.725763	1.327635	0.676496	2.349266	-0.927657	0.848677	0.434459
0.706914	-0.333892	-0.432015	0.139313	0.130007	1.647846	1.298880	0.491675	3.662797	2.239597
0.467200	1.729188	-1.095327	0.407984	0.449193	2.705597	0.998816	2.579556	1.306175	2.666567
-0.037927	0.416152	0.856745	0.367278	0.567993	1.023050	-2.218623	2.802388	1.902413	2.827171
-1.534566	-0.083501	-1.229099	0.681796	-3.081592	-0.848293	0.035164	1.634073	4.559210	1.747210
-1.116917	-0.882669	-0.544458	-0.686461	-2.538858	0.680368	0.807277	-0.488489	2.384667	-1.215614
-3.424080	0.248246	0.237867	-3.709492	-2.913506	-0.916665	3.257618	1.479202	1.649185	1.735898
-3.312354	-1.782655	-1.474422	-3.193796	-4.015733	-0.807491	1.730387	-0.050552	0.771165	0.637350
-1.506737	-1.765372	-0.438826	-4.424570	-4.805438	-0.692208	1.917987	-2.618249	2.114606	1.612142
-2.500330	0.115795	-1.255242	-3.556915	-2.964818	-0.452916	-1.058482	-1.757690	0.904509	0.342175
-0.552032	-2.087554	-1.827971	-2.752529	-3.712474	-0.092714	-2.784419	1.109828	1.809976	-0.698750
0.846457	-2.505419	0.279387	-2.959210	-2.951802	3.696501	-3.520322	1.844404	2.941706	2.378669
3.784639	1.358700	0.181134	-0.169357	-1.305301	1.949528	-1.228291	1.255441	3.556701	2.022833
1.813714	1.302703	2.310871	-0.990969	-0.627669	2.913070	-3.209624	1.969739	3.199861	2.896444
1.976883	3.246190	1.479197	-0.499245	-1.528806	1.501327	0.594880	3.220900	1.238587	2.989002
3.598947	2.062462	5.285213	0.734217	-0.850008	2.469802	0.368622	2.092825	1.127179	1.675909
5.802905	1.483718	1.727321	-1.297481	1.164525	1.953794	-1.515097	2.544414	-0.316062	1.362066
4.476260	2.344059	1.130321	1.419760	-1.397605	-0.195494	-0.172176	0.954570	-1.465535	-0.178926
1.470511	0.495284	1.506213	2.148544	-0.075396	0.025738	-2.787014	-0.111807	-1.214639	-2.399465
2.297659	-0.423405	0.474698	-2.110529	-0.579445	0.479493	-3.172810	-0.651316	-2.834474	-1.363250
1.687506	3.637690	-1.580722	-0.307158	0.155547	0.645270	-2.022563	-0.225554	-0.885839	-1.207279
1.836651	2.048271	0.646252	0.175860	-1.130016	-0.728528	-0.176771	-1.576321	0.009568	-0.226653
0.404496	0.656537	1.203822	-0.182476	1.781567	0.152500	1.451966	-1.894515	-1.099755	-3.604168
0.215442	-0.153912	0.585188	-0.483262	2.519898	0.138755	0.966749	-0.283635	-0.300704	-0.001825
-1.611311	-2.564974	-0.788348	-0.048899	2.779878	0.441338	0.631580	-2.769180	-1.297081	-1.007421
-2.494863	-1.485450	-2.804587	-0.464683	4.191410	0.341050	-0.476642	-2.181649	-2.227683	-1.276356
0.237588	-1.458440	-1.339427	-0.545615	2.272195	-1.757506	-1.667913	0.457161	0.401490	-1.730628
-1.818757	-1.786043	-3.148467	0.642608	3.425435	0.703069	-1.600935	-2.730050	-1.027762	1.081665
-0.856397	-3.896460	-4.764907	-2.804714	0.992931	-1.895422	-3.056305	-1.510079	-2.853837	0.189123
-1.525533	-3.743089	-5.408946	-2.355678	-2.925213	-2.234979	-2.883523	-3.294927	-2.131434	-1.732853
-2.783062	-4.938131	-4.774783	-1.620283	-4.505698	-5.366199	-4.654588	-3.226090	-2.304654	-1.796261
-2.252685	-5.736285	-5.125016	-2.846028	-3.095220	-2.801982	-1.579599	-0.471768	-3.292294	-5.407199
-0.837000	-0.700251	-2.320246	1.777288	0.343722	-0.338627	1.690045	-2.251559	0.689846	-1.854367
-2.430706	0.516171	-1.895871	2.482168	2.340330	-0.187532	2.299944	-0.458462	0.797666	2.662837
-1.181203	-0.511018	0.727509	2.623512	4.643105	0.891504	3.711701	-1.090575	2.221368	1.204114
-1.617590	-0.534918	1.797496	3.718822	4.478150	2.711882	4.094815	-1.100797	1.730753	4.081266
-3.623966	0.638371	0.495790	4.810900	4.041967	3.990004	0.831887	2.102274	0.381222	1.358693
-0.396629	1.405249	3.336992	3.646147	3.305056	3.119470	4.209319	2.060540	3.220475	2.651996
-1.483180	3.392618	4.544204	3.941164	1.939921	2.295083	3.221311	-0.793199	0.679413	3.046178
-3.245618	3.850676	2.465125	1.962953	4.061662	1.372943	0.679164	0.625760	-0.300563	1.247140
-0.814841	2.311426	2.493758	2.980416	1.160983	0.348051	0.320479	-1.573881	0.757048	-1.393119
0.622752	0.434766	2.575903	2.543453	0.435584	-4.977491	-1.923044	0.807078	0.004348	-5.099595
-1.074939	-0.599302	-1.415440	-0.310133	-0.840833	-3.746782	-1.025704	0.686239	-1.947264	-6.249688
0.366387	-0.567878	0.039432	0.429359	-2.525265	-2.523320	-2.408099	2.109604	-0.233686	-5.253197
0.126230	1.337037	-1.345082	-1.197970	-2.344711	0.966594	-4.078230	2.748674	-0.971617	-2.272920
2.959093	-0.800355	0.500620	-1.038819	-2.991369	0.298764	-1.466495	1.289851	1.794143	0.025844
2.086575	-0.540954	-0.185961	-0.576185	-1.455037	0.472389	-2.223094	2.347337	-1.301704	0.314396
1.284678	-0.242360	-1.935825	-4.222667	-2.224213	-1.482429	-2.650326	0.916933	-0.540557	-1.771362
-1.179397	-0.431472	-3.019470	-3.435665	-1.444296	-0.852988	0.213210	-0.183759	-1.031117	-1.075730
-2.066351	0.887310	-1.037496	-0.157775	-2.178283	0.716011	1.746115	1.511263	-3.156981	0.778894
0.871619	1.888386	-0.243501	1.761002	0.751027	2.772672	2.774088	1.986799	0.272852	2.950011
-0.751687	0.424657	0.593515	2.612069	2.943935	1.911293	4.269931	1.155952	2.356381	4.185922
-1.382468	3.330524	2.415054	4.133927	2.613845	2.000978	2.284944	1.708124	1.587409	3.518629
-2.605824	1.955785	1.277017	2.445577	0.362758	0.101927	0.658628	3.114415	1.909936	1.256433
-0.076452	1.227343	2.415403	0.740721	2.126475	2.492641	-0.062416	2.575727	1.981562	0.278534
2.067046	0.560597	2.157015	2.426060	3.545198	1.850821	-2.376588	3.179863	2.535689	0.648035
2.700773	1.659348	0.311354	2.164897	2.255730	0.470168	-0.780488	1.898523	2.066218	-1.260463
1.542629	0.406696	-1.762581	0.669031	-0.577429	-1.988817	-0.081514	2.020709	-0.497050	-1.497960
0.347915	-1.397658	-1.450887	-0.428835	-2.524576	-0.935132	0.835233	1.733623	-0.015215	-1.996254
1.247631	-0.832215	-2.145564	-2.783400	1.042691	1.534024	2.632855	-0.090433	-1.534875	-0.194544
1.879980	-0.755473	1.481089	0.230437	2.406173	2.808251	3.374252	1.205541	-0.474630	3.188771
3.200960	1.073668	1.742674	3.306078	5.369773	4.327951	6.248024	3.450348	2.484022	3.151793
3.302174	4.326207	2.036190	2.464224	3.396691	4.810125	4.353273	2.419789	1.841180	5.200923
4.373922	0.900546	1.982039	6.784977	6.376130	4.396373	6.263397	1.304766	3.758047	5.737161
5.730605	6.394785	2.480023	4.594738	7.224391	3.735097	6.487998	1.467280	3.769223	4.665110
4.605923	1.167224	3.809941	7.879908	7.252876	4.110198	2.603977	2.767233	4.594809	5.094570
5.323678	1.739164	3.583895	6.287989	4.636787	3.031176	-0.512167	3.748626	2.476305	3.924743
3.869870	2.432104	3.158285	3.443082	1.712126	1.739733	-2.480533	1.729660	0.636813	2.141029
3.995300	-0.554054	0.380314	0.916388	1.757694	-1.350330	-3.594420	2.758938	-0.072166	-0.058670
2.160168	0.906589	-0.653819	-0.882891	-2.830707	-2.394112	-1.280328	3.038261	1.020568	-3.966253
2.318476	0.596435	0.378787	-1.576655	-2.269276	-4.944913	-0.028557	3.042130	-1.806284	-6.713918
0.173224	0.350782	-0.664666	-2.945600	-5.333810	-6.216132	-2.203007	2.916547	-1.717320	-8.920965
-1.273187	-1.807167	1.203422	-2.715828	-1.884208	-6.530567	-0.483076	2.189912	-2.211041	-5.457092
-1.005057	-3.100314	2.065153	-2.204135	-3.975368	-6.479818	-2.030065	-3.646871	-2.257044	-4.446399
-1.312884	-4.072258	1.455226	-1.805921	-3.276189	-0.539984	-2.867374	-3.263702	-4.256530	-2.841083
-1.672969	-0.724098	0.130943	0.932715	0.194730	2.218036	-0.799001	-3.481380	-2.555697	-0.743844
-0.422609	-1.057234	-0.720695	0.250975	0.272993	0.907044	-1.237647	-2.809403	-1.218844	0.735419
-0.198606	0.827034	-0.073387	0.810459	0.802199	1.353439	0.213888	0.743630	-1.027271	0.802808
-0.461858	1.417107	0.655667	-0.250430	0.676751	-0.345178	-2.565695	3.424321	-0.713077	0.769224
-1.875364	2.098084	2.991368	-2.833092	0.854051	0.318495	-1.769195	1.159171	-0.813461	2.008267
-1.213224	1.548266	3.438218	-1.133825	0.786599	0.437958	0.170586	-0.158119	-0.267423	0.836140
-2.957537	1.694354	1.250816	-1.911829	1.452198	1.081413	2.791950	-1.692046	-1.422160	3.424243
-0.618603	-1.689753	2.513364	-1.544901	1.931349	-1.024741	3.208197	-4.066211	-1.831973	2.876677
0.032480	-2.773255	0.822662	-0.349842	-0.257547	-0.514203	3.380227	-3.974712	-3.682561	2.512244
-1.003290	-2.453550	0.531412	0.422351	3.220112	3.227129	2.944739	-1.809647	-1.079222	4.685745
-0.761410	1.371760	1.863414	2.808577	2.265727	3.761955	1.635836	-0.394316	0.619543	3.952382
2.367919	2.563077	4.534768	3.190740	5.902901	3.025476	4.030815	-0.015016	3.706737	5.032254
3.773499	3.350101	2.603676	4.800138	5.809333	3.949792	2.140678	3.573153	3.632658	3.828863
3.898629	4.175331	2.266338	2.682175	2.683926	3.229805	0.324125	3.731592	2.755410	4.360512
4.229310	4.249768	4.517255	3.804850	2.232782	2.744714	0.207856	4.542703	1.082391	3.649299
3.301042	3.340612	5.488527	0.539864	0.615801	0.431221	2.040971	3.794387	2.651803	2.289528
0.786527	2.291463	3.255756	2.348520	0.216085	2.347127	2.173970	0.291044	1.498047	2.771999
-0.782336	1.424221	3.025942	1.345017	0.308935	2.137631	5.247453	0.706277	1.506623	0.489914
-2.169846	1.061087	2.862785	2.213457	-0.956447	-0.183365	3.887620	-3.452015	-4.157767	1.130272
-0.790503	-0.400540	0.938786	-0.145159	-0.246860	0.206639	4.290672	-3.536229	-3.452323	-0.729223
-2.612606	-1.058159	-2.002754	-2.175030	-1.389903	-0.113157	2.303808	-3.737965	-5.114144	-0.005372
-3.483455	-3.604371	-1.753635	-1.568156	-1.308675	-4.430950	-1.999572	-3.219922	-4.482130	-0.128773
-0.824950	-3.558075	-2.346256	-2.711035	-2.183274	-6.249642	-2.332867	-2.254399	-2.900480	-6.007824
-2.431790	-3.487471	-4.762017	-2.651467	-2.711398	-3.874731	-4.245278	-0.196095	-0.795092	-5.660125
-2.069475	0.067140	-3.879016	-2.190150	0.592252	-4.188817	-2.889204	1.299492	-0.783766	-4.230174
-0.182805	-4.232841	-4.598854	-1.454084	2.106779	-0.143100	-3.584546	-0.756939	-0.211202	-0.978671
-1.636779	-4.230914	-2.841831	-1.235868	1.071584	-1.958578	-1.518503	0.064115	-2.505099	-2.285313
-0.561498	-3.475780	-4.967044	-1.351101	1.125067	-4.157351	0.430124	-4.306447	-2.793455	-4.102500
-3.596460	-4.991037	-2.749395	-3.067682	-0.984769	-6.634019	0.026335	-3.461724	-7.140871	-4.836731
-0.537367	-0.561588	-3.610682	-4.055210	-3.330525	-0.488681	-1.814369	-4.028413	-5.377845	-2.062804
1.680983	0.646970	-0.680906	-3.039585	-3.115098	0.531163	-2.722489	-2.541816	-4.832376	-0.119518
2.150490	0.212035	0.268035	-0.438305	-0.989688	1.213114	0.088975	-0.000331	-0.627365	0.721428
2.806053	1.694307	-1.730360	-0.684370	-1.264594	1.163473	-1.373377	1.822144	1.303690	0.872735
4.145974	-1.162114	-0.849890	-0.363780	-0.420215	0.630039	-0.326845	1.165508	2.743090	0.687805
0.855051	-0.338627	0.658845	-1.575833	-0.188749	-2.787186	-2.092729	1.956662	3.008335	1.910439
-0.843515	-1.509233	-1.013154	-0.516629	-0.461696	0.409797	-3.067229	-0.546994	4.046426	-1.044962
-1.154323	-1.459533	-3.153087	0.063132	-0.325354	-0.158710	-1.760745	0.438143	3.490964	-0.200196
-3.151975	-0.251226	-3.078054	0.563453	-0.746323	1.271492	-0.339778	0.563872	3.605249	-0.634464
-2.677969	-2.059013	-0.922455	0.987132	2.748098	-0.078895	-0.138127	0.000893	3.884482	0.754338
-0.459906	0.017807	0.571211	1.961572	0.544310	1.868227	0.034307	1.108908	1.958664	1.575610
-1.798486	-0.264267	0.505844	0.767771	0.551714	2.310561	0.156124	-0.444284	2.073096	2.285653
-2.367209	-0.130736	1.857944	1.208832	-0.004289	1.702106	-1.328276	0.517419	1.052578	4.604369
-0.766474	1.498201	0.563111	-0.560346	-2.942798	0.362563	-2.130793	-0.708783	0.916511	2.060058
-1.518983	-2.553257	-0.400454	-2.470761	-3.161113	-1.397868	-1.328127	-0.459589	2.651396	-0.013177
-2.591034	-1.090210	-0.739952	0.262586	-1.116133	-0.679186	-0.352379	-0.566400	0.576234	-1.461035
-0.670929	-0.974159	-2.731183	1.628396	-0.150956	-0.970292	0.139751	-1.167714	-0.839676	-3.337116
-2.268168	-1.020903	0.615054	0.280570	2.227717	-1.012984	0.964363	0.700768	1.170869	-3.138818
-0.455649	1.942757	-0.093441	4.424008	0.575888	2.284137	0.375457	2.654147	3.366868	2.491661
-1.483275	1.891620	0.947632	1.911911	2.264758	2.154473	0.783732	2.814024	4.340423	2.454121
-0.695944	0.359286	0.801373	2.204879	-0.240974	2.097323	-0.246311	1.923898	2.496034	3.069964
-2.085658	-0.074845	0.390181	-0.380587	1.306394	2.949687	-3.478373	1.256770	3.456101	2.559492
-1.498016	-3.011273	-1.735343	-0.356988	-0.106238	1.074267	-5.590754	1.246541	1.517727	1.356805
-3.626118	-1.781400	-1.602500	-1.461522	-1.733769	0.235862	-6.014854	0.752710	2.330610	2.014306
-0.280866	-3.385925	-3.349188	-2.172290	-4.208799	1.514473	-4.341074	-0.730822	0.940453	-0.714006
-0.897758	-4.686349	-5.346010	-2.917190	-2.663426	0.551200	-3.801314	-1.628255	1.131756	-1.296727
-0.506997	-4.036273	-4.613864	-2.491924	-2.556251	1.769343	-0.486074	-0.464289	0.224419	0.189643
1.064619	-0.121796	-0.833651	-1.949289	-1.313573	1.948604	0.762745	2.156976	3.542843	1.638805
3.479488	-0.192920	-2.242470	-0.611187	-0.700291	1.433781	-0.345056	2.055240	4.525629	3.796561
2.914211	0.130655	-1.397023	1.475884	2.603294	1.826276	0.395622	1.053404	2.123079	3.029212
4.585486	1.863128	-0.160910	1.558723	3.873985	-0.307012	2.581078	0.365368	1.522891	1.600960
0.845714	0.982299	0.428070	3.193931	4.329180	0.575519	3.049913	-1.165969	1.408269	2.167306
1.074694	-0.157833	1.532816	2.797808	2.864281	-0.612632	2.159926	-0.836106	-2.331189	1.453452
-0.298775	-2.131267	-1.185772	1.901554	1.706587	-3.908764	0.639016	-0.865643	-3.116381	-0.379302
-1.475293	0.186894	-0.269594	1.677870	0.780400	-3.677177	1.973684	-2.427081	-3.934306	-4.454853
-0.856961	0.464750	-0.126852	0.183555	-1.995381	-3.791071	3.245330	-5.671419	-5.703864	-5.669000
-1.630078	1.050602	1.141155	-1.855990	-3.167955	-5.501345	2.859852	-3.330658	-4.301953	-3.713742
-3.400346	0.122348	2.048927	-1.445465	-2.295622	-2.457299	5.487450	-1.727397	-4.757974	-0.288978
-0.014066	1.136687	4.901763	-3.457970	-3.160582	1.336367	4.383625	-0.595537	-3.308225	2.441795
-0.915137	4.227619	4.284562	-2.828405	-4.281734	1.758854	3.979075	1.076722	-0.141405	3.249178
1.449639	3.482943	2.218224	-1.791170	-0.099179	3.354361	4.748201	0.785781	-1.021413	3.741171
2.151662	4.511658	2.959749	-0.686065	-1.426115	6.101890	3.577402	1.853138	0.161351	5.715178
2.833131	4.596364	1.576036	-0.877589	0.221257	5.224741	2.127078	3.418194	1.359088	2.644798
2.003346	1.983060	3.028384	0.469657	1.271838	2.572913	1.534528	0.898849	3.162898	3.796235
-1.210795	2.827846	0.259794	-0.662927	2.566827	2.829808	-0.595948	0.765002	2.879384	0.831388
1.266309	3.636519	-0.422336	0.536060	1.955825	1.832425	-2.804250	1.143653	2.949445	0.481260
1.464556	1.482780	1.457394	1.112218	-1.546869	0.519965	-3.151979	1.091901	1.008283	-4.151647
-1.744754	-1.124471	0.365683	-1.463454	-1.128253	-2.397671	-6.056235	-3.623953	-0.064902	-6.571633
-1.672723	-1.141837	-1.378669	-1.632356	-3.127629	-5.188285	-3.499319	-2.662009	-1.060009	-9.739695
0.158349	-1.732518	-2.700163	-2.407188	-4.107195	-6.771174	-2.840230	0.066031	-4.202336	-7.577832
1.146562	-3.530414	-2.108100	-3.638649	-1.132653	-7.581439	-2.243069	-0.046533	-4.635283	-7.056743
-1.863886	-4.768327	-3.352381	-1.612440	-2.967302	-3.563879	-2.708638	-2.201000	-4.476750	-5.147125
