X1	X2	X3	X4	X5	X6	X7	X8	X9	X10
-0.529971	-4.191166	-2.817162	-1.457108	-3.667162	-7.656402	-4.833322	-2.808868	-3.681228	-5.011163
0.987017	-3.571642	-3.790640	-1.610175	-2.229420	-4.598734	-2.424720	-1.101102	-1.887245	-3.687783
-0.524681	-1.620134	-2.607785	-0.002867	-2.082516	-4.738267	-1.033303	-2.008102	-2.554684	-2.323392
-0.421164	1.689256	-1.046597	2.453616	-0.035851	0.228799	2.834327	-1.537266	0.461855	-0.553990
-0.487634	2.800126	1.682120	5.699573	2.059274	1.533265	3.253569	0.512804	3.122771	0.926122
-0.346690	3.922977	0.748165	4.592802	3.541558	4.777430	0.837722	1.354407	2.800764	3.677944
0.374065	2.043107	1.879138	3.517002	2.005399	4.551894	-0.944717	1.300944	4.698333	2.506875
-0.317568	0.232115	0.560035	2.306372	3.019899	4.589457	0.908952	1.905614	2.295177	2.680715
0.062210	0.839099	1.064456	-1.550990	5.243054	4.089719	-0.427873	0.886017	2.163897	1.556764
0.751798	1.390159	0.243299	-1.169485	1.229964	4.845880	-0.687594	-0.796249	2.374991	2.607122
-0.131104	-2.162206	-0.001438	-3.518415	2.768529	0.801740	-1.361913	-1.148183	-3.149842	2.164487
-1.335898	-3.738397	-1.624157	-3.304880	1.323048	2.348598	-1.256930	0.016213	-2.884700	2.296761
-0.659384	-3.096516	-1.977259	0.721218	-0.626181	0.560556	-0.700847	-3.158160	-3.139387	2.024742
-1.222862	-5.044264	-3.116946	-2.163923	0.021841	2.811512	0.608935	-0.556703	-3.999000	1.712130
-0.153933	-2.850341	-2.803119	-1.198204	0.478315	2.787667	-1.032887	0.258184	-2.160642	1.905926
0.126202	-4.558649	-2.981180	-1.900226	-3.102563	1.672821	-1.388814	1.012000	-2.017413	1.485228
-0.119358	-3.082888	-3.026631	-2.979390	-3.389691	1.294575	-1.049947	-0.721255	-1.901012	2.020538
-1.044413	-4.747160	-3.126074	-1.164399	-2.096773	-0.399872	0.098313	0.221618	-0.442941	2.252853
1.691337	-1.615766	-2.847009	-2.922354	-1.333707	1.732880	-0.205137	-0.874781	0.317300	1.216675
1.858390	2.890193	-1.231439	-0.857755	-2.126796	0.040031	-2.049298	1.370547	3.914011	0.765803
1.144846	-0.447384	-2.514065	-4.162705	-2.399040	0.806483	-0.255371	0.478602	4.418491	1.320937
0.035804	2.773803	-1.301088	-2.898105	-2.414541	-1.247466	-1.942258	2.219785	2.423441	-1.532722
-0.338935	4.086752	0.745889	-1.541156	-2.958599	-0.943414	-2.614060	0.018393	2.807159	-3.338976
0.049826	1.786362	0.382865	-3.179660	-2.421516	-2.729762	-0.568280	-1.764673	0.456745	-3.960524
-0.936012	0.133632	0.497439	-0.166018	-1.145892	-4.768709	-2.118717	-2.076213	-0.758901	-3.610166
-0.182550	0.322361	0.310509	3.847468	0.268872	0.029745	1.106425	-0.422128	-0.095779	-0.487903
0.455012	0.874948	2.374674	3.768696	-0.229027	2.944900	0.488046	-0.723018	-2.222889	3.810767
-0.288328	3.592192	0.754132	2.595167	-0.605387	3.088657	-0.714156	-1.594884	1.324268	3.816642
-0.298469	1.308792	1.321181	1.481777	0.326989	1.639616	-2.240982	-0.565525	-0.873009	2.871624
1.652288	2.649648	1.917321	-3.272075	-0.414700	-0.892623	-1.583434	-1.498243	-0.484818	0.044911
-1.136658	2.714257	3.639849	-6.961990	-1.446155	-4.507959	-3.103614	1.290163	-2.187861	-2.799896
-0.155107	2.887420	2.517964	-8.369069	-3.280676	-4.392991	-1.867423	1.223792	-1.354537	-5.540196
-2.031259	1.822635	0.529565	-5.229715	-3.033765	-5.441620	-1.424362	4.067444	0.760052	-4.647091
-0.198116	2.056901	1.767050	2.350372	-3.653923	-1.824745	1.113168	3.457219	0.587708	-2.237378
0.267823	-0.040083	-0.622682	3.189991	0.873449	2.384936	2.261863	2.100416	2.877031	2.131440
-0.761144	1.636983	1.020967	4.601838	0.753851	3.272221	3.843324	2.990934	3.002419	1.256066
-0.452016	2.060997	0.928597	4.199514	2.028281	2.217112	3.796349	-0.778025	1.382073	3.841499
-0.039593	-1.124441	-0.086295	2.361017	0.752837	2.263410	3.119436	-0.625563	0.740192	1.834439
-0.736678	-3.241133	-0.789810	-3.134956	-1.572680	0.080214	2.144284	-1.176779	-0.227522	-0.284513
-2.398869	-3.059279	-0.566849	-6.651104	-1.783372	-4.086674	1.843291	-2.488474	-3.345470	-0.265457
-0.418767	-5.289681	-1.264313	-4.208830	-1.176540	-3.938554	-1.838143	-1.292049	-2.249453	-4.571693
0.980827	1.670562	1.582896	1.261865	-0.174985	-3.459425	0.655279	-1.322902	-3.776569	-2.478021
-0.407886	-0.537953	3.656977	1.135579	-0.409708	-1.495787	1.337756	-0.467636	-0.789020	-2.993139
1.530492	0.302675	0.130529	2.420011	0.384390	2.388262	-0.002713	-0.886649	1.300095	0.297951
-0.827239	-0.661057	-2.206650	3.274360	0.973807	2.527021	-0.306830	-1.580942	1.739777	0.058952
-0.646078	-0.023147	-1.183461	3.883825	1.668644	1.785993	0.166905	-0.889115	0.111025	0.915162
-0.576227	-0.771399	0.969495	2.514403	-0.885201	-1.053324	-0.994911	-1.019268	0.206340	-0.333016
2.806415	-0.076611	-0.686183	-0.180106	-0.114230	-0.731427	1.069122	-1.337401	-0.525779	-0.435684
2.887847	3.513714	0.496704	-0.040904	2.166758	-1.196316	2.205101	3.057585	2.253569	-0.396440
1.321568	2.948877	3.751553	4.393308	1.170361	0.222009	2.789726	3.103090	1.897984	1.129416
1.890580	3.046775	4.682765	3.363929	0.849877	1.964150	2.737596	5.230615	4.875966	1.312684
-0.657419	2.694610	5.793337	2.304456	2.383107	2.608708	2.942108	2.783758	3.543617	1.715066
-0.387529	0.106178	1.736770	2.935290	1.918149	0.595083	0.065563	0.943521	1.765535	1.832562
-2.754450	-2.131819	0.539561	1.068828	5.103801	1.443077	-1.197242	1.124003	1.953821	1.360772
-1.458182	0.485417	0.289010	-0.781831	4.031164	3.144890	-0.972008	0.850604	0.006676	0.450597
3.379174	1.038486	0.136315	2.620912	3.846537	2.674623	1.861364	1.744724	-0.252000	2.725838
3.507020	4.164286	2.936776	1.547456	2.766317	2.564077	2.431373	3.188763	1.036493	3.283395
2.470553	2.560817	4.616791	0.262300	3.489605	1.773053	1.593617	0.622921	-0.291244	1.208070
3.269575	-0.171122	3.149659	0.633942	1.692800	-0.899447	-0.324604	-1.349403	0.762089	2.214062
2.424084	-2.649331	2.001480	-1.864919	-0.664800	-0.587623	-2.353892	0.831093	-3.349307	-2.261027
1.739582	-1.766811	1.996452	-2.212684	-1.399395	-2.915274	-2.139249	-2.269193	-2.892033	-2.204297
1.355868	0.443437	-1.637925	-0.667855	-1.069687	-4.264599	-0.217174	-1.464960	-1.976686	-2.231946
1.762142	2.220113	-0.497953	4.100268	-1.331476	-2.490496	-0.116070	-0.807208	-0.632968	-1.645475
-0.963996	0.009515	-0.923333	4.785083	0.796838	0.386335	4.175163	-0.813036	1.276124	1.038618
-0.193347	1.158344	1.103036	3.077990	2.528052	0.446996	3.892523	-0.032746	0.062588	3.996834
-0.246210	-1.567902	1.296751	4.713287	3.437567	1.225687	4.716709	0.822063	1.368627	2.318574
0.200716	-3.176823	1.275012	2.221873	3.657281	2.496511	3.449021	0.206992	-1.778360	1.907438
0.192929	-0.828619	-2.261883	-1.802453	1.484894	0.513667	3.093157	-3.027761	-3.302972	0.228927
0.324530	-4.496392	-2.101032	-4.581192	1.352305	-1.589642	-0.770084	-1.253793	-4.701509	-2.560458
-0.233381	-4.542641	-2.342839	-2.382046	-0.736487	-3.432516	0.205097	-2.524907	-3.157568	-3.694115
-1.000404	-1.293668	-2.492203	1.657386	-0.450883	-3.954553	-0.166701	-1.965800	-1.261351	-2.421444
-1.008838	-1.491373	-1.782425	5.147802	1.467716	-0.564552	1.623421	-1.081074	0.636544	-1.650844
0.703115	1.943844	0.147794	6.376300	1.508210	3.964188	1.508162	-1.365428	2.303418	0.650387
0.021658	2.378682	0.972953	4.196681	2.397798	0.171768	0.657321	-0.027962	2.946671	-0.270651
-0.396612	1.220241	-2.376449	2.190642	1.179379	-0.299409	-0.240603	0.088125	1.657804	-1.610957
-0.162892	-2.006381	-2.973211	-2.174616	-0.243947	-2.123544	-0.621211	-1.514868	-1.932882	-0.400030
-1.053583	-4.743983	-4.128335	-4.838795	-0.540082	-2.431935	-3.104803	-1.768940	-1.394986	-0.120868
-1.665686	-3.922265	-2.626522	-5.344495	-0.221026	-4.281580	-2.836381	-2.052291	-2.654407	-3.569170
-0.771599	-3.392630	-2.738971	-2.735319	0.226720	-0.561679	-1.004745	-3.726921	-3.201045	-2.017436
1.244278	-0.072576	-1.569185	0.562535	-1.154244	0.566371	0.971203	-1.456630	-2.268599	-2.722364
-0.117256	0.450896	-1.497462	3.381465	-0.915419	0.004171	1.474563	-0.427517	-0.075767	0.877048
-0.031899	0.847184	0.142295	4.390969	0.903193	0.082922	2.018334	-1.620082	-0.114449	1.663299
-0.815552	2.221090	1.101687	4.812148	0.183694	-0.436576	-0.525984	-1.069625	-1.265745	0.539592
-1.285114	1.861412	-0.490286	-0.760599	0.654381	-3.199919	-1.151294	-2.188945	-1.506352	-2.063673
-1.016986	3.627450	0.394573	-0.398073	-0.948346	-2.821608	-1.003494	-3.079643	-0.811970	-4.189994
-0.097866	4.921504	1.504266	1.154624	0.737713	-0.196839	0.579913	1.341683	-0.160098	0.271030
0.183846	5.212873	3.054991	3.350994	-0.716143	0.720986	-0.326573	2.163232	1.751465	-0.391800
1.086550	1.144557	3.972148	1.953034	-0.441915	1.429372	-0.277453	1.493904	3.666520	-1.175782
-0.373754	1.150556	1.097537	0.432944	-0.167703	-0.652582	-1.595027	0.842201	1.813768	-0.867516
-2.627765	-1.065431	0.849557	-1.512976	-1.794208	-1.737074	-2.896995	0.973022	0.804110	-1.802799
-0.005782	-0.297204	2.542808	-3.125427	-1.411230	-3.645103	-1.658960	-0.764132	-0.038953	-1.296431
-0.305507	0.524637	4.397189	3.109591	-1.097470	0.161934	0.407679	1.437039	-3.020220	-0.492111
-0.253037	2.038091	2.582200	6.637876	0.772771	0.874837	4.715122	-1.108165	1.909311	1.832564
-0.424172	2.527758	4.816941	5.144029	0.349893	0.352508	3.708166	0.338857	0.959740	3.781193
-1.616312	3.305338	2.428311	1.879948	1.990796	3.184948	4.215713	2.007806	0.157069	4.041179
-1.207757	1.902331	0.559810	1.452035	-0.891121	1.133159	2.349160	1.692382	1.497498	3.410623
-0.359506	1.826836	-0.055362	-3.094813	0.900541	0.563142	0.314409	2.344784	0.245329	2.488227
-0.636159	-1.243947	-2.137106	-2.684596	1.858382	0.046499	-0.140343	3.948314	1.433763	0.439091
0.188786	0.499882	-0.328722	-1.308613	4.888002	0.628431	-0.645095	3.148072	3.343201	1.052717
-0.639072	1.052623	-1.188310	1.585934	1.599899	2.195340	-0.936347	4.243559	3.461744	0.085106
2.769668	2.704275	-0.342371	0.819546	3.590675	1.968426	-1.939402	2.478574	3.230194	0.978660
2.242907	2.834238	-0.913604	2.565322	0.304327	2.407792	-1.259558	3.937119	3.173851	-0.259620
4.238345	2.651012	-0.070410	-0.371539	0.935456	2.306840	-2.245716	3.057293	0.744117	0.899267
2.334682	-1.253602	-0.425988	-1.454337	0.268561	-0.121031	-1.985378	0.441298	-0.328807	0.543323
0.379521	-1.010307	-2.917841	-2.920471	-1.732058	-0.919317	0.563258	-1.202867	-2.540019	0.853450
-2.076840	-4.025800	-3.602566	-4.487043	-2.637601	1.102781	2.483489	-0.100300	1.516381	-1.854452
-1.333600	-2.178183	-1.451365	-4.068152	-2.120369	0.494467	3.323017	0.838298	1.515494	0.743019
-1.470457	0.828844	1.603562	-0.607599	-2.158063	-1.044259	5.163940	1.866029	1.693822	-1.671536
-0.911211	1.301582	2.445715	-1.761284	-1.960782	1.905004	1.110458	2.047092	3.331367	0.457985
-3.198662	4.109329	-0.084505	-0.823008	-4.635727	-0.021642	-0.450229	0.080588	-0.721571	1.788683
-1.534509	3.091386	1.008500	-3.037969	-1.347199	2.301405	-1.935121	0.668319	-0.817891	-2.131740
-0.720051	3.170053	0.859032	-1.057169	-1.356597	0.500246	-0.386320	-0.332917	-3.447391	0.935817
-1.241087	0.929030	-0.047911	-3.366308	-2.906623	-2.424218	-2.985424	-1.994418	-3.347270	0.487255
-0.447218	-2.385183	-0.224628	-3.452586	-1.687976	-2.650585	-2.208435	-2.598683	0.035374	-0.186525
0.706659	-4.315987	-2.253219	-1.965503	-2.447156	-3.280554	-1.479453	-1.395413	-1.169559	0.219680
-2.858357	-6.044182	-2.272685	-2.023158	-0.834464	-2.568823	-0.928878	-1.231207	-1.236767	-3.684630
-1.769465	-5.407467	-2.371625	0.028747	-1.868401	-2.664892	-1.416211	-2.007163	-0.671749	-3.395953
-0.690364	-2.906742	-2.921640	-3.606887	-1.765766	-1.624159	-1.254851	1.100518	1.374596	-1.808487
1.186246	-0.510909	-2.651728	-0.889360	-1.848460	0.875779	-0.685198	0.945837	0.853170	0.477967
-1.684733	2.944034	-1.633091	-0.209973	2.421117	-0.386579	-0.698554	2.465394	1.889873	-0.016187
-0.409401	-0.631814	0.462671	3.216275	2.455165	0.964069	0.959282	2.979991	3.720408	0.526551
1.654342	0.734447	-0.486541	1.860984	4.142483	1.273725	1.098309	2.096427	1.228774	1.040382
4.892498	2.302518	-0.200027	3.471754	2.552871	2.110990	-0.681872	0.321003	2.688274	1.275909
5.634568	0.337597	-2.286287	1.652684	0.501129	1.688564	-0.415662	0.434420	-0.892691	3.385331
4.808051	-2.176414	0.445478	0.178075	0.938657	-0.504449	-1.425861	0.416378	-0.873320	0.501651
1.081749	-1.708917	2.920369	-2.721173	-1.656245	-1.796050	-1.921870	-0.819622	-1.492913	-1.906430
0.086062	0.544190	1.303787	-3.773760	-1.464279	-0.731237	-2.037487	-2.687180	-2.734567	-2.040711
-0.665809	-0.797894	2.392530	-2.555886	-0.439143	-0.228909	-1.516014	-1.430595	-4.868181	-3.775790
-2.147863	2.197531	1.096999	1.215749	2.297962	-4.060365	-2.207351	-1.623667	-3.796755	-2.612767
-1.905099	-0.690336	0.875994	0.095844	1.638536	-0.956203	-1.482097	-2.165094	-2.718187	-3.229140
-2.430816	-0.006993	-0.841884	0.296702	0.377578	1.022678	0.508946	-1.273277	-2.310976	-2.057608
-1.223815	1.042459	2.641764	-1.188180	0.129689	-0.553822	0.304980	-1.419815	-1.351221	-1.285069
0.534006	2.356020	3.584938	0.036200	-0.669332	-1.898000	2.155004	-1.785007	-3.691921	0.474177
-0.737352	-0.585410	2.494439	-2.273558	0.189915	-3.017957	0.883417	-2.849853	-2.903374	-1.051669
1.126011	-2.612830	1.814567	-3.279255	-3.095870	-4.344490	1.010821	-3.019553	-2.568380	-2.133704
0.039696	-2.649342	0.366621	-2.780489	-2.444488	-4.014799	-0.996686	-3.600705	-4.319937	-4.385928
-0.197396	-2.449045	-2.646397	-3.458162	-3.743137	-2.914082	-3.609803	-2.191710	-4.739544	-3.741240
-1.506364	-0.643938	-2.866989	-2.272572	-2.732619	-0.534939	-2.094731	-2.506766	-5.291801	-2.041739
-1.617909	1.749077	-2.338754	-1.885720	-2.326734	-1.022469	-2.992369	-5.010174	-4.974006	-2.712923
-0.661928	0.436302	-0.874891	-2.512405	-1.949681	-2.470271	-2.453318	-1.208132	-4.104857	-0.260992
-1.324122	-2.497464	-5.158601	-3.353328	-2.232862	-4.591343	-3.317977	-3.992341	-4.732355	-3.114744
-1.959589	-2.349621	-1.968583	-2.941087	-2.064375	-2.696085	-1.097647	0.101000	-5.174398	-3.187979
-0.210829	-5.453568	-1.974338	-2.689883	-3.127621	1.061505	2.219772	0.206493	-2.489485	-0.278795
-1.388641	-5.130007	-1.568564	-2.692516	-3.204800	1.311226	2.085581	1.258036	-1.572915	0.581309
-2.983725	-1.195836	-4.653063	-3.945785	-1.045413	1.355480	-0.385822	0.842031	-1.298087	-0.307267
-0.426879	-2.616356	-3.339034	-1.408990	-4.475459	1.650868	-2.781334	0.173079	1.553800	0.319379
-1.237804	-3.044467	-3.905276	-2.756731	-2.105538	0.112591	-2.482058	-1.329122	4.888346	-2.913253
0.108702	-5.084768	-3.405190	-2.906207	-3.342851	-0.118551	-3.637092	-0.204969	2.351554	-2.308461
-0.581260	-1.836560	-3.242476	1.171880	-2.677297	-0.566357	-1.680138	0.064238	3.203322	-2.114345
0.226509	0.585057	-2.973133	1.375933	0.667523	0.374374	-0.038294	-1.007102	2.605453	-0.237704
-0.330189	0.753383	-0.264961	2.104651	-0.651091	1.030642	1.308039	-0.713187	0.729048	-1.004137
-0.771654	-1.517181	-1.868160	0.336634	-0.922538	2.538349	3.709762	-0.736418	-1.532394	0.694757
-0.993286	-2.776336	0.279570	-0.200218	-0.683819	-1.170806	2.529873	1.748107	-0.512571	0.078878
-3.639982	-4.806282	-3.502471	-4.075603	-1.213834	-3.667921	-1.963427	-1.099113	-4.071282	-1.006372
-1.312544	-3.282818	-4.021883	-4.460223	-1.693283	-4.507896	-3.130637	-0.975677	-2.426327	-3.692294
0.447530	-3.273945	-3.140965	-3.924277	-1.932066	-6.717630	-2.389959	0.826815	-2.792605	-5.401685
-0.989260	-0.116063	-2.631117	-1.995164	0.274517	-2.986523	-1.920991	2.491764	-1.459715	-1.790147
-2.141613	3.556628	0.880360	1.147016	-0.813433	1.852326	0.002466	2.099770	1.026943	-1.608077
-1.802328	1.635928	3.016667	-1.289737	1.124082	-1.171783	-1.714988	3.688333	2.016171	-2.009475
0.719394	1.902338	2.766104	0.209077	1.770463	1.155950	-2.077653	1.695754	1.391568	0.511558
-0.099945	0.161457	4.483071	3.141658	1.501010	1.844427	-1.373429	-0.772967	-0.556765	-0.910075
0.189755	-1.047616	1.883668	0.744307	1.884724	0.888446	-2.184516	-1.904031	-0.461927	0.982024
-0.820705	-0.562779	1.073195	-0.604376	0.734602	2.268510	-1.169714	-3.189535	-3.568618	2.309758
-0.283726	-1.429033	2.185253	-2.482391	2.113347	3.107218	-0.309723	-1.345781	-1.692036	2.240626
0.414894	1.651122	1.186841	-3.257037	-0.761642	1.523370	1.470656	0.911932	1.850117	2.985028
3.651155	2.154585	-0.228141	0.837185	-1.758965	1.542267	0.067225	1.868604	4.909844	4.560166
4.152357	4.365358	3.379508	3.445076	-2.823923	3.002909	1.232983	2.953136	3.601443	4.359939
3.207301	3.158039	2.948888	3.135536	-0.712314	3.336196	1.115930	0.727927	6.488116	5.889648
2.566588	3.839629	1.564898	3.610265	2.848960	3.483928	1.232565	2.462778	4.911864	4.844794
-0.104483	2.529427	3.660239	6.068364	0.611300	2.759806	3.957189	1.134789	5.880885	3.926775
0.114189	3.606434	5.093711	4.909132	0.882907	2.629329	6.534402	1.128561	5.089681	4.707994
-1.890395	4.953849	2.875314	5.941070	3.969479	2.299898	6.294504	-0.376308	3.257252	3.775149
0.103764	5.477472	4.805547	7.049779	4.829417	3.984812	5.883494	0.129484	3.401698	5.085142
0.013468	4.289203	3.649812	4.626257	3.770421	4.120372	2.818573	-0.286164	2.634819	2.017871
-1.506585	4.309343	2.029107	4.323106	3.743891	2.286678	2.527340	1.064749	2.801216	2.005139
0.556108	1.734590	3.974433	-0.230874	0.494428	0.304030	-0.498604	1.604522	1.317689	0.590143
0.976245	0.074145	-0.298010	-6.711683	0.514730	-0.372373	-3.522360	3.955256	1.057637	0.517386
-1.971072	-1.746792	-0.938122	-9.879422	-0.731602	0.515669	-3.060327	0.947551	0.503161	-0.757035
-1.094144	-4.357522	-2.441303	-5.595689	-1.505267	0.092057	-3.434106	1.561107	0.802061	-0.818717
-0.323170	-4.611445	-0.371253	-2.567885	-4.492566	0.062589	-4.047798	-0.092577	0.962737	0.904538
-1.282450	-1.600560	1.619927	-0.944210	-2.681198	0.044667	-1.279901	-1.057101	-1.365512	-2.553070
-0.669284	-2.338069	-0.531861	-0.109663	-1.924065	-2.865310	-1.736016	-1.424363	-0.709684	-1.452340
0.136628	-2.534871	-0.772219	0.876455	-3.001065	-2.690443	0.256857	-0.362265	-1.877081	-2.449873
-1.490313	-0.070966	-3.505446	0.835546	0.406702	-1.406932	-1.108983	-1.746807	2.007298	-1.837468
0.528292	2.012045	-2.230143	4.521408	-0.829665	0.422723	0.669265	0.414912	3.294353	0.632873
2.224243	5.982662	1.267491	5.822443	2.470335	2.620221	2.079600	1.773791	5.878583	2.612350
3.428842	6.196284	4.681755	7.922549	3.660402	4.405063	4.113223	2.860930	4.729188	5.113565
3.285187	5.020813	3.592549	7.023528	6.335235	6.374047	2.250432	3.666529	4.677968	3.275415
0.750278	4.101847	1.999774	3.432879	5.848135	5.784773	3.798529	3.071088	5.217523	6.103301
-1.059083	0.664286	3.553529	2.732002	7.513503	5.831641	4.957113	2.472406	3.560952	5.036523
-1.611598	-0.073570	2.962413	-0.333902	7.055937	5.261851	5.990383	0.911484	3.921155	3.979079
-0.008766	-1.627521	0.815327	0.434467	4.479339	2.064701	4.455139	0.619120	0.611232	3.183471
-2.464388	0.177532	-0.985829	2.123008	3.832108	1.579792	2.043882	0.096316	-0.157218	0.871796
-0.356963	-1.690611	-0.903955	2.191222	4.366944	1.252522	-0.546789	-1.131830	0.313604	-0.534444
-0.541191	-1.743049	-1.925552	1.392808	2.582348	-0.222009	-0.523074	-2.463718	-2.533500	-3.037052
-1.469873	-1.999185	-0.878521	3.141467	2.749919	-1.765101	0.030027	-2.484148	-3.054233	-1.801027
1.131491	-1.898317	-1.520160	2.157399	3.327059	-0.861755	-0.167387	-2.326320	-1.106395	-1.942669
4.564402	-0.025046	-1.809171	3.023303	1.369866	1.495927	1.071184	0.441765	0.318414	0.432920
3.322158	-0.782573	-1.277653	2.318980	0.323241	0.675146	-1.487160	0.244306	1.578294	1.772339
3.895059	-2.024297	-2.278607	0.455130	-0.630915	0.169001	-0.917419	-1.230795	-0.802957	1.297290
1.823007	-5.228520	-3.598433	-1.791948	-1.521903	2.617490	-0.577293	-0.541441	-0.517839	5.053869
0.758899	-1.601241	-3.718332	-4.111553	-2.756123	2.332713	-2.680383	0.263269	0.690147	4.759378
-0.895964	0.562440	-1.309103	-4.567986	-1.200174	1.814370	-1.935489	1.782333	-0.066799	1.397414
-1.400982	-0.279179	-1.306247	-3.440046	-2.147956	0.976160	-2.728912	0.864053	3.538321	2.804279
-0.151356	3.433503	1.754936	-1.530533	-2.846869	0.273280	-2.152451	-0.744174	2.297808	2.878169
2.687815	4.299385	3.858646	2.015052	-0.086613	2.088832	-1.714807	0.429954	1.770660	2.824686
3.145328	3.522266	2.976382	2.532109	-1.743888	0.792813	-1.467480	1.274934	2.415076	1.650227
2.864885	1.996647	4.021644	0.606039	-0.797893	1.924924	0.169330	-0.032933	-0.408644	1.432993
4.120285	0.894627	1.842031	-0.327860	-0.771029	1.015762	2.271821	-1.487449	-0.891802	1.552182
3.865627	0.465505	2.461944	-0.637886	-0.340394	3.143627	3.649895	-0.179413	-0.334897	1.061993
5.499711	1.378282	0.073281	1.781260	-0.658390	2.615518	4.514950	0.641074	-0.789732	3.344425
4.190936	1.450856	3.004343	4.877277	1.488785	4.621735	6.089686	-0.257389	3.132693	3.548778
2.951402	3.616227	0.292730	4.473466	1.538631	3.174075	1.891904	1.981597	2.538177	2.568850
-0.419991	1.962696	1.855040	3.104627	2.744747	1.734939	0.284401	1.815832	3.582018	4.075641
2.995755	2.389460	3.152573	2.376959	2.290334	1.259624	-0.950021	3.060215	3.032017	1.743248
5.233541	2.700921	0.262830	0.724863	-0.985907	0.920330	0.781037	3.841245	2.019171	2.127173
4.511366	0.944977	2.321409	1.929138	0.802723	2.091656	1.561474	3.380922	3.996380	-1.023288
4.653328	1.615928	1.392610	1.348183	0.574425	1.513801	3.363090	2.605945	2.147543	3.293166
4.782128	4.019974	2.145533	1.409600	1.800998	0.602763	-0.550415	1.082414	2.154857	-0.167067
3.138265	4.741414	4.609177	0.359487	2.234345	5.075841	-0.507642	1.972326	1.840824	0.021412
4.750039	3.588348	4.659842	0.481244	1.214763	1.764835	-1.119191	0.668782	1.377940	1.787602
3.085347	0.638174	1.652127	1.149772	-0.493446	1.431944	0.433238	0.464681	4.111405	-0.052099
0.231391	-2.848306	-0.062068	-0.664130	-0.206981	0.485365	-0.963257	0.731222	2.017917	-1.488491
-2.088231	-5.140095	-1.805243	-3.896263	-3.316743	-0.972702	-0.071675	-1.432896	0.813776	-1.459676
-1.519520	-9.174591	-4.776700	-3.426425	-1.546832	-4.311359	0.189283	-0.971074	-1.444120	-4.914854
-3.653776	-6.293597	-4.817238	-2.066119	-2.609547	-5.523906	-1.146583	-2.925812	-2.220572	-3.167928
-3.104501	-3.897512	-3.493658	-2.369643	-0.728587	-4.762345	-0.785673	-0.779512	-6.191982	-1.100098
0.356306	-1.234436	-1.787460	-0.486098	-1.539553	-2.237776	-0.777989	-0.261073	-5.086251	1.417034
2.144143	1.472529	-0.469846	0.277516	-1.329244	2.148998	-0.803131	2.113901	-2.908680	2.353867
0.795809	0.760383	-0.383116	0.359398	-2.360959	-0.009724	-2.308998	2.895112	0.423730	1.564301
-0.499696	1.380226	-0.218869	-1.306352	-0.619499	1.392558	-2.487992	0.036958	2.679276	1.330033
-0.803874	-1.890043	-1.560908	-0.555133	-1.509764	-1.618858	-2.291813	0.219537	1.762058	2.418762
0.281976	-1.869624	-3.518532	-2.427847	-3.762252	-2.161273	0.590338	-1.176050	1.268075	-0.079012
-0.967249	-1.781818	-3.825341	-4.355693	-2.556663	-3.048389	-1.897938	2.436094	1.691724	0.492208
-1.719849	-2.166225	-2.101737	-1.638172	-3.119897	-0.606106	-1.935242	1.842670	1.824205	-0.435078
-2.484024	1.828253	-0.032020	-3.346984	-1.305454	-1.941026	-3.095776	2.654176	1.205315	-4.177272
-0.418077	2.924618	1.271309	-2.110830	-3.142134	-3.737650	0.263361	1.919611	2.733254	-2.125275
-1.585307	2.046767	3.054251	-3.002809	-3.185935	-0.469180	0.034369	3.658774	0.509120	-2.407889
-2.999816	3.633801	2.484603	-1.204521	-2.458158	0.955283	-0.185654	2.995965	1.851311	-2.718215
-0.368305	1.335319	2.380666	-1.785168	-3.880102	-1.870361	-1.350508	0.781481	-0.624473	-1.939654
-2.251274	0.938720	0.920940	-2.826249	-1.998667	-1.221215	-2.432093	4.350223	-1.367135	-2.444007
-0.151425	-0.035596	0.292523	-2.939165	-2.109852	-1.751679	-2.665809	2.817088	0.508123	-0.808776
-0.379959	-0.995429	-0.237086	-2.297416	-1.981657	-2.554654	-0.477758	2.003077	-0.408898	-2.816562
-2.059476	-2.307380	-5.501286	-4.457002	-2.465581	-3.115543	-3.690440	-0.721512	-2.259802	-5.105167
-1.081879	-1.574450	-2.879378	1.115277	-1.253225	-3.326246	0.448645	-0.586481	-1.578490	-5.158992
-2.927667	-2.153439	-2.408064	3.131519	-0.478088	-3.210265	0.733296	-1.446829	-3.208363	-2.437337
0.197758	-1.286348	-1.728843	3.076426	-0.745868	-3.140700	-0.878587	-1.923259	0.071878	-2.989306
1.126195	0.757224	-1.160416	1.981096	0.455133	0.178947	0.820296	-0.867671	0.482330	-1.580398
3.815742	3.799774	4.274916	2.978130	-2.298683	0.021975	1.306643	2.051434	1.143292	0.710885
3.284100	3.461104	1.789952	6.142727	2.173584	3.670983	3.415555	2.152254	3.094563	2.524341
2.599666	3.051712	3.238893	5.186786	4.158035	4.704369	2.447830	3.766189	4.447741	0.648869
0.201640	6.577497	4.807236	4.028108	4.120870	1.819132	2.369868	5.132837	4.248124	0.842069
-0.046879	2.926261	5.716782	3.677793	1.689889	1.381071	2.401070	2.324098	2.593112	-0.324462
-2.603593	0.645700	3.826031	0.110539	0.049992	1.816285	3.208533	3.234971	3.019401	2.008075
-2.010503	-2.092383	1.496280	-3.446553	-0.670418	0.070873	3.692059	0.301453	-0.872209	0.208479
-1.694409	-2.824291	0.850030	-2.434984	-0.129443	2.552333	3.136746	-0.235355	-2.450619	3.395249
-2.722614	-3.515623	0.264880	-2.923754	-3.511082	1.677064	2.871993	-2.244355	-3.677332	5.911683
-1.173318	-4.652981	-2.231770	-0.188663	-0.595834	2.348566	3.068502	-3.057648	-6.061349	5.280580
-0.433321	-3.207063	-2.188622	-1.463611	-1.946099	3.852737	1.044770	-2.822835	-6.857971	3.482840
1.096573	-3.750272	-2.349275	-1.337999	-1.909776	0.245876	-0.273903	-2.610517	-6.529301	4.583760
-1.632434	-1.922607	-2.868031	-2.635227	-2.556265	0.645882	0.632784	-4.872395	-5.221539	-0.700360
-0.960646	-3.386370	-1.330690	-1.986395	-1.516765	-1.148346	1.100429	-1.140371	-3.068887	-2.559323
-1.810562	-2.599059	-2.240853	-1.755303	-1.702076	-4.249309	-1.504768	-2.886844	-2.383246	-3.280928
0.769515	-1.533676	-0.202520	-3.911753	-3.511897	-4.969509	-1.732307	-3.262117	-4.458419	-5.712777
-3.316214	-1.824621	1.001208	-2.744743	-2.544829	-6.739146	-3.221490	-3.650790	-4.876107	-4.949171
-0.170752	-2.332095	-1.421170	-4.508575	-2.471569	-7.355722	-2.263615	-3.682964	-2.102611	-4.460812
-1.187400	-4.516198	-1.728854	-2.526848	-1.717519	-5.835436	-2.037384	-3.289441	-2.343633	-3.935301
-1.843658	-5.164630	-3.472145	-2.855763	-4.203376	-5.314491	-0.097097	-2.756320	-4.268473	-4.711838
-1.241527	-3.447192	-5.756844	-2.530620	-2.969142	-4.662488	-1.066555	-0.223805	-2.926335	-1.169025
-0.478310	-4.160684	-5.053650	-2.849019	-1.996615	-5.352026	-3.009958	0.609806	-1.656618	-3.855462
0.579593	-3.114507	-5.444966	0.013940	-1.685195	-3.206308	-2.435106	-3.207990	-2.250726	-3.575352
-0.907619	-4.185660	-3.399190	-2.626044	-3.221781	-3.649834	-3.598700	-4.557593	-1.692958	-4.483795
1.274352	-1.385145	-1.721725	1.008329	-3.354473	-2.563904	-1.660140	-1.104605	-1.536717	-2.882891
2.007506	-0.023262	0.784730	1.480759	-0.109571	-2.631421	-0.267927	-0.860326	-0.243004	-2.617843
2.389541	2.678690	1.422474	0.044146	-0.793773	2.179616	0.758139	-0.686557	-0.212520	-2.744351
1.725257	4.395610	2.960606	1.667089	1.910120	0.996106	0.323758	-1.080999	1.932634	0.352285
-1.082149	3.834896	2.032825	2.182589	0.582509	2.549747	0.572230	0.102547	1.683855	0.369163
-1.253277	4.926350	3.646332	0.820745	3.986995	-0.536061	0.794753	0.009380	0.764943	0.495882
-0.931528	5.389171	2.608126	-0.684643	2.806578	0.127382	-0.918272	2.199699	2.469896	2.514141
-1.363503	3.326459	2.919406	1.471125	2.595258	-0.055326	1.274554	2.377303	0.389413	-0.033361
-2.077004	0.782312	0.651971	0.743548	1.618836	0.839914	-3.546968	3.382892	0.804892	-0.429523
-1.076131	-0.203768	-2.318879	-2.455972	1.263713	-0.578597	-3.934341	3.181164	1.901133	-0.799148
-0.650886	0.040018	-1.672345	-0.585638	-0.886211	0.290739	-2.387762	3.905319	2.815934	-3.164236
-2.252469	2.202969	-2.130626	0.552852	2.028865	1.492722	-0.509234	3.493556	4.680494	-0.708488
-1.208783	-2.292415	-0.777725	1.030697	2.000340	2.933651	-2.841656	1.480074	2.409011	0.842796
-0.913427	-0.222333	-0.754340	-1.303403	1.368515	0.020226	-2.281128	0.830272	2.148885	1.360015
-1.186803	-1.866887	-1.029273	-1.014848	-0.713308	-2.398055	-3.071751	-1.599151	0.700314	-0.801733
-1.214212	-6.117176	-3.439725	-2.857838	0.947570	-3.128991	-2.851925	-3.242094	-2.226103	-5.435147
-2.345256	-3.737300	-1.005394	-1.338074	0.583849	-2.748383	-1.542451	-2.545460	-4.161668	-3.620528
-2.873534	-1.623860	-0.206983	-0.261755	-0.058469	1.931968	3.239372	-3.989748	-4.709080	-0.960277
-0.643648	1.054744	1.997308	2.911619	3.036415	2.300063	3.656744	-1.061860	-2.864142	1.689706
-1.507000	2.924813	4.855079	4.419847	3.681802	2.777299	4.628264	-0.601496	-0.747055	1.325719
-0.172889	3.322445	4.875730	5.971130	5.312592	2.270978	3.375531	0.243243	2.875781	2.872463
-1.599018	3.816542	2.688660	7.948967	3.117287	3.611199	6.088746	-0.351443	4.842265	3.613138
-0.366086	3.507402	2.691069	5.022358	5.692385	2.489460	2.728409	-1.479955	4.660395	3.557041
-1.168896	0.336226	2.246656	2.439904	3.534489	1.108763	-1.869180	-0.966294	1.854270	1.063674
-0.288447	0.395213	0.880821	-4.235696	2.675397	-2.429794	-3.220523	-1.448761	-0.140610	-0.462265
-0.042241	-0.123836	-1.783737	-5.988142	1.690910	-4.916510	-3.872818	-3.888355	-1.216047	-3.676676
-2.084179	1.318079	-2.463118	-6.677534	1.659330	-1.962986	-1.717066	-4.138177	-5.389241	-4.115258
-1.591162	1.242057	-3.522222	-2.735971	3.366755	-1.963223	-4.476967	-3.392529	-3.650893	-2.602113
-0.470591	-2.334302	-3.614150	-1.344455	1.045687	-3.104220	-0.436921	-0.948710	-5.306405	-1.209641
-0.685965	-1.100097	-2.583102	-0.031884	-1.142874	-2.705078	0.361971	-4.945420	-3.348576	-0.864142
-0.540987	0.227372	-1.143978	-0.945458	0.367572	-2.479696	1.603011	-1.889162	-4.612208	-0.107116
1.979942	2.521004	2.867721	1.062921	-1.156975	-1.917376	-0.271703	-1.536234	-2.279002	-0.221564
4.830823	1.334300	1.615095	1.555155	0.769686	-1.508016	-0.780571	-1.414837	-0.715358	0.126314
3.352554	2.703359	1.812344	1.697944	-0.629145	-1.326418	0.242008	-1.455072	1.380823	-0.164381
3.264234	0.091382	0.071567	1.050386	-2.265268	1.392319	-1.301266	-0.867839	1.048040	0.106550
4.591063	-2.588731	0.689865	0.944584	1.599118	0.756095	-1.380093	0.593662	0.216292	-2.274893
1.978540	-1.851680	-0.723464	-0.133464	0.056513	0.966510	-2.018274	0.049129	-1.627720	-0.918411
2.058664	-2.760365	0.980581	-1.777258	-0.460383	0.590863	-0.445308	-2.022836	-1.252599	0.225497
1.862134	-0.178786	1.989499	-0.496496	-1.099770	1.228954	-1.800295	-2.615734	-0.454243	1.967432
0.079450	-0.112343	2.203691	0.693520	-1.691447	2.303785	-1.835936	-0.265366	-0.508555	1.825591
0.850711	0.653565	1.781655	0.580791	0.641885	2.928554	-1.343629	-0.241532	-0.342534	2.984977
2.586016	0.504037	3.425292	0.173818	0.539728	1.250462	0.005724	1.051568	1.154419	1.034589
-1.061036	-0.165226	3.931402	3.859200	-1.967920	3.922709	1.462625	0.812534	2.470003	1.363226
-0.987444	2.628576	0.708984	4.623437	1.494343	2.864795	4.285472	1.818565	3.206919	3.837890
1.602690	1.341044	0.309838	2.922929	2.086316	0.082121	1.817967	2.428962	2.810265	-1.504420
1.983665	0.058776	0.849765	1.790277	2.015900	0.881686	-0.152590	3.536824	2.011641	-0.362603
5.519882	1.987575	-1.017437	-0.679819	1.205994	0.015790	-2.786500	2.835351	1.696147	0.245640
3.249639	-2.123761	-2.993467	-1.845558	-0.350000	0.240935	-1.002862	1.568843	0.644182	-1.354590
1.700336	-1.657230	-2.270025	-1.894742	0.354916	-1.320181	3.290925	2.318201	2.224346	-1.193993
-0.312828	-2.134033	-1.509511	-2.130970	1.324842	1.133344	3.746159	1.708723	0.974740	0.021632
-1.259952	-0.610769	-1.734526	2.137159	3.510880	1.235910	4.000642	0.041410	1.544861	0.599584
-3.589039	0.019861	0.554330	4.722645	4.398829	3.454117	3.201173	-1.725837	0.015811	1.517565
-2.614587	-0.463940	-0.809241	2.821988	5.116489	2.768965	1.769254	-1.172420	-0.262710	2.662774
-0.421398	-2.393974	-1.521542	1.839288	2.831260	0.825154	0.864284	-2.049938	-2.460205	0.592811
-2.170072	-2.488140	-2.220771	-2.109255	2.757642	-1.051914	-5.719837	-3.143090	-2.968471	0.433579
-0.345510	-7.984438	-2.477829	-4.702840	1.109335	-4.247140	-3.600208	-3.367077	-5.629110	-2.285224
-1.696511	-7.057166	-4.719715	-3.807567	-3.142161	-3.829124	-0.154129	-3.948399	-6.234421	-1.030897
-0.820376	-2.685625	-3.535230	-1.174336	-2.323047	-2.316664	2.276001	-1.827756	-2.527605	-0.179039
-2.786307	1.538485	-1.693173	3.976053	0.875579	0.275340	3.340581	-2.227646	1.250838	1.630750
-0.064202	3.649665	0.705755	4.894200	1.339415	1.163788	3.469013	0.009629	4.821808	3.420870
-1.461662	-0.706084	0.674755	3.923807	2.218261	2.872980	2.483496	0.721370	3.523806	0.648724
-1.274589	-0.935462	-1.756174	3.889872	0.443918	1.765318	0.817130	0.797078	3.785931	-0.480290
-1.460081	-2.523269	-1.277531	-1.332803	-1.925415	-0.704499	-4.164083	0.454052	0.393683	-2.350471
-1.999939	0.808795	-0.143916	-6.556319	-0.263537	-3.306670	-2.732843	-1.430307	0.120662	-1.696817
-0.812764	3.015533	2.250371	-7.990275	-0.972550	-2.237895	-4.236951	0.005401	1.864569	-3.188628
-0.462756	2.772842	-0.135270	-6.789070	-2.250554	-0.251972	-5.159205	2.559476	2.802704	-1.687604
-1.445615	2.356926	0.562162	-1.563806	0.683652	-0.392401	-2.406105	3.919119	3.460866	-1.269644
0.059960	2.234783	1.702366	3.608920	-1.479532	1.612218	1.072449	4.524531	4.521256	0.105754
-1.424234	1.476314	-1.217758	2.424006	-0.575308	-0.129814	0.191758	2.941810	3.608075	-0.975611
-0.078894	-2.126680	-0.002709	1.351754	-2.175976	-2.484296	-0.914077	0.227859	2.091521	-0.106838
-1.053323	-5.432299	-2.645287	-1.883336	-2.002935	-2.925129	-4.782157	-0.596523	-1.841503	-1.453125
-2.423019	-6.433441	-2.478691	-5.505165	-1.391986	-5.422810	-2.994881	-1.716335	-4.985199	-4.974572
-1.975583	-1.051807	-1.889722	-4.116731	0.914370	-1.564740	-1.557248	-5.537378	-6.551566	-3.367478
-3.171315	1.567504	0.620620	1.148765	1.496733	-1.682618	-0.682358	-2.111649	-5.123904	-3.611043
-2.463916	1.867993	-0.768763	1.870924	2.323003	0.637557	-1.836009	-2.082350	-4.081711	-0.310165
-0.926384	0.621560	-2.225573	0.200946	2.973579	1.705985	-1.810603	-2.625579	-2.428888	-2.321644
-1.195621	2.644606	1.845192	-0.097968	-0.991639	-1.683532	1.153763	-1.453535	-2.051835	-1.980078
-0.643726	1.020631	-1.023767	-2.269419	-2.519451	-2.552595	-0.009112	-4.006219	-3.183251	-2.545167
-0.649000	1.257036	-0.039952	-4.293005	-0.315258	-6.602902	0.980773	-2.603230	-4.145935	-2.070410
-1.315841	2.502423	1.576038	-5.198027	-2.429261	-4.884753	-0.818482	-2.221767	-4.749588	-3.798406
-0.691451	-0.420910	1.825805	-3.786485	-2.671761	-2.615547	-2.374875	-3.629730	-5.741208	-1.749454
-1.177429	1.948540	1.360347	-3.689277	-2.670057	-1.415183	-2.487306	-3.201218	-7.177895	-0.784453
-1.521475	0.559673	2.940366	-1.910703	-2.888450	-2.380161	0.544625	0.749070	-3.467849	-2.148901
-0.361190	-1.088812	2.473162	1.104236	-1.683440	-0.752679	1.920419	-0.280265	-3.324569	-0.666199
-0.557572	-2.432012	1.161735	-0.213358	-1.866330	-1.232537	3.061778	1.203176	-3.033455	0.207255
-0.601222	0.773873	0.677386	1.378713	1.545482	1.961465	4.629300	-0.861005	-0.715705	-2.165137
-1.321540	1.667343	-1.097385	-1.609348	0.131394	2.814329	1.978988	1.492792	2.225681	1.829624
-2.195325	-1.049400	-2.436977	1.141058	0.600305	3.027555	-0.930859	2.326267	1.660502	3.009341
-0.474278	0.098843	-2.471591	-0.574069	0.134716	3.261544	-4.586140	3.578323	1.714861	4.682913
-3.677298	0.678274	-2.348825	-1.560428	-1.172075	1.898597	-1.795153	2.580759	1.954958	3.302743
-1.652586	-0.889007	-2.647379	-1.149919	-2.344369	2.779515	-2.682199	2.871376	2.458693	3.990532
-0.132140	-2.313899	-2.972953	-2.313441	0.022034	-0.669602	-3.157476	2.734475	0.692467	1.626680
-3.040961	-0.907101	-3.311046	-0.989395	-3.178667	-2.477553	-2.196784	0.158056	-1.957420	-1.883612
-1.767048	-6.348613	-4.551358	-2.799480	-1.542973	-1.276936	-2.694922	-0.967979	-1.970165	-4.335142
0.446498	-2.015233	-1.657687	-2.569395	-2.987585	0.415348	-0.933789	1.859970	-0.337869	-1.129309
2.152078	1.490539	-1.914035	1.876060	0.102897	3.074401	-0.267486	0.842404	-0.225331	0.649087
1.421193	4.049704	0.457801	4.615485	2.033272	3.216423	1.423590	0.827323	3.295749	0.020749
-0.548658	3.560962	1.911220	3.244880	2.753438	1.616315	4.155739	0.685529	3.349874	2.333677
-2.545974	2.204514	1.847923	1.922446	4.921396	1.788979	1.277361	1.219623	-0.037557	-1.120328
-2.506054	-1.176738	0.084610	1.836483	4.102043	-0.297286	-0.954743	-3.291196	0.478858	2.482636
-1.832499	-5.470494	-2.059817	-0.125508	1.917679	0.147022	-2.000071	-2.797925	-1.900481	2.052869
1.254491	-6.747554	-2.630658	-1.286728	2.547404	1.724503	-1.499524	-1.145665	-1.312973	1.753273
4.024418	-3.069616	-3.813613	0.558624	0.561516	0.968458	-1.401400	-1.934614	-3.272416	3.381549
4.505882	0.706320	-3.401481	1.890848	1.806313	2.143189	-1.471799	2.491528	-0.326611	1.586498
4.487682	-0.646845	-1.690962	3.053545	-0.357604	1.965195	-0.097420	3.193263	0.626845	2.317222
2.558020	-1.213609	-1.256954	-1.551785	-1.922837	-0.596323	-3.070762	2.253792	1.836052	0.928020
0.808296	-0.960474	-1.090758	-1.325842	-2.696887	0.612938	2.673776	1.316814	3.412910	-0.128204
-0.419091	-2.201536	-3.000171	0.429775	1.210945	-0.287224	1.457894	-0.870269	1.066322	-1.909051
-1.036539	-1.304297	-0.736495	0.201765	-1.903942	0.366493	1.697494	0.616844	0.202387	-2.413019
0.681353	0.900746	0.275172	1.335330	-1.303050	0.830090	3.534075	2.458154	0.799408	0.043194
0.708883	3.143993	0.984531	4.582468	-1.131479	1.994268	3.700040	3.380462	3.213584	0.543688
3.518154	3.368445	3.057582	6.170282	0.441470	3.575326	-1.130512	4.931468	2.559417	0.542864
4.386064	3.496602	2.470925	3.724870	0.475995	2.570267	-1.718780	4.093373	3.541909	1.265424
2.978316	3.461966	3.564863	1.791833	0.522095	1.385090	0.610838	5.296379	2.273660	-0.168431
-0.062291	3.789036	3.365594	1.499272	1.550770	0.994597	2.778842	3.165686	3.919271	2.569500
-1.698957	3.931815	5.805821	4.021286	2.946517	3.777689	5.028532	1.319396	3.497643	4.256718
-1.492980	3.392303	4.800344	3.379476	4.442835	1.026565	5.134911	2.126308	3.079578	3.927025
-1.622061	3.482301	4.537963	3.964042	3.922824	0.710027	4.187678	-0.497776	1.857976	4.081621
1.153202	0.151209	1.477279	2.773785	0.159982	2.731475	3.964834	-1.785455	2.770339	2.115208
2.634708	0.295029	2.541193	1.822003	-0.461492	-0.691289	0.812780	0.439772	1.159768	0.042187
1.826059	0.857461	0.830006	-0.854801	-0.956400	1.250834	0.794517	-1.077894	1.620664	-0.006741
2.709154	-0.031095	1.040319	0.042072	0.189958	-0.092553	-1.683454	-0.510753	-0.076472	-1.701575
-0.539705	3.061964	2.534231	3.467022	-0.903721	-2.117652	0.314568	0.411596	-0.547239	-1.914613
-0.749419	4.200338	3.332745	5.480649	0.347163	1.500739	2.191782	1.256755	1.051765	1.502445
-2.499586	3.164227	4.696861	5.033853	2.233308	1.092721	4.035591	-1.662776	1.694941	2.233601
-2.750106	1.984832	4.504279	5.252735	0.220613	2.596894	4.886295	0.371404	0.646390	3.615155
-1.483678	1.963655	1.415801	5.748296	0.861777	2.878859	3.545395	1.548596	1.728312	2.735510
-0.539103	2.012195	3.487027	-0.082166	0.183897	1.021717	0.320692	2.370501	0.616111	1.458065
1.955721	2.639455	1.797759	-0.566850	3.137073	0.955768	-0.285114	2.054720	1.564085	1.489523
2.157195	2.156234	2.035596	-4.768155	0.378104	-2.996287	0.759978	-0.516646	0.006538	0.532184
1.058918	-0.397367	2.527439	-5.116682	-1.209813	-3.628848	4.749069	-2.057597	-3.593231	-3.301751
-0.624409	-1.274746	0.156191	-4.503431	-1.955979	-4.491614	1.509660	-0.375932	-4.054519	-2.247380
-1.888785	-1.595703	0.479550	-3.459300	-2.004194	-5.389584	3.380351	-4.130449	-6.574325	-0.883103
-1.791409	-1.053137	-0.357681	-3.739291	-1.592661	-4.632258	4.132644	-4.303148	-6.249149	-0.577418
-2.557281	-0.134147	-0.733402	-2.302004	-3.016281	-2.498136	0.430539	-4.060528	-6.471088	1.471875
-2.074801	-0.616733	-0.031812	0.466963	-2.034356	-2.670416	-2.694662	-4.282089	-5.313642	-2.778322
-0.856267	-1.132894	-4.626810	-2.462391	-2.791287	-1.917398	-1.602260	-1.601528	-3.024609	-1.850409
-0.249579	-1.092028	-3.715996	-0.136266	-3.816975	-1.452582	-2.691954	-2.571647	-3.756688	-2.351283
1.532363	-2.576036	-2.250068	-0.719261	-2.950222	-0.894666	-3.634242	-1.788143	1.868422	-2.572245
-1.645540	-0.282816	-4.515726	-2.916078	-2.902729	1.614148	-3.924124	-1.176515	1.719723	-0.771094
-1.194388	-2.009267	-2.143669	-3.812615	-1.911799	1.744162	-2.768699	1.193536	3.311416	0.622873
-2.240279	1.535911	-1.316496	-1.407873	-1.625233	1.059077	-2.914267	0.894012	1.248602	-0.889945
-2.206214	0.918819	-0.602906	-0.034952	-0.454431	2.108393	-1.901826	0.881013	0.105583	-0.367246
-2.935191	-0.864343	-1.721998	1.564449	2.629103	2.980909	-3.168476	-0.407760	0.508059	0.336570
-3.090510	-0.068972	-1.455571	1.288029	3.691170	1.067428	0.643684	-0.805005	-0.442867	-2.404395
-1.815771	-3.948370	-1.601425	0.033388	2.609266	0.589948	-2.621545	-2.664022	-1.346394	0.614159
-0.316973	-2.290834	-1.694158	-0.861074	0.834191	-1.675129	-0.841163	-1.790711	-4.657222	-1.225466
-0.620415	-2.634864	-2.171670	-2.678456	0.173442	-2.645003	-2.990569	-4.111471	-5.230248	-0.332470
-1.187497	-3.213160	-3.565660	-3.317359	-0.491981	-4.228873	-1.882662	-4.052501	-4.868371	1.375848
1.024982	-3.472220	-2.836626	-1.297683	-0.046780	-1.630541	-3.068842	-2.549800	-1.900091	2.015089
2.551322	-3.022745	0.428831	-1.162727	-2.722257	-3.058504	-1.229407	-1.828767	-4.598405	0.122854
3.467324	-0.336532	1.966113	1.281607	-2.121314	-3.372863	1.699643	-1.342502	-2.142512	-2.370056
0.401889	-1.503182	0.223221	-1.599380	-1.957852	-1.702917	2.344908	-1.424605	-3.313712	-2.030141
-1.726984	-1.197194	2.181556	-2.241888	-2.807273	-3.245966	4.051590	-1.031374	-3.956002	-3.070400
-1.451092	-0.888567	0.601119	-4.828717	-3.247978	-1.129110	1.168989	1.472191	-0.917981	-2.659531
-1.406037	0.099500	-0.570890	-1.174167	-2.405669	-0.921849	-2.703294	2.506491	2.855853	-0.071234
-0.559217	-0.649393	-0.444770	-1.273239	-2.658548	0.992618	-2.658459	4.334827	3.783599	0.469191
1.216968	1.424056	0.349681	-2.860933	-1.928217	1.410591	-0.950405	4.100998	6.548461	4.446545
0.315819	2.056046	-0.785437	-1.399148	0.007024	3.829470	1.351269	3.346506	5.480939	2.310430
3.309036	4.422578	1.977377	2.878514	1.377472	1.480056	2.934464	4.957652	4.964835	2.567846
3.459220	4.721853	2.631924	5.492955	0.595125	4.208748	1.046779	4.837335	4.759349	2.274293
4.657771	3.292573	2.740704	6.355973	3.487483	3.327347	1.755216	5.237556	4.492584	1.998272
5.390790	3.740636	0.659520	4.668769	0.838343	4.170853	1.382976	5.764417	4.705541	3.195085
3.000278	3.179845	1.256972	2.365742	0.717303	2.783766	-1.337942	4.921817	6.238221	1.384430
2.345034	1.758599	1.685960	-0.440508	0.821863	1.298486	0.018964	3.778557	2.757426	0.331810
1.581359	0.223500	3.564185	-5.312781	-1.678380	1.099614	2.279194	2.263137	2.749557	-0.085075
3.538854	0.207347	3.050049	-4.068177	-0.505228	2.300949	0.565049	0.700759	2.438414	2.048875
2.970819	0.183942	0.043153	-0.010197	1.565419	3.385191	-0.038371	1.221822	0.475001	3.712361
4.742154	1.055386	-0.626904	0.330159	0.941957	2.796442	-0.284665	-0.047273	0.203317	1.122584
3.197061	-2.410622	-2.426819	1.108491	-1.295913	3.694999	-0.620332	0.478474	-1.913535	4.580043
4.147539	-0.222481	-0.527192	0.979999	0.171405	1.312365	-2.021973	-1.077435	-0.924454	1.675640
3.058489	-0.908690	-3.869323	2.303482	-1.182289	0.186538	-1.690585	-0.157902	1.084161	0.880475
2.228911	-1.131448	-2.490909	-0.768760	-0.079497	-1.930282	-2.201170	-0.850825	-1.187889	-1.710551
0.228706	-4.432955	-3.366651	-4.256128	-1.614822	-0.399493	0.368874	-1.397703	2.295998	-1.135239
-1.552227	-3.740811	-2.591947	-1.848421	-2.976964	-3.407397	1.768847	-2.152438	-0.884076	-0.078087
-3.327785	-2.887014	0.583303	-1.566340	-2.317626	-1.771194	0.248350	-1.790127	-0.558611	-2.582895
-2.606470	-0.793364	-2.253799	0.309815	-2.629808	0.715518	-0.545816	-2.281271	-0.672905	-0.670763
-1.122481	0.427538	-1.882553	3.180943	-0.110014	0.701236	-0.721752	-0.610570	2.079343	0.574910
-2.822117	3.105995	0.907642	4.212344	1.024257	0.965362	-0.221157	-0.872923	0.695235	0.050224
-1.629079	4.410806	1.442687	4.228417	1.808101	-0.201105	-2.442030	-2.689430	-0.953828	0.740479
-1.827065	2.521171	1.049383	0.804163	1.364218	-3.034564	-0.913371	-1.785391	-0.969445	-1.754724
1.708424	-2.172708	-2.045370	-0.531020	-0.115494	-0.556617	-1.273779	-3.031605	-2.344115	-2.543685
0.239389	-3.783131	-1.669469	-3.249231	0.599062	-2.349763	-0.776654	-1.300572	-2.185035	-2.806004
-0.339370	-0.551798	-1.187115	-2.417871	-0.593313	-2.015002	0.519704	-0.142392	1.614695	-1.420780
-0.390454	-0.207809	-1.112307	2.118760	-1.740824	1.359266	2.985697	-2.686065	1.280677	-1.876313
-3.294160	1.966538	2.573956	1.322760	-0.133569	1.473439	2.678324	-0.454190	3.173212	2.173097
-1.762690	1.690343	4.507876	4.206431	1.734347	1.478419	2.323186	-0.249467	2.769901	2.391550
-3.209643	2.510706	2.311153	3.320371	1.665725	0.447404	1.217083	-1.153897	2.767445	-0.031153
-1.881619	1.549127	3.555887	-0.811721	0.057962	-0.657304	-0.876384	-1.588678	1.925546	-3.716012
-1.035217	0.107007	2.554480	0.599356	-2.504743	-1.847508	-3.274815	-1.753611	0.070506	-3.211428
-2.043238	0.838747	0.665033	-4.600800	-0.583892	-5.135107	-1.368110	0.084904	-0.650475	-1.755699
-2.293581	3.445446	1.869146	-2.821588	-0.868187	0.673400	0.947632	2.392267	1.346005	-2.451526
0.988153	2.840805	1.683521	-2.495409	-1.128428	1.094310	2.501512	2.856079	1.683047	0.907991
-0.032134	2.192426	1.792057	-1.075964	-1.900019	2.650625	3.290629	3.386240	3.544452	2.212252
-1.549644	1.920407	1.963357	0.657647	-0.223359	3.346744	1.700784	3.757449	2.698522	2.699558
-1.841475	-0.491451	1.979320	0.882523	-0.564551	2.409066	2.275477	1.430307	3.191357	1.709709
-1.118829	0.226353	0.285547	1.152564	-1.355097	-0.329609	1.710809	0.347114	0.509560	3.449304
-3.367303	-2.080781	0.250440	-0.583830	0.833303	-0.990981	-0.697820	-2.715231	0.085131	1.662843
-3.415200	-4.251752	-3.451300	-1.717261	-2.243154	-3.956251	0.610890	-1.925827	-3.362528	0.575228
-1.648918	-6.104261	-3.565474	-4.177529	-2.631869	-4.952219	-0.048060	-2.856074	-5.691217	-4.300744
-2.433258	-1.384806	0.165920	-4.294035	-2.482844	-3.909886	1.020630	-1.814272	-5.017033	-2.123370
-2.387520	-1.023189	2.003783	-5.266778	-2.417679	-6.559251	-0.353140	-3.213822	-6.482676	-4.429252
-2.281803	0.392393	1.462416	-3.969860	-3.380177	-2.893116	-0.010370	-1.175324	-5.876145	-3.438090
-2.784608	-1.571362	0.190619	0.575319	-2.406340	-3.221881	-1.942159	-2.024376	-1.434838	-2.683683
-0.139035	2.693247	-1.166208	3.485158	0.917933	-1.037446	-2.465407	-3.116581	-0.326454	0.476668
1.416916	0.665822	-0.832862	5.082157	1.657538	-0.843813	0.594786	2.484463	1.611708	1.011463
1.379345	1.816661	0.626956	6.709114	1.781975	3.107420	0.764521	2.549155	4.950049	0.557702
3.219653	3.224665	3.009948	4.373230	3.284641	3.190451	0.200598	3.677795	5.000971	1.162385
5.236138	4.433834	2.134414	2.788704	5.500636	1.434779	-0.243883	3.558383	3.361975	2.522811
3.475900	2.475969	-0.776244	3.016335	3.762059	3.646504	1.545278	3.442119	3.072861	1.510681
5.207641	1.221169	2.774472	1.380423	2.340207	3.366126	2.311682	5.079302	3.450031	2.999094
2.522658	2.581236	1.431466	1.970766	2.919579	4.831944	0.711128	-0.980667	1.476686	2.652451
2.065253	-0.711631	-0.045463	-1.199135	1.594173	1.355057	-0.466082	-1.267790	-2.799473	1.651850
-1.053576	-0.368232	0.006586	-4.886682	-1.037210	-1.649736	0.248150	-2.309265	-4.225445	-2.019609
-3.954328	-5.764666	-0.824386	-3.796875	-0.667974	-4.325834	0.152226	-3.320294	-7.078428	-3.174625
-5.063603	-3.537833	-0.951779	-1.015414	-0.154619	-3.541138	2.733945	-2.035677	-5.627521	-2.656599
-2.401203	-1.484433	-1.912191	-0.300501	1.208352	-0.914150	0.240309	-2.096913	-2.004824	0.165369
1.115574	-1.008566	-2.397422	0.825564	3.745740	2.449530	-3.036284	-1.686603	-1.581736	-0.171922
0.132625	-1.637331	-1.574371	2.479680	1.253742	2.170202	-2.017833	-0.281448	-0.581054	1.079328
-0.548548	-4.103529	-3.179537	0.103746	1.013158	-1.489635	-2.173538	-1.882448	1.120621	0.170918
0.062554	-2.451160	-2.372821	-1.742437	0.049885	-1.102782	-2.412098	-3.434303	-2.213709	-1.288051
-1.337370	-4.772522	-1.491820	-3.526072	-2.742078	-0.335739	-2.606113	-2.084913	-2.354544	-2.102380
-0.870220	-3.784317	-5.606334	-3.583558	-2.727431	-3.803008	-3.404984	-2.847079	-2.836881	-3.031470
0.008704	-2.014843	-5.475163	-0.381796	0.522323	-2.219088	0.133191	-1.766101	-0.283520	-1.796720
1.435101	-0.120702	-0.021905	1.149713	2.703284	1.902719	0.275610	0.264321	-0.812161	0.561468
3.527170	3.841908	1.646739	3.180668	2.698750	3.029312	2.755774	2.912986	0.713798	0.647794
2.263212	4.043386	1.677071	4.619369	3.712220	4.300492	1.661784	3.381093	4.072158	3.064859
4.259826	3.972833	2.863192	3.513414	3.593493	3.005256	-0.483460	4.647943	1.993320	3.517960
