X1	X2	X3	X4	X5	X6	X7	X8	X9	X10
-0.069657	-7.241576	-4.657661	-2.630079	-2.975383	-6.816549	-5.241745	-6.291611	-3.983624	-4.857828
-0.201873	-6.574786	-5.650118	-3.526035	-3.859567	-7.133685	-2.924203	-4.105411	-6.300089	-6.301909
-0.606006	-5.784606	-5.681288	-6.452643	-1.545165	-7.591185	-1.441386	-4.441235	-3.407304	-5.290107
-1.277257	-2.988838	-5.224477	-1.927505	-2.141578	-8.222353	-3.461493	-3.868187	-5.325772	-4.917027
-0.439025	-0.336986	-3.324286	-2.303521	-2.556807	-7.545392	-2.975128	-5.170671	-3.963698	-6.359871
-0.404111	-2.050553	-2.016321	-2.666794	-2.374154	-6.289607	-2.653690	-3.899591	-5.908384	-6.812342
2.651487	-2.827743	-2.189784	-1.855725	-0.087719	-1.366200	-1.960082	-4.148251	-3.340133	-6.313746
4.429967	-0.582458	-3.081379	-0.835414	-1.030305	1.061524	-1.426304	-0.025057	-0.631349	-3.692384
6.169030	-0.296902	-1.443309	0.093636	-0.439612	1.505961	0.328843	1.414389	-0.043636	-0.827461
6.329276	-0.211378	0.744022	2.671725	0.754658	4.278307	0.328757	2.220381	2.263604	0.581620
6.396006	0.267911	0.659810	2.801751	0.805203	4.681060	2.103637	1.869316	0.643467	2.245855
2.756418	3.372462	0.876652	5.508312	0.379723	3.330015	0.561683	0.740989	1.514049	4.865842
0.862813	3.201170	1.524045	3.057507	2.875017	2.859668	0.209293	0.628196	2.130647	2.273376
-3.758309	1.978534	2.813086	0.842035	3.015981	3.950615	0.079165	0.378832	0.965358	3.078054
-7.739648	2.092951	1.090670	3.159594	3.141616	0.751654	0.758899	-0.619105	2.670679	1.917973
-6.629204	2.859516	1.606794	3.362283	3.850420	-0.566521	4.271094	0.271178	0.513405	0.576830
-4.381477	1.665727	-0.247044	3.629701	2.026691	-0.824612	1.172549	-1.042122	1.324933	1.816020
-2.474967	2.608580	2.822451	0.316346	1.737328	-0.614023	1.607862	-1.172209	-0.286139	-0.296659
-2.574974	0.422573	1.043176	-0.110684	1.716830	-0.867758	1.239032	-1.370588	0.092983	1.591390
1.062501	1.094603	-0.274672	0.183511	-1.573606	-4.234821	1.274859	-4.565864	-0.344702	-0.823538
0.108859	1.288266	0.630604	-0.830372	-3.206079	-3.034815	1.929941	-5.413839	-1.750499	-2.408844
-0.669500	-0.553241	-1.000100	-2.572033	-4.922893	-6.838445	3.057077	-8.917019	-3.440811	-2.250734
-0.888777	-2.688821	0.031414	-1.742574	-4.600249	-4.196813	1.035067	-3.620608	-5.204541	-2.334309
-0.649272	-5.420976	-1.524559	-4.101497	-5.808847	-3.122723	1.849509	-5.020710	-4.872093	-2.084474
-2.287984	-6.281410	0.318778	-3.115503	-2.248590	-3.070880	3.154102	-4.870429	-5.862171	-0.320031
-1.085214	-6.205126	-4.212777	-4.211093	-2.128879	-1.376386	2.479546	-3.930670	-5.726677	-1.782383
-2.546462	-2.829027	-2.047228	-2.958769	-2.991916	-2.567045	1.052539	-4.416637	-3.429616	-0.588535
-0.197227	-2.953816	-0.535478	-3.684833	-2.218402	-1.036361	-1.849120	-3.409234	-5.402591	0.928812
1.156589	-0.855995	1.209770	-2.990885	-3.286238	-0.242538	0.111768	-0.432566	-5.389105	-1.435247
5.119586	2.113031	1.913212	-2.946828	-2.065927	3.228322	-1.996697	5.184363	-0.352262	1.055786
4.132265	2.462162	3.061546	-0.927762	-0.546070	3.428914	-1.830317	4.943750	3.145135	4.822508
5.418426	1.628492	2.629569	0.092711	-1.625168	2.981735	-1.605592	2.649689	3.827382	2.001115
4.407968	2.424521	2.379376	-2.544011	-1.376623	3.798381	-1.444524	6.399577	2.263175	3.189905
-0.981909	0.981344	2.042067	-0.431930	0.766663	4.774249	-1.841113	3.364709	1.408912	3.257474
-2.920205	0.246559	1.562836	-0.117145	2.020288	4.715236	-2.003361	1.675082	2.885289	2.779820
-4.812721	1.895163	0.072282	1.480140	3.002052	2.823438	-0.808968	1.643890	0.316001	2.013938
-4.673755	1.362454	4.438802	4.103225	4.901852	3.508351	2.910866	1.857530	2.515247	1.470727
-1.671410	1.956628	2.178592	1.576807	4.519087	1.860673	3.052138	0.116098	0.243522	3.385484
-1.564084	1.356183	2.313349	2.698187	2.686754	1.009899	2.443548	0.440189	0.342824	2.717405
-1.430678	1.522816	1.772271	1.576061	-1.113046	-0.359374	1.442196	1.390800	0.950847	-0.607113
-0.383192	-0.471376	1.156355	-1.134371	-4.392117	-0.450248	-0.474921	3.051325	2.295290	0.654129
-0.379927	-1.973495	0.155898	-2.273411	-4.268160	-0.785028	-4.106801	1.961062	1.591449	-1.722874
-0.665682	-2.584844	-5.262203	-2.847160	-4.892476	-2.099317	-3.523847	1.765606	0.951820	-0.326124
-1.317158	-2.980826	-3.730250	-1.084820	-3.065368	-1.600818	-3.913659	0.361953	-1.057500	-1.559224
-2.101756	0.765358	-0.550146	-0.205493	0.585964	-0.859634	-1.965738	-2.812401	-0.666415	-1.744277
-1.260674	2.709403	-0.984495	0.216621	1.229917	-0.707069	0.906915	-2.502960	-1.350227	-2.457084
-2.251614	2.460008	2.111902	2.380620	1.385489	-0.057725	3.047500	-2.991128	-0.466540	-0.982050
-2.900775	1.866070	2.106641	3.652702	2.600580	0.863694	0.664215	-2.328609	-0.796358	-0.972577
-1.857959	4.276487	2.080720	2.695166	2.432287	3.213384	2.226360	1.480793	0.962116	1.472933
-1.922165	3.066056	3.197237	1.730210	1.831808	2.782443	2.952734	5.249374	2.723479	2.570177
1.810307	2.519275	4.359188	1.079234	2.677842	2.798268	2.281536	5.023230	5.797027	3.598752
4.315157	5.117240	5.564772	3.902034	4.192988	3.220955	3.382866	5.804757	4.703958	5.306455
4.172383	4.625151	3.441986	4.307411	6.751742	2.808801	4.295422	5.073651	5.824668	2.912885
3.250186	5.652804	5.305427	4.530663	5.520905	4.299403	3.661304	5.601610	3.752954	4.026138
3.893166	3.114298	4.737093	3.503387	5.369673	2.270559	2.347412	5.243227	3.036112	3.861713
3.369222	3.881129	4.074581	2.842183	4.779446	3.925765	2.263843	5.060601	3.235139	0.818606
4.485255	2.651895	3.030989	4.031050	2.594321	2.637617	1.269099	2.694127	4.450933	3.788614
4.072263	2.871895	1.450116	1.092785	2.794297	3.144715	1.253477	6.666902	1.847390	2.924537
4.131947	0.835426	0.301257	1.450287	2.246471	3.203753	0.827477	4.683521	3.793106	2.450771
3.292206	1.480586	-0.866588	-0.720344	-1.666057	1.134830	-1.795900	4.938881	1.544379	2.159713
0.416840	1.944673	-0.599623	2.874088	-0.878389	0.850542	0.656642	4.816979	2.626406	1.699262
-3.050151	3.007183	0.463551	0.519284	-3.077928	-0.694813	-0.181995	3.508510	3.606383	0.911916
-5.702267	1.958417	-0.757368	0.738142	-2.562775	2.738861	-2.986813	3.676771	3.131308	-0.357729
-8.007009	1.070170	0.967217	0.669659	-0.216132	0.141763	-0.340512	1.239960	1.144277	1.230526
-6.368677	-0.419058	-0.777996	-4.132864	-2.777600	4.313189	-3.285293	4.064871	2.434087	-1.114122
-2.726972	-2.427969	-0.608309	-4.440431	-4.105981	1.122136	-2.796157	1.565402	3.222935	0.621425
0.368908	-0.998467	-1.483224	-4.377441	-3.609777	1.542402	-3.945804	1.196249	2.719819	-1.348934
5.022060	1.445648	-0.554143	-1.557697	-2.556090	2.017484	-3.183935	2.349609	2.398736	0.124197
5.686486	1.699273	-0.484468	-0.903900	1.361478	1.405180	-2.446551	4.268278	3.212981	0.208217
3.971484	2.109406	-1.003001	0.471749	1.353026	0.874186	0.251648	2.311753	1.113454	1.436724
4.150055	-0.722954	-1.087344	1.150849	2.229553	-0.892900	-0.693040	-0.783370	1.082750	1.492215
0.875098	-2.247409	0.055902	-0.259403	1.272555	-3.972880	-1.230514	-1.700593	-0.698233	-1.493311
-4.355287	-5.859262	-1.000366	-2.768407	-0.840768	-4.793157	-2.971275	-5.154120	-4.152099	-3.608756
-5.205801	-8.090513	-4.577950	-2.566066	-3.032518	-7.581133	-2.128125	-5.813354	-5.261049	-4.878623
-5.164943	-4.521265	-6.314851	-3.899879	-3.118098	0.330389	-3.404763	-7.297099	-5.983686	-4.268414
0.615086	0.145580	-3.096071	-0.762649	1.836592	2.727906	-2.566090	-3.573057	-3.010214	-1.790129
2.150286	-2.278578	-1.438711	1.886023	2.188649	2.749817	-0.773207	1.436168	-1.669535	2.109628
0.129257	-1.077142	0.992526	2.285236	5.738472	5.156718	-0.234714	-0.205526	1.924649	1.754556
1.743498	2.605686	0.250839	2.220788	4.776260	2.936508	2.128787	2.925556	5.400134	1.410953
3.902310	1.283706	-0.526774	0.778178	4.078909	4.427884	0.993797	4.011813	3.296818	4.201517
5.554591	2.335015	1.838686	1.923905	2.194419	2.448344	3.616314	5.711441	5.321398	4.156247
5.053942	1.697612	1.785418	0.507667	0.441488	2.358885	4.740139	3.768737	4.547072	2.140241
5.490762	3.249795	2.640718	3.495463	0.173913	1.829906	3.608570	4.725199	3.566437	2.807997
2.715752	2.721664	5.828787	1.582291	2.931894	1.516003	4.472107	2.663223	4.517492	3.203413
-2.222390	2.416616	4.173223	2.474151	0.719929	2.906376	4.404349	1.122807	2.132432	2.353587
-6.159863	3.772450	3.949624	1.496941	1.446416	0.591121	0.366896	3.306248	0.396056	0.920319
-6.136167	2.160765	3.024790	1.627260	3.261752	1.172837	-2.783953	4.376343	3.660362	2.454606
-0.896403	4.027959	3.636217	1.261705	3.384438	2.527422	-2.021399	3.577789	4.402446	0.610947
3.475929	4.073231	2.461106	2.394877	4.831470	3.544372	-3.938841	3.923185	3.943007	0.348540
2.427028	2.833580	4.857955	1.531574	1.998546	0.537188	-1.751681	3.040726	4.290043	1.990184
4.996296	3.340604	3.209463	2.258094	1.311167	-0.431734	3.752980	0.985711	1.359750	1.393676
2.160430	2.620703	2.314828	2.615437	0.578528	0.569304	3.522543	-0.307663	1.466427	0.869917
-2.286568	0.014975	1.051650	2.211000	0.396830	-3.088400	5.456307	-1.831999	0.441872	1.037504
-2.453000	-1.670082	-1.559274	1.538483	-0.008530	-0.101646	-0.793430	-4.311598	-0.704218	-1.501565
-5.144164	-3.617667	-0.517243	2.420084	-0.700254	-1.375238	1.739034	-6.210664	-3.186446	-0.701790
-3.136762	-6.530883	-3.439259	-0.367497	-5.046942	-3.249477	-1.743904	-5.487999	-5.199112	-1.376173
-5.479894	-8.848331	-5.071923	-3.328363	-5.064698	-3.045165	-4.561143	-6.325605	-4.521319	-3.270416
-0.715660	-6.306010	-6.724337	-2.949814	-2.101122	-1.129004	-6.092285	-3.558185	-5.475770	-2.338219
-1.934560	-7.157224	-6.411600	-0.190051	-3.598516	-2.649195	-2.804129	-3.253140	-6.859366	-4.000685
-1.337994	-3.343872	-2.834914	-3.346777	-2.503983	-1.452241	-3.909776	-2.873373	-3.651009	-3.082713
-1.354762	-1.694055	-3.345381	-2.861891	-2.480222	-0.815443	-2.320928	2.034813	-0.610202	-4.588007
-2.248366	0.820525	-2.435100	-2.975296	-4.076037	-6.424102	-2.916883	0.784917	0.557955	-1.138666
-1.121703	-1.734332	-2.867073	-2.481092	-3.176929	-5.260920	-2.359043	-1.328763	-1.235942	-4.035493
0.244424	-3.056428	-4.065300	-1.316281	-3.335099	-8.169700	-3.889309	-3.159130	-2.613694	-3.828487
-0.111584	-3.386262	-4.186683	-4.071064	-0.082350	-4.847442	-2.049781	-5.773786	-3.743203	-4.426851
-1.988627	-2.656837	-4.450622	-1.289642	1.575818	0.725452	-0.879059	-6.547232	-2.559971	-3.581986
1.283694	-2.157952	-4.112117	-0.189216	4.937602	0.568481	1.106855	-1.214771	-4.052899	-1.041593
0.967580	0.929292	-1.394870	0.563713	5.350902	2.863342	0.985663	-0.555204	-2.715990	2.020528
3.720430	2.097493	0.270618	1.726842	6.963715	3.337235	1.793362	1.844967	2.716756	1.791474
0.953044	3.364951	1.858548	3.237272	5.183139	1.590257	0.182452	1.082439	3.178236	2.192546
1.095422	4.154566	3.542618	2.095402	4.018974	2.577608	0.755233	2.025611	1.613148	1.748341
0.556964	2.337636	1.332429	2.232829	4.415017	0.602287	1.470805	-0.666819	0.380092	1.566260
0.028270	0.549062	1.026178	-0.762048	3.576668	0.970291	1.840866	-1.060452	-0.307935	1.018300
3.642840	0.701642	1.022867	1.958972	3.740423	2.771319	-0.712684	1.007010	1.283965	1.574561
4.816573	-0.759824	0.313194	2.808986	2.287383	1.755671	1.422955	0.559265	-0.507008	1.938542
5.847970	-1.454937	-0.323442	2.086393	0.982345	0.666644	0.799583	1.382411	0.070444	2.134841
6.990330	1.175803	0.016660	1.188792	-1.958693	3.170738	2.190797	0.848647	-0.020081	1.263259
5.394153	-0.217005	1.094200	0.523283	-1.757331	-0.635849	2.215199	-1.336728	2.228317	0.037594
1.826739	-2.802361	-1.164025	-1.229936	-3.433372	-3.180918	2.160688	-0.118317	-1.374066	0.139445
-2.845311	-4.398366	-1.931513	-2.771267	-4.218917	-7.335570	0.137363	-3.257720	-0.708029	-4.618088
-4.181399	-1.987820	-2.654065	-2.688210	-4.257267	-4.807506	-0.349477	-4.844139	-3.596975	-3.864108
-9.361123	-3.464223	-2.377781	-1.770565	-4.844724	-4.209028	0.644968	-0.955175	-3.767904	-0.641113
-3.236185	-0.467676	0.021537	-3.734936	-3.401190	-0.494536	3.571197	3.407070	-0.957517	-3.403706
-2.278484	-0.876280	-0.439009	-3.163721	-0.576265	-0.777232	3.213511	0.346595	-0.401817	-1.220487
-1.924720	-0.414534	-1.887420	-2.078123	-2.646552	0.116483	2.855008	-1.110902	0.147296	-0.839957
-0.649393	0.860160	-0.545197	-0.043943	2.610447	-1.160791	2.856687	0.053980	0.527920	-0.440116
-0.576804	-0.782896	-0.571639	3.660619	1.172833	-0.943257	3.088449	1.030637	0.230555	-0.008166
-2.275852	1.813596	-2.312447	4.630861	2.853002	1.830886	2.468293	-1.216031	-0.133901	0.173293
-0.644537	1.745336	1.928579	3.743783	2.951054	0.138437	2.805219	-0.186525	0.837251	1.897360
-0.929959	-0.401177	1.229839	3.906882	1.382987	1.199493	3.301425	-1.699246	1.670410	-0.436465
-1.386019	-1.721841	1.754733	2.460659	0.975800	0.297255	4.509811	-1.208995	1.513475	0.096116
1.058983	0.144642	0.712461	1.282113	-2.292808	2.677622	3.071477	-1.682973	-1.668255	0.693103
1.077148	1.277173	1.227722	0.106141	-1.772040	1.484592	3.351822	-0.010582	-1.181681	0.633195
1.326576	1.871751	-0.836983	-1.751556	-3.924497	2.541564	1.130746	1.819878	-0.939705	-0.197008
-0.159233	0.488775	1.025447	-4.636779	-4.201780	3.890139	-1.098352	2.495306	-0.123225	2.366593
-1.626180	-2.355353	-1.966490	-3.949431	-5.051189	1.394615	-2.227672	1.147700	1.452155	-0.302903
-4.559564	-0.683835	0.236006	-2.491511	-3.353228	1.888891	-2.062115	0.061161	1.864435	-0.244196
-1.603886	-2.414969	-1.423463	-1.687321	-2.712997	1.233566	-3.103082	-0.841413	4.217715	0.055613
-1.252044	-2.440957	-0.839398	-2.199662	-3.214597	0.908240	-4.915972	-2.319523	0.513994	0.528624
0.829060	-1.277599	0.895000	-1.620134	-2.916930	-0.862588	-3.332487	-2.386069	0.038070	0.521235
-0.554073	-0.478194	2.843933	-4.183439	0.727203	0.643181	-0.609627	-5.197152	-4.103456	-0.911354
-0.496843	0.733458	2.933100	-0.200777	-0.684200	1.447847	-2.775892	-5.928473	-5.489887	-0.573043
-0.830650	1.215957	2.331802	0.165050	-1.999140	1.500509	-1.433583	-5.401432	-4.742321	0.458468
0.173206	1.137502	2.747639	-1.014558	-0.910017	-0.492334	-1.116201	-4.462631	-3.089361	1.790876
-1.440575	-3.015407	0.703210	-0.475202	-2.296535	-5.250782	-1.760246	-5.969969	-4.848007	-0.491517
-0.345893	-6.054768	-2.104683	-1.987583	-4.348692	-8.422037	-3.377919	-4.664748	-2.982059	-2.559313
-0.058347	-6.294783	-3.903742	-3.019303	-2.150392	-12.778098	-2.624419	-4.814868	-3.999718	-5.542111
-2.285738	-7.897551	-3.536664	-3.782062	-2.854335	-11.778966	-2.991848	-3.006629	-4.149184	-5.407314
-1.988866	-6.253372	-7.230151	-3.540760	-3.007423	-7.363542	-2.091706	-3.167632	-4.333459	-7.234820
-0.593030	-0.948445	-5.430901	-2.143599	-0.854856	-4.402427	-3.096094	-3.747778	-3.157743	-4.270331
1.353570	-1.147572	-5.083816	1.038520	0.653164	-0.549820	-0.981912	-2.289766	-4.973736	-4.502147
1.355634	-1.320451	-1.829793	0.025097	1.356135	-0.990523	-0.891461	-1.330398	-0.773339	-2.342569
1.532362	0.342218	-1.688733	2.573130	0.510058	-1.700736	-0.403840	0.207727	-2.626052	-2.054697
-1.338546	0.068734	0.302364	2.826819	3.427930	-0.275759	0.012548	-0.709593	-0.493976	-0.549331
-1.258090	2.387098	-0.287601	2.270963	2.602250	1.952507	2.720805	0.023243	0.617788	-1.324072
-1.509469	2.747511	-1.899928	2.946661	3.101717	0.979762	0.089329	1.152934	0.545841	-1.199821
-1.921484	1.099972	0.895084	3.950513	4.319930	1.124705	0.025019	2.435280	0.437483	1.484323
-1.769434	1.280381	-0.472065	1.765317	4.922889	2.134736	-0.291224	2.348981	-0.261989	1.347459
1.247181	0.835840	-0.343474	0.855473	4.235891	3.478455	0.100799	2.249137	1.925627	3.662385
1.904861	1.678047	0.682756	-0.003321	5.189136	4.920160	0.099988	3.298347	3.996530	3.623003
0.686107	2.314904	-0.514274	0.795436	3.450422	3.696553	-1.482659	4.010410	2.216120	2.817811
0.178117	0.668510	-1.103262	0.102542	1.499349	2.133431	-0.695642	2.536128	4.675395	3.816909
1.741494	1.788867	0.758390	-1.914803	-0.943284	2.244996	0.404839	3.327099	2.250357	2.919097
2.690336	-0.004426	-0.822215	-1.919600	-4.126379	4.063946	-0.388016	2.847624	3.441304	2.435974
0.935145	0.396631	-1.399379	-1.297750	-2.910237	-0.736318	-1.180508	1.966303	4.815137	2.780440
-1.816881	-1.246360	-0.638700	-1.636254	-3.575758	2.300903	-1.915438	3.409335	1.540456	1.904394
-1.615039	2.589799	-0.703677	-2.021012	-4.318944	-0.219392	-4.211206	2.230120	2.031159	-0.673763
-1.306332	1.514711	0.848689	-3.043326	-1.488794	-0.972201	0.131688	4.773059	3.549547	-0.667232
-0.688157	1.966574	2.416100	-3.173695	-1.942012	-0.674127	1.023742	2.901951	2.853020	0.539685
-0.164214	-0.429610	0.625256	-3.990120	-2.328197	-2.173668	2.096357	1.667997	2.379677	1.432290
-0.381205	-0.397742	2.656457	-2.483203	0.005650	-4.147626	2.594633	1.044096	-0.126281	-1.034418
-2.052228	1.669980	1.003304	0.196456	3.014728	0.689500	1.238567	2.861048	0.459345	-2.621140
-0.796882	5.160855	3.190698	1.525858	2.858236	0.725709	1.550762	5.457054	1.024556	-0.866676
-0.911369	3.521584	2.669139	3.111900	3.741573	2.456702	1.921714	3.287814	2.176650	0.106174
-0.567687	2.532268	1.343628	2.469682	4.175139	1.947477	-0.451575	0.531727	3.248328	1.030709
-2.326036	0.698206	3.543766	2.890204	3.235732	3.258936	-0.285305	1.238694	2.067691	2.211629
-1.116216	0.777100	1.439052	1.063865	4.324951	2.527177	0.762821	-1.983285	-0.283863	2.092134
-2.105927	2.870249	1.846289	1.832864	2.558197	1.588201	1.896605	0.565390	0.453167	1.330524
1.523932	-0.254145	-1.593225	2.594901	0.449767	0.444407	1.166545	-0.457381	-0.953619	2.072798
4.677260	-1.041083	-2.381787	3.394176	-2.091838	-1.993904	-0.282659	-1.631797	-0.559321	-0.004445
7.441259	0.048737	-3.902798	-1.006013	-1.810919	-0.394933	-1.696107	2.371642	-1.956040	-0.410504
5.716829	-3.428786	-3.310156	1.321434	-3.249477	1.612820	0.007901	0.939736	0.710026	-1.787379
7.379169	-0.161850	0.583838	0.994617	0.163787	-1.400645	1.312863	2.699185	0.494775	-0.092472
6.242880	1.389044	-0.015913	2.549435	1.725473	-0.219428	0.375380	1.274489	0.106708	1.539019
4.770563	-2.186803	0.716789	1.334488	-0.021120	-2.613829	-0.451948	-0.096150	1.336626	-0.413809
-0.450682	-1.945290	-1.775953	1.498175	-0.097393	0.988053	0.336477	-2.091934	-1.259073	-1.255254
-6.339855	-2.868317	-0.828540	1.115796	2.181654	1.583616	-0.642044	-4.649262	-2.326588	0.554783
-3.597056	-3.193183	-4.039570	-0.301951	1.573321	0.674561	-3.505713	-2.489332	-2.076518	1.305102
0.155816	-2.595088	-3.141943	-1.377864	1.478206	0.286387	-2.841228	-2.288846	-3.726264	0.496103
-0.444238	-1.498031	-3.925658	-0.906145	-2.496190	-0.813704	-0.797691	-3.663802	-2.809325	-0.732016
-1.183419	-0.324211	0.384185	-3.487695	-2.230369	0.939687	-3.021701	-1.738501	-3.827702	-1.030153
0.541273	-0.404929	2.283088	-2.414712	-4.360930	2.483659	-0.484360	-2.088141	-3.407195	1.080390
-0.521559	0.826317	0.726451	-2.089599	-3.684974	1.529014	-2.546367	-2.150223	-1.596002	2.085515
-1.118618	-1.515472	1.635274	-2.695555	-4.563702	2.003651	0.994977	-3.745345	-1.683725	3.819119
-2.238501	-2.497197	1.242259	-0.858180	-1.983914	-0.277131	0.446671	-2.400009	-1.638162	3.699904
-0.781209	-5.306857	1.133406	-0.533176	-2.234010	1.943170	0.124217	-3.907512	-4.146414	3.077169
-1.559341	-4.484951	-4.933583	-0.323041	-0.302291	1.592253	-1.788587	-5.915956	-5.286281	2.642314
-2.420696	-7.222078	-3.889109	-0.900877	-1.855357	0.342018	-1.827641	-4.911638	-3.167061	-0.458862
-1.514076	-3.089838	-5.024270	-2.247284	-0.861008	0.378766	-1.929845	-0.457560	-3.533956	1.800942
-2.547978	-1.217030	-5.795567	-2.348162	-4.015145	1.997696	-3.426300	4.169181	-0.067565	-0.869674
-1.441303	1.810046	-3.767497	-2.798812	-2.976768	1.915509	-2.070905	3.937183	3.345612	0.502088
-2.352550	1.544092	0.144040	-4.011133	-2.634376	1.937005	0.707739	5.136948	3.481176	1.017130
-0.828919	2.268607	0.364445	-3.614326	-3.646371	0.404284	-0.470867	3.628976	3.970927	0.856151
-1.561409	1.902293	3.643917	-1.653191	-0.410252	-0.595955	1.157475	1.910668	4.404765	0.052550
0.615279	3.732649	5.238059	1.753472	0.981981	-0.850310	3.898165	-1.267575	0.884690	0.402128
-3.242753	3.007378	4.479671	3.285763	3.643227	-1.461482	2.486504	-3.336454	1.242602	-0.284715
0.794695	4.993878	4.420154	2.558881	1.536486	-3.311370	0.199292	-6.675568	-1.891998	-2.753580
-3.307876	2.174752	3.719608	-1.282573	-0.558641	-5.694175	-1.006273	-6.682415	-3.423710	-2.634966
0.027333	1.322099	1.470634	-0.826800	-2.778555	-7.294495	-3.851389	-5.027497	-5.022933	-3.487674
-2.142377	0.616321	0.573433	-1.477500	-2.992656	-1.346232	-3.202157	-3.675811	-4.637869	-3.984704
0.281195	1.007318	0.637906	0.819427	0.677356	0.988716	2.134022	-2.842157	-2.802615	-1.757956
-1.030551	2.545491	-1.195946	3.629681	1.531782	0.108549	3.436050	0.871265	2.663428	1.076570
-1.179915	1.805541	1.524178	3.593363	2.352421	3.084866	4.465925	2.702956	3.192260	2.387375
-2.979796	2.499267	3.677977	3.889871	2.865074	2.095069	3.293147	3.002316	3.698182	1.374357
-0.360693	5.335972	4.017354	2.851607	2.755040	3.059056	1.948218	4.090847	4.286594	0.557417
-1.034406	1.670255	2.576809	0.516070	4.693721	3.810830	0.981336	3.347348	3.808096	1.820356
-1.418035	3.023017	1.354942	1.861860	3.846515	2.710789	0.243901	3.033521	3.352289	2.426272
-0.534479	2.772860	1.911154	4.004077	4.970224	2.760734	-0.908886	4.461965	2.915473	0.022766
-0.412538	0.753184	2.299447	2.488022	6.476147	1.880166	1.549575	0.117083	2.536148	2.101038
0.306089	1.330489	0.176221	3.174694	4.905286	1.382884	1.214784	-0.335827	0.365015	1.571088
3.714202	1.004777	1.209877	-0.099506	0.741139	-0.422211	3.416840	-0.710962	0.360673	-0.368985
7.026402	1.786247	1.453616	2.166922	-1.392092	1.109882	2.197644	1.752078	-1.517976	1.181621
7.083589	4.590002	0.707038	2.123677	-2.446407	1.201762	4.596996	3.780493	0.698467	0.168305
7.285063	3.175941	4.913544	0.840961	-1.644606	1.855530	4.959596	2.421884	2.284804	1.623467
3.734726	1.097266	1.503235	0.852574	-0.009888	2.473587	4.731844	3.895552	5.374333	2.453607
4.112578	-0.256523	2.186512	-2.380085	-3.586453	-2.753968	1.813040	0.961597	2.426356	1.055626
-1.827082	-4.517626	-1.324124	-2.328215	-2.769600	-4.922334	0.064285	-1.226879	0.262274	-0.292378
1.142848	-3.539140	-0.383872	-2.126916	-0.725129	-4.490811	-0.630022	-2.044177	-2.481315	-3.584503
2.369468	0.631634	1.365467	-1.171587	-0.203039	-2.464098	-3.585779	-0.930795	-2.407309	-1.887949
3.973179	0.624697	-0.069204	-0.770028	-1.369529	-3.763295	-2.464788	-1.607432	-3.003407	-3.385216
0.843880	-2.211949	0.646515	-1.948439	-1.734400	-1.932001	0.810552	-1.120589	-1.911510	-3.399105
0.752874	-2.140605	-0.217076	-2.637119	-1.819550	-4.621617	-0.076358	-5.135663	-2.249318	-2.636015
-1.451541	-4.167369	-0.883875	1.551332	-2.773279	-4.994941	0.887782	-4.313556	-3.345929	-3.036146
-3.062863	-1.379040	-1.177482	-3.820885	-3.720586	-4.019374	0.569372	-4.368264	-4.537544	-3.321898
-4.867793	-2.477919	-2.478395	-2.782671	-2.623970	-2.557514	-1.373188	-3.202589	-2.290261	-0.797770
-3.196428	-1.388703	-1.120515	-0.619224	-0.292931	2.582838	0.412903	1.493471	-0.429982	-1.875162
-1.619570	0.083008	-0.449540	0.243656	3.022233	2.133182	-1.574156	2.638116	3.570196	1.104225
-1.900317	1.805115	1.623030	-0.222731	3.084722	3.733920	-0.767963	3.414648	5.103271	3.450792
-0.669569	1.086418	-0.480603	0.011517	4.777936	1.733052	-2.794618	-0.342334	3.086545	2.103540
-0.706726	0.646619	0.575860	0.535099	3.633978	3.959878	-0.552421	1.020273	3.781318	2.387068
0.463813	0.108018	0.223822	0.701316	3.711947	2.535498	-0.595871	-0.837732	0.601990	4.091777
-0.916551	-0.904184	0.085682	1.420269	1.725544	0.935814	2.511031	-2.278448	1.287062	0.442667
-0.474918	-2.865386	-1.695059	-2.037042	-0.231029	-0.365975	2.258987	-0.158274	-1.180266	0.575238
-1.596288	-1.642987	-0.976800	-1.259715	-5.200671	-2.067968	-0.484903	-0.364809	-1.911793	1.772590
-0.335459	0.323913	0.688061	-2.584551	-7.888382	-2.556864	-1.561638	2.724848	-2.284420	-0.949475
-1.642033	1.052816	-1.207777	-0.245648	-5.000761	-0.381564	2.023781	4.214598	0.302555	-0.427559
-0.971607	-0.482478	-0.697213	-0.809806	-4.105406	2.282834	0.412955	4.187240	3.303431	-0.687260
-1.545182	0.972332	0.593755	-2.636124	-4.869816	-1.782370	1.674486	3.132676	2.568310	-0.423678
-0.425057	-0.018553	-0.249073	-0.946402	-1.002791	0.947924	1.020873	0.666707	2.685891	-0.315013
0.128669	-2.655832	-1.936697	-2.655638	0.116772	-1.813983	-1.824983	0.547734	1.283675	-1.146765
-1.194105	-5.895804	-1.768915	-1.799731	-0.631028	-2.885490	-3.379381	-4.113143	0.399062	-4.411732
-0.552377	-5.361569	-3.726727	-2.377682	-0.953589	-5.419798	-3.359621	-3.200223	-3.035747	-4.754616
-1.972647	-5.864125	-5.013431	-1.396788	-2.090209	-1.460906	-4.971502	-2.297105	-1.954051	-4.005215
-0.230615	-3.135573	-4.262929	-3.511650	-4.737687	-0.257812	-2.445823	-5.890189	-2.143151	-1.619929
-0.566379	-5.445310	-5.796617	-2.620066	-3.718223	-3.750517	-3.268484	-5.161072	-5.135146	-0.709357
-2.886341	-6.226836	-5.577397	-4.072135	-3.765115	-1.231121	-2.799785	-3.281956	-5.782736	-0.563900
0.390401	-1.492450	-2.047567	-4.066257	-2.990661	-0.674321	-1.916923	-1.831739	-1.912719	-2.883057
0.408048	0.187548	-0.823326	-2.726630	-5.142761	-1.840619	-3.446099	-0.848220	0.009304	-0.056027
-1.550501	1.218260	2.280126	-1.486553	-2.204512	-0.789214	-3.501212	-0.174698	0.855533	-1.348710
-2.379544	1.604686	0.943990	-3.220926	-3.037815	-2.537704	-3.288561	-1.168972	-0.101330	-3.941205
-0.935082	0.228627	2.886867	-3.408748	-2.381666	-3.880590	-2.732545	-2.886343	-1.426386	-3.008612
1.387986	1.020284	3.779657	-2.401017	-2.795166	-3.497271	-2.667064	-0.465409	-2.626533	-3.697531
2.704662	-0.839641	1.023561	-0.474032	-2.549912	0.209253	-1.794216	-0.686668	-0.926972	-2.723061
6.953644	-0.162749	1.813080	0.208107	-0.428203	-0.330016	-2.006902	-0.609221	0.876098	-1.008701
7.025234	3.066062	0.887015	-0.261797	0.421863	0.096821	-2.307519	1.774933	-1.129423	2.093449
6.648431	3.249692	-0.054335	-0.310045	1.087786	0.674066	-2.604868	2.089895	1.819766	-1.387911
4.322438	2.539242	0.164033	-1.037535	-2.048831	0.551018	-0.941847	5.332467	2.391165	-0.186680
2.557453	3.231414	2.658618	-1.387566	-3.954288	-0.048422	-1.299755	2.391648	2.229475	-2.044657
-1.980823	-1.412192	-1.664380	-0.191636	-3.449282	-0.444753	-3.073592	2.758140	1.571997	0.339158
-4.730889	-4.183876	-4.105158	-2.390345	-2.597813	-0.880374	-2.378057	0.914043	-1.477571	-1.042035
-7.100144	-5.576335	-4.237917	-2.032191	-4.036978	1.211614	-3.166748	-3.757242	0.265974	-1.064834
-4.435789	-2.632071	-5.186756	0.365827	2.189824	1.969413	-3.643265	-4.652513	-3.607969	-0.371339
-2.614623	-1.783880	-5.875675	-0.774190	1.548494	0.955222	-1.002006	-2.540171	-3.909799	-0.089450
-1.641345	-1.173564	-3.015272	-0.341441	1.084034	0.407543	-2.393972	2.886285	-2.660915	-0.759666
0.506144	1.537679	-2.094947	0.272876	0.595246	-0.203124	-2.328160	2.404757	-2.076218	-1.498887
2.382346	3.139551	-0.257400	2.997162	0.188331	1.078722	0.196630	3.343644	3.014994	-2.980211
3.155560	4.575250	2.702969	3.656718	1.737991	1.756480	1.364000	3.534349	2.782120	-1.116839
2.465888	2.498880	3.249463	2.315345	2.402728	0.789752	2.582249	2.595471	0.674062	-1.212269
0.793729	-0.750561	0.951380	1.166245	-1.005758	-0.044662	-0.892120	1.945712	2.286619	-1.515901
-1.097816	-1.189770	-1.036077	1.111120	-1.579564	-2.488561	-2.345306	2.261672	2.545792	-2.186035
-2.383447	-0.859147	-0.650610	-1.550930	-3.083889	-1.871845	-3.522609	4.227351	0.850781	-2.843270
-3.045063	0.241708	-0.922717	-1.396803	-3.194730	0.325487	-3.284628	4.518552	1.378688	-1.981705
-2.754664	2.176197	0.563803	-1.214399	0.219713	0.063334	-0.733661	3.682574	2.024012	0.420861
-0.221450	2.895719	1.084149	-1.991314	1.472742	3.134499	1.767893	4.104018	1.858054	1.813428
1.297580	3.004077	4.286523	0.600351	1.429260	2.455180	2.462334	5.579885	3.729214	2.016797
3.000326	-1.443829	-0.378975	-1.333601	-1.271334	1.791580	-0.764635	2.339976	1.315093	2.276568
2.431789	-0.138499	-0.715946	0.337130	-0.976335	0.889497	-0.373115	0.386592	0.945492	0.930542
3.990468	-0.258431	-0.048687	-0.063053	0.166756	2.920433	1.381397	-1.714068	-1.761990	0.347620
6.301964	1.921874	3.327801	2.063850	3.794242	1.061189	0.168501	0.497299	-0.664552	2.422402
3.775278	-0.107181	1.651419	3.058241	2.129924	1.500564	0.229399	0.938892	0.611407	2.299889
3.054510	-0.282398	-0.175334	1.152522	1.949604	2.001959	-0.162009	-0.270687	1.254787	0.857283
-1.280840	-0.237274	0.677545	0.397393	4.793484	1.192875	-3.274620	-2.811837	-2.583712	2.156082
-4.674872	-0.183809	-0.668546	1.403557	2.788865	1.845512	-1.309535	-3.970759	-3.466789	2.452089
-6.248786	-0.085902	0.991795	-1.892785	0.555349	-2.402430	-2.605752	-6.885851	-3.035943	0.928903
-5.064980	-0.197253	2.300168	-2.764332	-1.760262	-4.186149	-1.383069	-3.803013	-5.110674	-2.733375
-4.254155	0.235639	1.647773	-4.206183	-6.313167	-4.331446	1.182115	-3.063543	-3.934682	-2.069243
-0.809410	-0.081226	1.578910	-1.521135	-3.401264	-1.564020	-0.116100	0.494958	1.437234	-4.072801
0.056854	1.723754	2.218581	0.104213	0.727849	1.846330	2.271689	0.143292	0.130875	-0.288549
1.370539	1.047079	1.725884	-1.294138	2.276274	1.978803	2.740781	1.601560	3.927640	0.698314
-1.784456	0.657750	3.199722	-0.252787	4.387111	2.330501	3.406380	1.794461	3.712130	0.780389
-1.311831	2.136267	2.617093	-1.994131	2.971263	1.405323	3.453284	2.604697	1.668846	1.379276
-0.882084	1.485231	2.379099	0.354130	1.038831	-0.150430	3.542697	1.897969	1.646388	3.132376
-0.996917	2.629842	-0.119961	-2.261301	-2.167482	-1.877857	1.935019	1.443676	2.594256	0.348691
-2.090528	-0.182699	0.999114	-3.279924	-4.890677	0.573742	0.074751	-1.656879	-0.191148	0.981119
-1.445718	-0.703790	2.189624	-2.587936	-5.035349	-1.860633	2.369494	-3.541197	-1.614725	2.519963
-1.574386	-2.379033	-1.183231	-2.346737	-7.174700	-2.546981	0.453151	-6.000877	-3.048274	1.309123
-3.095632	-2.380826	0.521351	-2.120824	-1.023025	-0.583902	2.084221	-5.136419	-5.165594	-1.616601
-0.625456	-0.599768	-1.789932	-0.865897	1.249075	0.107904	0.189407	-3.944620	-4.443786	0.274892
-0.213457	1.062741	-0.256279	1.831746	3.076103	2.584438	1.491209	-1.948782	-0.331349	1.873303
-0.799536	2.696701	0.190910	1.912708	4.893160	1.751201	2.737929	-0.210202	-0.389181	-0.166468
-1.442793	1.714313	1.232936	2.996888	2.753547	1.589791	1.069068	-0.657381	0.349816	0.723381
1.248874	-0.381923	1.676998	2.851689	2.247467	0.692211	2.650027	0.707981	1.771044	0.105149
-1.230736	2.797795	0.340997	4.207313	1.441521	0.503960	1.769408	1.192387	1.231104	1.532937
0.038676	-0.074534	0.185233	0.340060	-0.209090	-0.039862	1.604111	1.215336	-0.297206	-0.726654
4.697812	0.778990	1.196206	3.495233	4.135736	2.651046	0.789938	2.064529	2.043417	-0.663323
5.835872	2.815069	0.291116	2.396132	3.412700	4.372784	1.340490	0.926567	1.657572	2.117130
6.777555	3.284203	0.496963	1.588160	4.319103	4.206652	1.212568	1.707650	1.465160	4.893406
4.950662	1.672092	1.915148	2.319118	5.055148	3.094851	0.848374	0.378078	1.614082	2.735305
2.892692	0.586936	0.931170	2.238606	3.210936	1.339881	0.135308	0.735554	0.229537	3.476228
-0.765753	-1.042063	-0.927271	1.330428	4.293667	0.742842	0.134873	-3.062224	0.173126	1.436376
-5.402075	-2.680907	-2.555974	0.523683	2.602144	-5.399065	-1.877532	-4.141054	-1.714550	0.217149
-6.797472	-3.458793	-2.429140	-2.074925	-4.683932	-10.949341	-2.100904	-3.274536	-1.969592	-1.974453
-0.415246	-1.955223	-2.521269	-1.979097	-3.080060	-2.569186	-3.417643	2.622430	-1.088797	-2.856628
3.457105	0.736904	-0.820060	-0.612530	-3.762938	2.663802	-2.115247	3.381046	0.331633	-2.215476
5.486780	2.893589	1.039886	1.267577	2.384634	2.547723	2.291384	4.506312	1.544999	0.972203
5.613080	4.110132	1.118570	4.788526	3.134559	3.852275	4.461753	1.889029	1.946702	1.485610
6.794004	4.141433	3.473490	3.506317	4.609537	3.420161	3.628359	2.117796	1.457643	2.444645
8.037152	2.970692	2.033148	4.001153	2.518670	2.044979	2.589705	3.121215	2.699421	1.791309
7.612024	2.843110	1.194643	5.790535	1.436158	2.652530	2.020592	1.193786	1.119036	0.507103
5.356021	3.144386	0.508274	1.954164	-0.518096	1.882014	1.343420	0.751409	1.476990	1.175127
5.183842	1.185921	2.433543	0.232041	-1.159791	0.313332	-1.080910	2.663685	0.512483	-0.126419
3.802288	0.668616	0.869148	-0.013432	-1.082427	-1.575718	-1.720295	0.424515	-0.538185	-0.817834
1.264358	-3.086030	0.204089	-3.002053	0.984897	-1.564533	-0.652636	-1.298801	-0.749713	-2.253318
-2.290647	-2.449717	-1.619434	0.258279	1.308684	-0.113915	-1.463731	-2.842962	-3.077402	0.789530
-4.795228	-4.426645	-2.948820	-1.437536	0.914734	-1.557564	-2.039979	-4.026669	-3.348250	-0.860490
-4.397285	-4.086713	-3.032471	-1.435395	0.843648	-0.454878	1.139822	-5.735220	-5.659657	0.871523
-2.316917	-1.426221	-1.244186	-2.307797	1.895526	1.213541	0.542171	-6.416016	-4.952624	1.014970
-2.465626	-0.136269	0.059733	0.388159	3.925372	-0.084905	2.035871	-3.659655	-5.218349	1.453049
-1.448310	0.086642	-1.581812	-1.692826	3.375184	1.160182	1.995322	-1.188637	-2.135032	-0.277938
-2.340370	-0.497887	0.995877	-0.135049	5.342865	1.812703	2.451125	-4.347762	-3.274672	2.734310
-0.603306	2.461344	0.629001	2.945289	5.681114	1.765158	4.482782	-1.773329	-2.294971	1.825192
1.875682	3.790435	3.263858	3.014191	5.416534	2.569848	4.566893	1.207361	0.795374	2.430409
0.073294	2.232285	3.519949	5.053757	4.668625	5.833771	5.355259	3.600710	2.256961	3.403262
-0.458571	4.671595	5.021373	4.336489	5.144988	2.321828	3.635282	4.411418	4.636193	0.505550
-1.942111	5.133264	4.412530	5.523288	6.053724	1.770320	2.422461	5.563785	5.905268	3.958674
0.803771	4.755893	3.360419	4.435956	4.882934	1.608245	2.035899	5.395511	3.573988	2.560934
0.079977	3.959381	3.311840	5.943793	3.985518	3.820805	1.504196	4.790997	4.829252	3.124231
-2.336694	1.900828	2.515893	1.463501	3.422177	2.392498	-1.367447	2.635943	3.536361	1.325164
1.379059	-0.521566	0.595076	2.570182	-0.221288	-1.063475	-2.792729	0.803650	-0.283185	0.418935
-0.838866	-4.695000	-3.244910	-0.772865	-4.909075	-4.983914	-3.034650	-1.056082	-1.699585	-1.105358
-1.519768	-6.341277	-3.446366	-2.855538	-9.628686	-8.253319	-3.261108	-4.520653	-2.545339	-2.267313
0.528453	-6.574195	-3.969993	-3.846434	-6.501317	-5.065991	-3.629102	-6.322063	-3.784047	-6.194430
1.181096	-1.016855	-5.479291	-1.588454	-0.982070	-0.092829	-3.202732	-4.893311	-4.422509	-2.174909
-3.947539	2.045943	-2.005661	3.715803	4.228056	3.216966	2.446403	-1.146197	-2.952824	-0.542950
-2.257051	2.021099	0.868197	3.349640	5.289863	2.030995	1.647005	2.733079	1.167808	3.617647
-1.457342	2.289911	2.877282	4.909256	5.136451	2.378657	4.234173	4.089818	2.653187	3.617682
-0.342111	4.326881	3.360393	3.738754	2.748519	2.634051	4.377508	4.900619	3.847813	4.325856
-0.212059	2.912807	4.366030	2.404034	-0.471630	2.924579	3.690012	5.527084	4.108887	3.830568
0.557415	3.909389	3.804592	2.714197	0.206204	2.804839	4.426385	4.599511	4.303910	3.488219
-2.105890	2.864127	2.958079	1.616844	0.575020	2.104032	1.113228	3.488102	2.482680	2.388809
0.930126	-0.514380	2.161189	1.502577	2.630620	1.509258	-1.033159	0.267256	3.714699	-0.260662
-0.935938	-1.538532	-0.456878	1.806096	-0.253897	1.042015	-4.290474	-0.803525	3.212367	-1.485294
-0.719182	-2.827230	-1.347222	-1.963998	-0.520929	0.229005	-5.041218	-4.374144	1.524883	-0.647787
0.477595	-4.787173	-2.970545	-1.817103	-2.584077	-2.295574	-5.886789	-5.540998	-1.191051	-0.402241
-1.965609	-5.038864	-2.823748	-2.121120	-7.214339	-7.368521	-5.734487	-6.024788	-3.790036	-2.276556
-1.998993	-6.011501	-4.006830	-3.671146	-5.558616	-10.585537	-3.501911	-6.676613	-5.318372	-3.051232
-0.678558	-3.544286	-4.612894	-2.238880	-1.578607	-3.290122	-2.840461	-4.243975	-6.094658	-5.202369
0.428996	-2.104019	-2.958939	-1.824123	1.238087	1.354925	-2.219136	0.958129	-3.499094	-1.553367
0.057869	3.572699	0.605133	-0.432173	4.363268	0.627702	3.374365	2.496396	0.419919	-0.031126
0.620660	1.726467	1.796922	3.798672	4.973136	4.220609	2.842642	4.841629	4.037783	-1.139246
-3.166531	1.693685	0.954526	1.786311	2.222090	1.966047	3.177595	4.296025	3.635397	0.880173
-2.414704	2.338653	2.894345	0.393445	2.117932	3.280914	2.569026	4.194087	4.914861	0.877731
-1.211959	3.304969	2.774378	0.909476	1.574061	0.684412	3.724035	3.571413	1.647076	0.378328
-0.954197	2.895733	3.083123	-0.762795	3.176177	1.550238	6.157621	3.311704	1.301142	0.354062
-0.839718	3.635845	3.782981	-1.637668	-0.932319	-2.338806	2.725187	2.509760	2.051258	-0.069264
-1.196823	2.341902	3.793349	-2.938643	-1.944728	0.167178	3.643231	2.843380	-0.114775	0.157148
-0.139011	1.404906	1.294827	-2.302517	-3.894549	-2.793209	1.606955	2.588865	3.554743	1.105198
-1.315384	1.213154	0.389814	-4.614391	-4.653682	-2.542867	1.196760	4.494714	0.568111	-1.303515
-1.151141	0.120947	0.012309	-2.089464	-4.130027	-2.330798	-2.043256	4.316828	-2.055869	-0.594089
-2.679983	0.204383	-1.824289	-1.021434	-3.187683	-2.291701	-3.394191	1.833707	0.391902	-2.899326
0.926990	-2.504439	-1.975682	-3.555002	-3.815952	-1.993977	-5.203044	1.293550	-0.271076	-3.359525
3.955278	-3.150819	-2.044669	-0.170566	1.089667	0.794474	-2.540017	2.064157	0.486397	-2.148387
3.431480	-0.056359	-2.298754	-0.602526	0.336974	2.399552	-1.577707	0.500628	-1.005279	-2.580412
4.450595	2.341842	-2.128535	0.886119	2.948870	4.216857	-1.069715	2.478063	0.288497	1.483100
5.039025	2.662781	0.865284	2.603370	3.677753	2.147787	1.285959	1.958562	4.183423	2.818948
5.527167	3.932859	0.181404	0.077427	2.978424	2.497744	2.219516	4.707224	2.629901	3.824933
7.384022	2.335674	1.741323	1.862292	-0.567016	2.266625	-0.172944	1.503450	5.274529	2.270953
4.159189	1.879824	0.178939	-1.680537	-2.386569	5.099832	-0.727321	1.581839	3.389109	4.572509
7.094868	1.996110	0.322953	1.738144	-3.503335	3.014664	-1.453414	3.935391	3.464840	1.257000
5.218059	4.433631	2.068962	-1.410367	-1.359712	2.406520	0.472577	5.627506	4.956221	4.355627
3.334161	2.332184	0.856665	0.723432	-2.276102	0.314000	1.806451	3.172084	1.167354	0.648888
1.864073	1.867669	0.871161	-0.100559	-1.591805	1.602904	2.850110	-0.706277	2.290037	0.694684
-1.783404	-1.018614	1.688449	1.550660	0.467279	-4.733969	3.520853	-1.149175	0.983171	0.466514
-6.381070	-1.395768	0.823528	-2.161909	-0.838849	-6.284518	0.759180	-4.197412	-1.093244	-2.515023
-7.621528	-3.676793	-1.793404	0.490434	-0.627291	-12.279945	-0.385508	-6.197787	-2.705609	-4.726726
-4.788376	-0.776989	-2.212848	-2.592310	-4.352546	-8.077649	-2.638011	-5.412801	-3.150724	-4.153696
-2.578715	0.090041	-0.314205	-1.779042	-2.898515	-3.704831	2.057671	-2.543954	-2.271688	-3.347234
-2.491146	0.605396	-1.037276	-2.639459	-3.478597	0.051909	2.797237	-0.600748	0.143997	-0.028439
0.736432	0.164276	0.231936	-3.335163	-4.005893	1.913871	2.094389	1.341719	-0.055267	0.460588
-0.883783	-1.000820	-0.154468	-1.015552	-3.139204	-0.642147	3.977526	-0.842954	0.701418	-0.254954
-0.641791	0.560605	-1.282392	-0.196226	0.360772	2.282357	4.132348	-1.752468	-0.588548	-0.573065
-2.261393	1.549152	1.589865	1.769716	0.821732	1.772981	3.249555	-0.230824	-0.857864	0.264055
-0.264087	1.269518	1.607601	1.999973	3.038478	0.258525	3.002848	-1.006921	0.481169	0.328605
-2.597576	-1.200597	1.225015	1.570248	1.450309	2.675689	0.251626	-1.335560	0.877951	1.001985
-3.529959	-1.733295	-0.813796	0.668240	-2.036976	-0.978027	-3.701911	0.391458	-0.140118	-1.102905
-0.305737	-3.731677	-2.229532	-1.929851	-2.337777	-3.056224	-4.050462	-0.806467	-1.203339	-2.959067
-0.909811	-6.792443	-2.527094	-1.126123	-4.728893	-8.541002	-6.531728	-1.961236	-3.459412	-3.122000
-0.584780	-6.879896	-4.540785	-4.318277	-5.456025	-9.523361	-5.124808	-1.434448	-3.321237	-6.279305
-0.352445	-3.326037	-4.097205	-3.490413	-2.647974	-1.943401	-5.182403	-2.961005	-3.552515	-3.358383
-1.239906	-1.066467	-1.532156	-0.391128	0.417260	0.666776	0.139987	0.344092	-2.483945	-2.877133
-1.236865	4.233014	0.152561	3.220176	3.896178	1.082672	3.106462	3.880044	-0.473228	-0.652757
-0.105421	4.679102	1.763244	3.418201	5.362878	3.874885	2.760122	4.197950	3.191435	2.433946
-0.529674	5.087699	3.484591	3.469946	5.876961	2.676215	2.942168	4.115009	3.439845	1.180674
-1.642226	4.080100	4.320402	5.986712	3.579226	2.944663	4.844898	4.762121	5.051101	3.289328
-2.631476	3.890007	1.356375	3.174800	3.614073	3.772027	2.688714	2.026584	2.960802	1.916607
-1.709826	0.518817	2.308509	4.790710	5.316501	2.275708	2.914014	0.676699	2.656449	3.692110
-0.058774	-0.103771	1.664302	2.426043	1.768511	-0.772895	0.635299	-2.525035	2.242240	1.255537
-0.209223	-3.322759	-1.871248	-0.886302	-0.618497	-1.448881	-1.253331	-3.784620	-2.114824	1.748987
-0.561371	-6.031047	-3.802842	-1.615124	-4.034525	-3.747852	-3.644977	-5.098255	-4.658143	-0.622539
0.217579	-7.262738	-6.562081	-2.002622	-2.304173	-1.423407	-6.633039	-5.177741	-4.297920	-1.922943
0.871029	-5.835132	-6.544367	-1.143196	-4.215740	0.309454	-3.490416	-3.417280	-6.403952	-0.885425
1.836977	-3.869630	-3.989001	-1.538645	-4.566427	-0.675570	-4.027409	-2.545771	-5.212442	-2.466086
1.235823	-3.373635	-3.908585	-2.410770	-2.514333	-1.914579	-3.038618	-4.087616	-3.517390	-1.489425
0.742368	-5.663648	-4.031420	-3.059570	-2.419461	-4.447873	-2.227744	-3.089315	-4.861495	-2.694844
0.306109	-6.256169	-2.970008	-1.528144	-4.734109	-2.890752	-2.044986	-4.050168	-4.328459	-3.556843
-1.545252	-6.229701	-4.420951	-1.680693	-4.135377	-3.643816	-5.363544	-5.817578	-3.359482	-3.435822
1.294783	-4.183244	-5.663448	-1.482215	-0.214767	-0.253466	-2.994219	-4.703744	-5.546364	-5.023381
0.347614	0.713099	-1.685104	1.039190	1.414322	3.897898	0.198089	-2.117267	-2.230007	-0.728122
3.935841	3.704928	0.931983	4.598121	4.298690	2.480177	2.489280	2.722852	1.604191	0.076955
3.600564	4.113041	2.838309	4.354180	8.484636	3.832470	1.778554	6.225911	2.992527	2.893950
4.090581	2.914837	4.007973	2.132067	5.210761	2.970276	2.119210	4.049211	4.828002	0.928763
1.811294	0.905214	2.878175	3.800482	1.888163	1.517697	2.164149	3.623451	1.160715	2.984592
-1.671300	-2.293629	0.964712	1.180726	-2.339056	0.605632	0.703970	-1.903871	1.753566	-0.824162
-2.927699	-4.375893	-2.718918	-3.426702	-7.521998	-6.584719	-2.199227	-3.682755	-1.371647	0.169100
-2.742905	-6.939880	-3.665614	-2.869801	-6.757862	-7.837857	-3.348542	-6.800302	-3.036323	-3.195122
2.750482	-1.957691	-4.838480	-2.083769	-0.445448	1.606119	-1.645075	-1.805813	-3.902063	-2.896330
4.401062	1.069072	-2.682116	0.333692	4.041743	2.474809	-1.012527	3.534711	-1.119568	1.229978
4.666835	2.747808	0.743976	1.621084	4.103312	3.664912	1.702702	4.647069	1.206462	0.058100
7.935300	3.964315	0.744194	2.839606	6.641758	4.028829	0.978812	6.344760	4.320726	1.973935
5.339056	2.769093	2.922538	3.177160	5.671781	5.169560	-0.811397	5.829984	4.423923	1.135785
1.189504	3.821840	1.969305	0.316145	5.555482	2.916605	-0.211525	5.470640	5.071954	1.988547
-3.642657	1.873654	2.442295	2.347562	1.870359	4.266963	0.829027	5.878025	5.327416	1.897823
-3.401527	2.191535	0.267705	1.685911	0.237815	0.433335	-0.367741	1.040941	5.012310	0.867110
-8.724307	3.382680	-0.167565	2.343893	-0.564853	0.991422	0.591572	2.333085	2.211036	2.185610
-4.509397	2.897488	1.921383	3.666908	0.400856	0.000922	0.334564	-1.902243	1.137992	0.586121
-2.347797	3.635259	4.602347	2.974657	-0.262457	2.882636	6.080036	-0.490345	0.617177	0.700643
0.128393	2.129690	3.587627	3.604840	2.346808	2.604064	4.069888	-1.710221	0.464292	1.311176
-0.888628	3.388481	3.421820	3.919056	2.721750	2.397107	5.190019	0.586128	-0.095865	3.627120
0.926039	0.706430	3.409825	4.114708	5.551969	2.919964	4.938829	2.009001	0.992706	1.639674
0.306796	1.281635	2.473542	4.043794	2.356367	3.496736	2.879818	-1.148004	0.578104	4.268338
-0.090760	-0.461704	1.955868	1.268516	0.180042	0.897022	4.192085	-0.402086	-0.112471	3.060512
-2.242627	-4.184989	-0.998098	1.048574	-2.592105	0.176823	-1.204968	-2.972849	-0.562520	-0.915805
-0.919907	-4.900821	-3.435656	-1.510031	-2.615573	-1.098460	-3.110544	-3.076791	-0.963945	0.483887
-1.229400	-1.901202	-5.115110	-1.504600	-3.331163	-0.799528	-3.313741	-0.776115	0.011556	0.028587
-0.630405	-0.694733	-1.924059	-1.332132	-1.855475	-0.830681	-0.184960	-0.177621	0.390780	-0.580804
-1.199123	0.671186	1.593795	-3.801026	-2.710407	-3.191418	-0.106601	-2.548510	0.256027	-0.433186
-0.613555	0.869852	3.003750	-3.002182	-3.344060	-1.803338	2.912136	-1.965984	-2.357804	1.740239
-2.125300	-1.932136	1.065405	-2.355300	-2.513534	-1.894343	4.583450	-3.895143	-2.691813	1.810071
0.180840	0.733222	2.628760	-0.441678	0.694472	1.544369	4.020442	-3.924989	-5.114600	2.621312
-1.893333	-1.031176	-0.390088	0.664683	4.567759	3.650298	3.394911	-3.747422	-4.142268	0.188259
-1.150720	-0.399632	-0.187240	-0.649917	3.163425	0.912645	0.305458	-3.125344	-2.857416	2.092814
0.945477	-2.543046	-1.164497	0.884524	2.809073	0.029409	-0.243719	-3.927255	-2.392045	-0.196325
-0.008440	-2.207619	-1.323459	0.517106	2.348602	-0.472010	-1.359918	-2.331357	-2.148555	-0.976757
-1.933172	-3.337554	-2.638629	-2.175271	2.398113	-0.345710	-3.287741	-1.768351	-2.597749	0.413417
-0.167619	-1.173850	-2.287308	-1.673607	0.727206	-1.402191	-2.657187	-4.589738	-0.432025	-1.102702
-1.027081	-2.703309	-2.574897	-0.284300	-2.056219	-4.348353	-1.002056	-0.554418	-2.304386	-2.043915
-1.846259	-2.373833	-4.307396	-1.935950	-3.864760	-6.370396	-3.561749	-0.708293	-1.904831	-4.775022
-1.588253	-1.526721	-3.687308	-1.440957	-4.054918	-3.771320	-3.836965	-0.699765	-2.356862	-6.070823
-0.505463	-4.979977	-5.025832	-0.752321	-1.263291	-1.624923	-2.464904	-2.386433	-2.638278	-3.047818
2.628311	-3.504499	-3.874372	-1.633640	2.227520	1.596995	-1.260367	0.713600	-0.711082	0.932392
3.601168	1.928909	-2.442627	0.887785	5.079617	3.803034	-1.628754	-0.953965	-1.329773	2.243908
6.890109	1.870248	0.568602	3.813155	3.201899	4.582994	1.864435	2.783369	-0.549253	1.501130
4.127434	3.171717	1.093012	2.312272	5.835369	3.844677	5.015101	5.719202	4.854478	2.378257
5.631642	3.553613	1.393904	1.572334	3.474925	4.676382	2.702843	6.374332	5.259420	4.532389
-0.188367	1.960237	2.919576	0.671743	-0.357730	5.839210	4.026261	4.008859	5.185671	3.271627
-1.071893	1.903688	2.660027	1.777900	0.591503	1.983661	2.523055	2.716482	3.894031	1.361071
-3.215137	2.628064	1.203455	2.747404	1.550425	1.225537	1.181626	2.179999	5.764699	2.142020
-4.496997	0.598164	0.309961	0.608957	1.424438	-1.086362	-0.401928	-1.256190	3.543875	0.988074
-2.514375	-0.314912	-0.409857	0.399158	1.469841	-7.418537	0.011095	-4.834587	0.135157	-1.518867
-1.547570	1.169334	-1.390200	-1.209991	0.038636	-7.255585	-0.071306	-2.769993	-1.070255	-3.927002
-0.749883	2.278002	-0.658169	-1.240590	-0.419576	-1.863507	-0.056931	2.023892	-0.946962	-2.633231
-0.416314	2.606591	1.675635	-1.043338	-2.036195	-2.756202	-2.260179	3.100866	-1.314964	-3.233655
0.317938	2.455000	1.409611	-3.147735	-2.233920	-0.142769	-2.159851	2.753629	-0.324563	-4.080974
0.082272	2.227228	2.834058	-1.720081	0.192951	0.875791	-4.563647	4.442979	3.372542	-1.704786
0.252188	2.837674	2.299976	-2.047574	1.649517	-0.119519	-1.394666	2.145715	-0.395851	-1.938893
0.056286	1.873138	3.726263	-0.245914	-1.885920	-1.832500	-0.985309	4.591036	2.109858	-3.108694
3.537566	1.525919	3.393719	-1.417301	0.272142	1.520750	-2.213775	2.632241	1.871067	-0.662789
1.475429	1.014216	1.887243	-0.278933	-2.506698	0.048330	-0.154164	2.593830	-0.093122	1.841422
2.218673	-0.019872	2.097234	-1.998411	-5.270738	1.020842	2.148524	-1.667599	-1.317413	2.014640
4.103399	1.863855	4.902191	-2.006334	-1.410377	2.203086	1.935688	-0.762646	-2.701804	-0.071936
3.237207	1.551596	2.716114	0.934699	-2.292814	2.401563	2.972630	0.601586	-1.709497	2.308494
3.434297	-0.617250	2.372201	-0.509212	-1.746348	0.811173	3.119749	0.237898	-0.270192	1.015732
0.629469	-3.456684	-3.096948	-1.395765	-3.272178	-4.181082	-1.127254	-0.953411	-1.340291	1.496276
-0.466078	-2.871705	-1.178333	-2.500361	-3.237403	-1.742602	-4.752580	-5.691644	-3.323993	-1.544372
-2.471042	-0.919315	-0.214656	-1.154598	-2.910522	-1.934886	-5.202828	-3.858399	-2.692400	-0.179813
-0.577524	-1.048214	1.536683	-2.684177	-2.564933	-4.803234	-4.334098	-2.331879	-3.840111	-1.368147
-2.957025	0.408597	-0.469516	-1.521396	-2.994835	-1.817044	-3.544390	-0.193685	0.275472	0.305628
-1.852543	0.602418	-0.445055	-0.995255	-0.812928	1.248884	-0.932904	1.105283	1.537048	-0.019689
-1.836679	-0.354252	0.211766	-0.259853	3.542591	1.409151	2.326261	0.941825	2.950818	0.889902
-1.162833	-0.396313	-1.906854	0.798310	1.899521	2.485257	3.530605	-0.355362	1.708580	-0.156998
