X1	X2	X3	X4	X5	X6	X7	X8	X9	X10
-1.089123	-3.126519	-5.758731	-2.103134	-1.972440	-8.027099	-2.289192	-4.256664	-2.749623	-4.435092
-3.063623	-4.365014	-4.479655	-4.622654	-4.087846	-4.235375	-3.132786	-3.385137	-1.092597	-2.720250
-4.402573	-4.023351	-5.012746	-2.238009	-1.336822	-0.732847	-0.705042	-1.412005	-0.267126	-0.117628
0.271528	-1.173431	-2.009006	0.422799	1.574033	2.492785	-0.960859	-0.361066	1.021792	1.378372
1.848077	1.374746	1.734765	4.782772	6.401817	1.047118	0.693064	2.065579	3.044855	1.274449
4.199075	1.142776	1.291866	3.608007	5.556832	1.858353	2.566025	1.091232	2.004965	1.984803
3.165421	-0.293040	0.743294	2.155104	3.547676	2.896089	2.615927	3.472594	1.926122	3.502534
2.794714	-0.510805	1.764750	2.908263	3.754251	2.374525	4.542268	-0.686035	-0.709074	2.478040
4.499754	0.133881	1.790632	1.146484	0.873356	0.050259	1.178850	1.027846	0.279079	1.161622
1.484539	-1.199584	0.679040	0.336266	-0.802710	0.873492	5.601573	2.187739	0.290780	-0.688722
-1.271430	0.012398	-0.356829	-1.212393	-2.909145	-0.305577	0.815237	2.518944	-0.841470	-0.592392
-1.491755	0.531526	1.241727	0.046708	-3.578950	-1.792450	0.113743	1.973162	-0.501971	-0.267989
-0.665237	0.158099	-0.629396	-1.499431	-1.553325	-3.030526	0.082090	2.840194	-0.404322	-2.783812
-0.431874	2.897216	-0.743597	0.787288	1.362630	-0.769708	-1.088320	0.971141	0.087977	-0.382764
-3.059470	2.685475	0.969023	2.662966	2.648715	1.175405	1.503312	1.995704	0.591227	0.224556
-0.086123	1.593875	2.340863	2.163101	4.264330	2.224712	3.977988	2.717984	1.481228	0.023647
0.572265	0.785315	1.640923	2.341093	2.849876	2.458912	1.248206	2.775982	0.934380	0.574109
3.397394	1.436195	5.108000	2.680641	-1.293348	2.970404	0.495869	2.359698	3.299784	0.802040
4.787863	2.913611	0.710496	2.604546	-1.924042	2.272687	-1.192025	3.518034	2.128741	1.486541
3.417973	2.119465	2.282109	-1.755293	-2.068905	0.794161	-2.283174	3.417591	1.328850	1.108310
2.167221	0.229954	0.708838	-2.061177	-2.822738	0.376926	-2.308278	2.253970	-0.120287	-1.870852
1.003208	2.433477	0.290983	-1.119407	-3.618441	-0.982620	-2.935936	1.875571	0.530629	-1.883247
-1.542467	2.296434	1.688143	-1.886682	-2.067312	-2.645778	2.378250	1.708596	3.748700	-1.584675
-1.598905	2.252923	1.719618	-1.846104	-0.583553	-0.755148	3.985583	1.754746	1.732524	-0.015936
-2.132805	2.143043	2.450907	-1.860272	-1.209563	1.607070	3.057663	2.337421	2.396204	2.710168
-1.388569	1.426694	1.881110	-2.742687	-2.888143	1.283174	3.788289	0.269623	2.500238	2.526138
-1.531797	1.561374	2.200526	-2.252350	-4.246191	1.727764	-1.216738	-0.646747	-1.817571	1.495872
-1.581489	-0.326617	2.198555	-2.243861	-2.107708	-1.868961	-2.663617	-1.877789	-1.919025	-1.587329
-2.607445	-0.068180	-0.557304	-0.711321	-2.674094	-4.024101	-5.831149	-1.390001	-1.135722	-2.194267
-0.144067	0.190383	1.860350	-1.455929	1.434651	-1.012958	-5.048832	-2.396383	-1.344263	-2.723942
-2.972355	-1.569328	-0.385285	-2.220887	5.097928	0.510069	-2.555166	-1.217333	-2.462747	0.293846
-2.602408	-3.166214	-3.264509	0.604805	3.950536	0.664278	-1.732151	-4.738650	-3.293573	0.090595
-1.665329	-4.949575	-2.276221	-2.889252	1.691876	-1.248731	-1.350187	-4.162534	-3.607141	0.785006
-0.687315	-4.655514	-1.174523	0.308340	-1.280053	-2.706859	-0.768673	-2.254583	-5.011851	-1.241822
-2.212270	-2.877229	-0.129314	-2.144320	-3.937149	-3.992606	-1.845608	-4.506396	-0.510603	-2.148790
-2.002591	0.993978	2.682305	-3.939330	-5.307314	-1.954073	0.552007	-1.029872	0.900005	-2.942199
-0.752181	1.378106	3.767934	-3.030692	-5.924746	-0.073761	3.645773	-2.717411	0.511671	0.007652
-0.488839	1.989155	2.003774	-4.661307	-2.100446	1.896430	4.134091	-0.638911	3.345597	2.038061
-2.303865	2.438024	1.777223	-0.225673	1.916686	4.972198	1.127560	-0.142771	1.945583	2.619428
-1.944560	3.814612	2.126382	-0.081393	4.179251	2.433945	-1.291719	-0.314290	-0.340471	3.547153
-1.020124	0.499419	1.118251	1.700534	4.175349	1.328867	-1.902645	0.171432	-0.722765	0.847434
-0.511258	1.374444	0.309229	1.069708	4.493379	0.147266	-0.113718	-3.068003	-1.002698	0.541772
-2.646361	0.891686	2.525917	2.586628	5.459343	1.385941	1.755762	-1.166394	0.146130	0.979866
-2.346334	2.293546	1.612415	6.023794	4.979139	2.284490	3.739496	-1.278340	3.534319	3.881215
-1.479277	1.655822	2.840022	4.330805	4.999069	3.387214	4.610183	0.113660	1.549970	3.741819
2.037710	3.256815	4.474739	6.308761	4.897933	0.804512	2.212925	-0.344694	3.114083	6.072476
3.617426	3.832423	0.959366	3.883863	5.144230	2.881782	0.465022	0.526501	3.672958	3.256088
4.237971	1.800546	1.562902	4.379908	-0.157439	3.110926	-0.189126	1.343744	0.732295	2.526452
6.012546	1.947584	-1.436251	1.135599	1.273926	2.534641	-1.113519	1.886537	1.002595	-1.629231
4.391550	-1.822564	-0.285094	-1.191767	-1.313175	-0.239373	-3.043256	1.613381	2.008457	-1.858262
4.328182	-0.437198	-1.779227	0.567111	-2.622042	-2.806016	-2.272836	0.698777	-0.617117	-1.136241
3.209844	-0.655318	-2.512750	0.932432	-2.813474	-3.751488	-2.432161	0.053125	-3.439528	-4.356770
-0.999066	2.259975	-0.490562	-0.769904	-3.607172	-2.755892	-0.273928	-1.489872	-0.019376	-3.640648
2.914653	4.101281	-0.758663	1.057704	-0.658934	1.637874	-0.373838	-1.648515	-1.197160	0.682223
6.176800	3.481099	0.610447	1.763354	-0.278362	3.345009	-1.167991	-0.543302	-2.387180	0.754244
4.668576	2.877930	-0.295331	2.136747	1.443745	2.439311	0.453414	2.274667	-2.876637	3.630513
5.035981	-0.344627	-1.734598	0.873882	0.430288	5.088980	-0.882623	-0.128805	-1.892628	1.165531
5.660314	-0.829872	-2.532953	3.692459	-0.283134	1.752116	-1.163902	-0.588919	1.368444	4.047196
1.251775	-1.742505	-1.598095	1.061677	2.038780	0.026419	1.547179	-0.153674	0.182181	2.162108
0.793665	-0.915627	-0.814525	1.688638	3.101130	0.694187	1.108318	-1.728368	-2.494717	0.827867
-0.720517	-2.838038	-0.118442	1.135340	1.391716	-2.576080	-0.316083	-4.147800	-3.389151	-3.370028
-1.188070	-3.549437	-3.266546	0.043583	-0.452462	-3.926283	-1.356925	-1.591470	-3.527119	-3.813978
-2.923295	-3.094226	-3.547235	-0.668033	-3.953304	-6.992922	-2.748507	-1.888176	-3.481822	-4.049883
-0.521690	-3.722304	-3.920711	-0.729108	-4.309709	-4.731397	-4.518728	-1.561819	-0.396760	-6.509243
-2.941358	-1.148070	-6.147372	-2.646643	-3.885077	-3.743810	-2.411489	1.083004	-1.649333	-3.147060
-3.506896	-2.140627	-1.978918	-3.084136	-4.100008	2.275840	-2.021889	0.976293	0.408260	-2.450533
-1.585105	-0.858572	-3.433448	-2.370590	0.445698	1.951751	0.790272	4.182949	-1.044782	1.614237
0.347015	-0.294707	-1.497963	0.381697	3.891041	0.925323	3.500194	1.257073	-1.330258	0.841448
1.123364	-0.314731	1.213640	1.425324	3.562421	2.405456	5.203378	-0.130334	-1.675769	1.484402
0.897443	-0.882845	3.199959	1.127692	3.051839	2.190549	3.489323	1.181829	0.223587	-0.840303
0.535851	0.785152	1.056795	1.662899	1.301295	1.202802	3.801731	1.615562	0.653108	0.807232
-0.992111	1.740759	3.151950	-1.575854	-1.820911	0.594813	2.271801	1.417766	0.834295	-0.991693
-0.137943	3.018277	-1.068177	-2.784368	-4.711579	-1.544617	1.294633	-0.673457	1.731748	0.370822
-1.207644	1.630306	1.025615	-1.561141	-4.435009	-1.016490	-3.711272	2.409593	1.253767	-1.575323
-2.970016	1.027146	-0.620073	-3.503176	-3.429301	-3.319805	-4.545114	3.413317	1.049452	-1.963931
-0.059456	1.919996	-0.611441	-2.513970	-2.135153	-2.181463	-5.037693	3.557716	1.584503	-2.677600
-3.077766	-1.468943	0.125312	-1.920725	-0.426567	-1.888565	-0.269509	0.449690	0.199320	-0.407132
-2.284644	1.142830	-1.275314	-0.545541	0.950758	-2.077212	0.264639	-0.207159	-1.306597	-0.931027
-1.504490	1.747614	1.849183	1.079582	0.747122	-0.735203	2.676351	0.549369	-2.368948	-0.774586
-0.257505	-1.415491	-0.532698	-0.187455	0.825125	-0.948340	5.029726	-2.318225	-1.701833	-0.502309
-2.284388	-2.522485	-0.057656	-0.661553	-1.448432	-2.772222	1.098665	-3.772240	1.201248	1.022204
1.030762	-2.357666	-2.138990	0.631588	-3.182650	-0.389951	-0.403731	-2.604475	2.922995	0.694651
-1.419755	-4.558836	-1.690499	-1.753232	-3.818028	0.552773	-0.290964	-1.027630	2.419808	0.226033
-2.617239	-2.681994	-3.282883	-3.075913	-3.977666	0.170549	0.290169	0.468296	0.097287	0.887248
-0.645789	-3.534139	-3.087842	-3.329054	-3.879864	0.146578	0.539165	-0.787796	1.092332	-0.137303
-2.547806	0.148128	-0.318874	-0.331356	-1.205322	-0.003643	-0.237874	-2.531305	-0.314457	-0.691422
-1.699688	1.310608	2.492022	0.765681	-0.222739	0.758688	1.295552	-1.533831	-1.034280	-0.928708
-0.764735	2.809401	4.004945	3.030957	1.217884	1.452869	1.721543	-1.861373	-1.222738	-0.369163
2.738453	1.557708	3.225696	1.642573	0.840047	1.147200	3.448799	-0.330930	1.983570	3.882514
4.271776	-0.031072	0.760577	1.803627	1.171751	2.296280	2.514820	-0.259102	4.178243	3.066121
2.672436	2.596362	0.674087	2.625821	-2.054104	2.583509	-1.049694	0.718013	4.142282	2.974059
3.201732	0.149310	-0.164172	-0.286545	-2.241017	2.215486	-3.448843	4.235214	4.488586	4.813226
3.698465	-1.717528	0.183300	-1.438772	-2.026790	2.163511	-3.853327	0.446403	1.312256	2.059322
0.429635	-3.724050	-3.422096	-1.373660	-2.301922	-1.906317	-4.483746	-1.373719	-0.438409	1.021947
0.393843	-4.178058	-1.995560	-1.032008	1.300588	-1.365699	-1.469500	0.063647	-2.500410	-4.067500
-3.184910	-2.237750	-2.562290	-1.250117	2.567840	-3.313134	-0.004588	-2.209598	-2.394145	-2.708819
-1.241424	-2.834226	-1.999787	0.415515	3.108133	-0.922723	0.723989	-3.864152	-5.156115	-1.096612
-3.137499	-2.265387	-3.125548	-0.078414	5.031668	-0.765968	0.379431	-3.987516	-2.858021	1.516023
0.084066	-1.623330	-2.294575	-0.028003	5.006745	1.772232	-0.082961	-4.908889	-0.889662	0.022984
-3.511129	-1.689457	-3.481465	1.331247	3.577963	-1.335524	-0.171088	-2.454869	-2.096138	2.035270
-1.958982	0.254334	-2.799919	0.164939	4.330524	0.440564	-1.407751	-2.388157	-0.102850	0.049682
-0.308894	-1.062258	-0.458535	0.997370	0.655527	0.870995	-0.437048	-1.053852	-0.929898	-1.292382
0.941736	-0.529232	2.377487	0.008641	-2.149027	-0.597132	2.383820	0.830546	0.035518	-0.414421
3.676109	1.266313	3.834447	0.446154	-1.100439	1.982883	3.526554	0.536739	-0.329602	2.068963
1.890525	1.857777	2.440547	0.945906	0.344591	2.574140	4.012552	1.427526	-1.344759	1.828971
2.072185	0.415060	2.323088	0.432400	-1.587735	1.270137	1.653614	-2.295291	-1.084452	1.981802
-0.754711	-2.963737	1.084769	-0.315765	-2.905920	0.427175	0.606842	-2.160613	-2.608581	2.855255
-0.933061	-1.538215	-1.400409	-0.935390	1.132639	-2.261847	-0.262166	-1.679038	-2.772647	1.865129
-1.446666	-1.904671	-0.582244	-0.682273	0.846241	-1.440629	-3.746909	-2.877267	0.879150	-1.017674
-2.526025	-1.865507	-0.764937	-0.251815	3.153386	-0.986773	-3.458788	2.337201	2.189610	-3.712357
-1.776337	0.744379	-0.902186	0.622085	3.827474	0.731122	0.091097	3.567167	3.238532	-4.349019
-0.668002	1.338587	-0.001591	3.309327	2.492705	-0.787045	-0.524153	3.385031	0.840818	-3.081861
-2.377819	1.590917	1.150949	0.283611	0.615280	-2.218675	0.147360	1.736094	0.693665	-3.516383
-3.093787	2.220070	0.670835	-0.401764	-3.513102	-1.603168	-0.095363	3.085455	1.547875	-1.997386
-2.770505	0.482146	-0.123934	-1.137095	-6.538740	-1.581524	-0.654522	1.908816	1.198147	-2.593170
-1.030274	-1.057354	-3.062156	-3.382984	-4.082835	-3.337345	-2.934618	2.984477	1.357280	-3.162436
-1.717992	-0.197929	-3.316530	-2.316531	-2.530585	-2.159630	-3.301650	4.952938	2.286175	-0.893983
-1.548459	-1.133180	0.467844	-2.944934	-3.199392	-2.851180	-2.408320	3.216999	-1.246568	-2.621713
-1.833573	-0.419106	-0.432934	-1.497894	-1.196355	-2.581895	-2.653827	3.354062	1.671649	-2.575026
-0.980536	-1.874706	-0.791562	-3.000511	-1.518774	-2.278376	-0.962071	2.771125	1.336528	-4.730222
-1.938545	-3.771481	-3.436541	-3.303084	0.223251	-1.050224	-2.427053	2.189991	2.556368	-1.671702
-0.427400	-1.340228	-3.440669	-1.467213	-1.372480	-0.427839	-2.194173	0.109058	1.444768	-2.290465
0.279099	-2.867148	-4.772947	-3.012697	-1.787866	-0.832021	-0.483832	0.009728	0.668429	-0.403313
1.544653	-1.478241	-2.824673	-0.136338	-2.168808	-0.019671	-0.186428	-0.415200	0.584849	-0.186445
1.383264	-1.625606	-1.938346	-1.924833	0.535895	1.155011	-0.488064	-1.068925	3.278630	-0.433763
0.824331	-1.770642	-3.552767	-1.514784	-1.534058	0.132424	-0.924738	0.653454	3.437971	-0.538266
1.310255	0.112451	-1.821635	-0.606889	-2.873066	2.520467	-1.605752	0.825635	2.207571	0.539245
-1.758163	-2.174026	0.436452	-2.437848	-2.434329	-0.521759	-2.416306	-1.221679	-0.597069	1.224771
-1.784123	-1.334274	1.013192	-2.831562	-3.278647	-0.542055	-1.608799	-1.393189	-2.296350	4.037709
-0.514323	-1.777590	-0.880613	-2.613130	-4.665720	-0.535721	-2.267733	-2.662995	-4.342372	0.482761
-1.355263	-4.057176	-2.420362	-3.072751	-0.912748	-0.581858	-1.140807	-2.340097	-6.067536	2.422426
-3.262243	-0.670630	0.562345	-1.168026	-2.081231	-1.151667	1.688277	-1.688093	-1.973940	-0.156596
-1.879962	-0.577852	1.317608	-3.702853	-4.093768	-2.621848	2.159021	-1.495985	-1.223987	-0.518906
-2.243618	-0.699542	2.772427	-1.717033	-3.029959	-1.015201	3.443922	1.031228	-2.640475	-2.086204
-1.552012	-0.674199	2.480504	-3.591266	-1.707106	-1.552826	4.492282	0.639347	-1.854705	0.577510
-1.488643	0.211078	1.010339	-0.090850	-0.059706	-1.143525	4.769499	1.262371	0.219822	-0.799565
-1.766209	1.282490	2.698932	2.765313	-0.342360	0.295403	4.890873	-0.344099	1.094607	1.912672
-3.156911	1.720435	2.095184	3.244726	1.093531	1.700857	4.077404	-0.339663	3.707050	1.884020
-1.982348	2.426916	1.747995	2.794487	1.686469	1.351937	4.561091	-0.880022	3.840349	1.428778
-0.157618	1.871632	2.131065	0.143398	1.032553	4.618443	1.940735	1.482026	4.458606	1.758547
-1.525122	4.306784	1.784795	1.206259	-0.626016	1.969373	1.371934	2.873280	4.945119	2.402226
-2.117258	4.207673	0.557786	2.715469	0.628861	1.971528	-0.460512	6.394341	5.612089	0.179216
0.015173	3.065399	1.144337	2.390830	3.414685	2.031008	3.792697	2.698508	3.617415	0.464015
-2.250726	3.868562	2.515749	2.888042	3.379356	3.176111	4.181860	2.460981	3.709097	2.589924
-2.970057	0.706263	0.704423	1.454505	5.386574	4.413538	4.735377	4.418361	4.350236	2.116143
-0.128417	0.917603	-0.047342	0.469919	4.292239	3.284788	2.916047	0.935948	2.463030	3.604871
1.200094	2.645081	1.511756	1.964786	4.302252	2.760662	0.743771	2.254541	0.502379	2.407709
0.560476	-0.049301	4.064516	0.154504	4.457312	3.266458	0.416147	0.565141	-1.342616	3.072156
2.070730	1.641657	1.607139	1.690975	2.761120	0.021976	-2.767625	-0.898551	-3.864255	-2.169989
0.079956	-1.695044	0.378324	1.511200	4.215576	-0.818483	-0.867046	-0.378638	-2.530040	-2.083924
-0.281844	-2.710805	0.542174	2.528978	0.869181	-3.001721	-0.984616	-1.196917	-2.978170	-0.615351
-0.014869	-3.695425	-2.366814	0.382010	1.190434	-4.707137	-0.695234	-4.038989	-2.598046	-4.792169
-0.475121	-3.834502	-3.439137	-1.484904	1.121036	-5.007532	-1.086803	-4.109255	-0.433766	-3.912078
-1.491697	-3.286138	-3.516596	-0.691963	3.058086	-1.455706	-0.214322	-2.057513	-0.485633	-3.113278
1.477603	-0.803630	-2.797491	-0.725767	0.804486	0.407041	-1.074792	-2.404665	-2.681845	-0.178070
2.219880	-1.323380	-2.394921	1.642184	2.442736	0.316608	-0.882914	-1.472410	-1.017204	1.652846
1.011534	-0.872385	-0.601987	0.025492	-0.199065	-0.490904	-0.330287	0.036551	1.059991	-0.647229
3.092465	-0.687547	-2.011987	1.661556	0.163284	0.571704	-1.952512	0.695520	1.525440	0.815505
4.037375	2.791836	0.120478	1.146977	2.109883	3.361931	-0.853291	2.625394	1.572643	0.926447
5.029964	1.875364	1.132708	0.488156	1.518933	5.333278	-0.446722	3.292876	2.421598	2.550597
4.891233	2.315437	0.821605	0.900892	2.335734	3.222745	1.410192	4.263263	2.722207	1.933957
4.803982	1.122757	0.501866	1.866787	-0.507414	3.326031	-0.779148	6.191257	2.494369	1.205524
5.237813	0.639122	-0.140206	2.298441	-0.557411	4.551337	-2.298743	2.421058	0.893283	1.981601
2.881924	1.347735	-0.643912	0.869553	-2.781956	3.101461	0.144707	3.758464	-0.000850	3.913586
3.383718	3.375795	2.407048	0.586826	-1.866948	4.246005	-1.420799	0.425276	0.803770	4.301881
2.479095	2.431802	1.958875	-0.927041	-3.632988	1.023667	0.231038	4.227794	-2.792658	1.218184
0.686154	2.928058	2.001768	1.296052	-0.695075	0.860648	-0.299981	-1.984482	-3.257534	3.182897
0.220098	3.371462	3.175228	-1.042093	2.357491	-2.345153	-2.180158	-0.554753	-4.093658	-1.725582
0.728826	3.391615	1.325754	0.415523	4.221511	-0.641634	-0.968093	-1.600619	-1.889130	-1.350350
-2.049760	1.449717	1.143147	1.310002	3.297684	-1.251098	-1.353687	-4.921379	-2.764450	-1.535509
0.588439	2.762469	2.919207	0.271443	1.608313	-2.930043	-0.275639	-1.569335	-0.666519	-2.833658
-0.516676	3.438671	3.212733	-0.628552	-0.173304	-1.689469	1.688549	-1.028086	-2.640936	-0.908398
0.168896	1.413624	3.493427	-2.748684	-0.750765	-1.433177	0.746076	-0.519732	-3.081301	1.379574
-0.174045	2.349427	2.739888	-2.487451	-3.149370	-0.812867	-0.307856	0.869226	-1.625016	-0.257445
-1.320198	-0.960518	2.689216	-2.830954	-2.548619	-3.384938	-1.530450	-1.643612	-4.047579	-2.878552
-2.040463	-0.393611	4.133810	-2.994791	-2.815212	-5.302290	-3.137205	-1.149046	-2.616191	-4.292148
-3.124638	-1.476952	2.774672	-3.802962	-2.478547	-5.103124	-5.078723	1.028923	-1.902753	-5.330133
0.659175	-1.144840	0.831001	-2.094066	-1.877724	-3.854540	-2.931902	2.152195	-0.749463	-4.850607
-0.547421	-0.567476	-1.253503	-1.303104	-2.316643	-1.820937	-3.482246	2.910871	1.553177	-4.812468
1.763874	-1.202758	-2.286439	-0.891274	-1.509603	-1.113215	-1.225452	1.802449	-0.288233	0.328884
2.836259	-0.051287	-0.401209	1.607425	-0.652103	-0.263874	-0.333423	1.784830	-0.106892	-2.008652
3.962036	0.196339	-2.040112	2.251792	1.525356	1.070886	1.456342	0.194712	-0.485401	-1.323875
-0.877895	-0.110182	0.851753	4.465828	0.859976	1.762865	2.270242	0.514697	0.476141	0.892416
-0.519034	1.607353	0.077184	1.648434	0.886057	1.580663	1.647876	0.314383	2.174132	-0.278680
-0.294179	1.538342	2.006482	1.484711	-0.271200	-2.275519	1.037744	0.463370	-0.978727	-0.261460
-1.603531	1.202788	3.272947	-0.578241	-1.353794	-2.312882	1.573246	-1.661842	-2.137735	-2.148526
-0.182689	-0.077212	2.821379	-2.003822	-3.990326	-2.573124	4.296081	-1.199154	-5.197494	-1.984577
-4.101952	-2.024455	3.311278	-3.112930	-1.564193	-3.589746	4.546749	-1.825666	-5.061604	-2.389811
-0.738921	-3.300641	-0.870657	-1.915465	-3.812797	-4.724748	4.427248	-5.598778	-3.091663	-2.652930
-0.757194	-1.701571	-1.515624	-3.577727	-1.575735	-4.536730	0.151680	-5.182890	-3.341073	-0.986531
-0.894971	-4.050843	-1.992926	0.639986	-1.118107	-3.238690	-1.852658	-2.164104	-1.911134	-4.587815
0.726848	-1.978858	-2.452661	-1.881427	-1.014213	-2.823529	-0.636064	-1.788719	-1.140446	-3.392481
-1.230636	-1.571815	-2.957529	-0.548465	0.849548	-3.447847	-2.212740	-1.709536	-1.599008	-1.861228
-1.345722	-2.596514	-4.991932	-0.775026	-1.990522	-4.563742	-1.395386	-3.950356	-1.905621	-5.006156
-0.650411	-1.593555	-2.410968	-2.154311	-1.639924	-4.549415	-2.023702	-2.729178	-2.222986	-4.668164
-1.851302	-5.424037	-2.842138	-2.610518	-3.358657	-4.828866	-0.931989	-2.922403	-1.425401	-3.847752
-2.919795	-5.107459	-4.911642	-2.398348	-2.816318	-4.308093	-1.508447	-4.296932	-5.599867	-1.285819
-0.716488	-3.072423	-3.961080	-0.930399	-3.678909	-1.883897	-0.706577	-3.830865	-5.376285	-1.880163
-0.678583	-1.340326	-0.012453	-0.314871	-1.193828	-0.540277	2.835821	-2.388302	-0.461954	3.133214
-0.821177	0.490830	0.356340	0.413038	-0.523674	1.254967	4.203947	-3.391645	-2.551574	2.170615
-2.099771	0.401447	1.316599	0.695826	0.049054	1.187637	4.035800	-2.140493	-1.298746	1.788540
2.456435	0.060624	3.965222	2.058796	4.783656	-0.272768	3.115581	-1.780247	0.469531	1.811190
4.311342	3.511762	2.343211	4.062748	4.924734	2.480652	3.325488	0.210192	0.207456	2.997865
1.360851	3.572261	4.802266	4.299083	5.560288	4.798699	0.817721	1.059025	2.593329	3.120666
3.015061	3.186721	4.291385	6.416201	6.616820	5.350773	2.632481	1.954950	3.836750	4.395895
4.074473	4.508943	3.756068	5.397302	5.527830	3.832175	2.757766	1.394667	3.259320	4.594751
2.663088	0.294127	0.673717	4.549589	4.554219	3.518005	0.974277	2.811475	3.210838	4.336736
1.998606	0.847973	0.931830	2.896661	-0.481612	3.130064	-0.386387	1.538974	-0.614396	3.769150
-0.275574	-3.435618	-2.548393	0.020218	-3.241962	-0.902648	-2.592226	0.542364	-5.419783	-1.345505
-1.393349	-8.013347	-4.307851	-1.692037	-5.273230	-1.475030	-4.233540	-2.463057	-1.543421	-2.836228
-1.287421	-9.313312	-5.086445	-4.298105	-9.027814	-6.904981	-2.695930	-4.295989	1.045788	-9.907520
-3.291289	-5.248815	-5.894776	-2.143785	-5.950215	-8.930100	-2.226796	-4.008032	0.186945	-8.881678
-2.747552	-2.255554	-2.826242	-3.340177	-0.149930	-3.712588	-2.210838	-0.491786	3.084650	-4.200602
-1.395010	0.462870	-1.800545	-3.873878	1.724541	-0.871242	-0.843555	2.619446	5.382602	-0.919691
-1.257663	2.657359	0.584216	-1.860090	0.571599	1.667237	-3.191150	1.607965	5.373801	-1.158645
-0.769811	4.810012	1.180640	-3.406610	-0.112555	2.700451	-0.073221	3.624571	3.951148	0.849239
-1.756753	2.633328	0.405927	-0.656739	1.662781	0.075900	-0.923968	3.222262	0.578543	-0.179439
-0.647388	0.352310	-0.189823	-0.552975	-3.940992	0.541985	-1.913393	2.918438	1.646685	-1.220378
-2.082518	3.179556	2.716991	0.154581	0.247526	0.056906	0.319606	2.837598	2.642773	-0.546577
1.166860	3.419268	0.979467	1.789632	1.857937	-0.491034	-0.151773	4.183242	1.338409	0.745165
2.403344	-0.096756	0.835606	1.941277	0.386141	3.341064	1.746871	3.284570	2.322792	1.768549
1.870836	1.234387	-0.958493	1.375117	1.283641	4.857702	1.866038	2.971379	4.516122	0.572977
4.343035	0.549294	-0.499929	2.484554	-1.740063	2.881880	-1.565672	4.131070	3.822699	2.909049
2.965542	0.380768	-1.053103	0.690087	-0.169570	3.614499	-2.034860	3.170543	3.553823	2.972366
2.615857	-1.350192	-1.832215	-0.375583	-5.104478	3.945861	-1.521326	1.101795	5.780293	1.677430
2.452480	-0.704487	-1.367064	-0.330654	-4.780287	1.315866	-2.795869	3.154028	2.703510	3.922241
1.801512	0.661686	-1.107952	-1.415827	-1.050395	3.862515	-1.765690	3.875839	2.796574	1.376102
1.810553	1.945625	-0.168778	-1.024799	-1.223301	3.669409	-1.165988	3.932628	3.184884	0.047212
4.793003	1.674630	0.422958	2.456128	-1.139703	1.653450	0.531636	4.399296	3.866841	0.712474
3.749762	2.495903	-1.170145	1.056657	-2.478701	0.662838	-0.343618	4.736040	3.107544	2.080488
4.358830	2.263643	-1.270486	1.230187	0.723306	2.559474	0.083551	5.319160	1.986493	3.933155
2.846709	2.481950	-0.786265	0.543520	-0.210779	2.645760	0.230142	4.202556	1.360389	3.028277
2.948097	-0.014575	-1.989084	-0.230243	0.330444	0.217496	0.425156	3.103726	-0.577269	3.355655
2.884995	-3.100633	-0.241041	-2.061503	-3.244324	-0.653017	1.664893	1.243371	-2.181982	0.890391
0.366904	-2.540523	0.027663	-1.985858	-0.341081	-0.701676	0.149653	-0.881611	-4.967748	-0.388715
0.060724	-3.512845	0.911128	-2.718607	-1.053826	-6.437882	0.277135	-3.144921	-5.448268	-1.294362
-3.794646	-0.572399	0.979954	-2.335351	-2.622358	-3.112533	-0.352159	-2.382659	-6.359143	0.427253
-2.142105	-2.170684	0.657140	-3.812887	-1.626576	0.112373	-3.410231	-3.086826	-2.618171	0.312330
-1.592453	-1.778801	-1.875312	-1.984516	-1.207278	3.111236	-3.580879	-4.014923	0.170845	0.955670
-2.962990	-1.802550	-3.418804	-1.306137	-1.408463	2.292257	-2.887103	-3.195450	1.852408	1.759075
-1.658615	-2.044529	-1.463435	-1.900848	-1.885830	3.731538	-3.474904	-1.462008	2.268816	2.266147
-1.419828	-2.045340	-2.911705	-2.661550	-1.705577	0.561480	-2.340881	-1.013999	0.828269	0.510285
-1.272330	-3.598382	-0.894914	-2.407542	-1.427203	-1.191215	-1.562434	-3.793622	-2.195132	0.578393
-1.677420	-1.935255	0.351536	-2.609222	-1.781308	-3.869148	-0.957262	-3.247379	-4.003288	-3.258930
-0.287398	-2.888559	1.763148	-1.330290	-2.546889	-7.306915	-3.061866	-2.692670	-4.274799	-5.793281
-2.193964	-0.856493	2.211920	-2.515146	-1.941146	-9.404516	-2.569345	-1.747097	-2.246565	-9.993360
0.736983	0.838043	-1.564847	0.826511	-0.407076	-6.198750	-1.094999	-2.389559	-1.231086	-4.638964
-0.324158	-0.841252	-1.288854	1.354182	0.356120	-3.397815	-2.895027	-0.528759	0.828438	-1.773693
-0.938786	-2.211478	-1.682801	-0.114532	-1.666755	-1.974911	-0.538930	0.095905	-0.370393	-0.627146
-1.176202	-1.996433	-1.284187	-1.065231	0.318799	0.320666	-2.271106	0.886330	-1.812879	-3.912220
-2.906905	0.796382	-1.698212	-1.798313	-0.610415	-3.035986	0.283844	-0.100885	-2.805721	-1.934015
-3.471395	-0.578534	-1.785677	-1.621680	0.314603	-3.586963	-2.556879	-1.829039	-1.904318	-2.664629
-0.786973	2.428721	-0.519881	0.221071	1.948154	-4.274465	-0.792875	-2.352534	-3.663970	-7.019661
-0.672937	4.969646	2.641276	-0.149660	3.608940	-2.881490	-1.530744	-1.329670	-0.453878	-3.607810
-1.542688	5.493342	4.651993	2.973428	5.179661	2.205863	1.963516	0.021251	3.947558	-0.727873
-0.660426	5.068408	4.245370	3.178135	5.647320	4.380996	3.421404	1.669529	4.521238	0.583649
-0.926651	5.897545	4.269609	5.147961	3.854818	3.850909	3.661420	2.891564	2.648163	1.804660
0.175337	2.164852	3.370008	5.322708	3.482955	3.108805	2.533966	4.251353	3.337832	3.060859
-3.147962	1.223131	1.707969	3.542377	1.673833	0.597485	0.710442	4.919497	3.220544	1.802049
-1.706047	-0.330320	-0.245710	4.514867	-2.544547	-0.114150	-0.843753	4.441494	0.202901	0.029630
-4.061419	-1.920300	-2.680928	-1.544521	-4.117684	-4.242599	-2.911916	2.542744	-0.417599	-1.622696
-2.521977	-4.037409	-3.067584	-2.823785	-5.251876	-6.309259	-2.844849	1.881947	-0.845555	-5.845627
-1.123622	-4.168746	-3.404680	-3.680726	-0.658322	-6.620530	-0.437950	0.023400	-2.319367	-6.490862
-2.257954	-0.781112	0.261887	-0.667243	1.527478	-2.857610	4.155281	-1.723596	-0.483635	-2.256900
-3.511872	1.717093	-0.876886	0.614665	3.735427	1.583903	5.119345	-1.093043	1.080740	1.208461
-0.147277	-0.364331	0.628104	2.981998	1.763724	1.602909	3.617241	-3.490640	1.348658	4.212721
-0.568469	2.636917	1.044955	3.875057	0.674272	4.020211	3.590972	-3.010890	-0.203380	4.828083
-2.024247	3.759537	1.713268	1.701542	-1.387528	3.285510	-1.422663	-2.956293	0.117825	3.559847
-1.178613	2.801029	1.157043	1.971255	1.951323	2.191807	-1.096763	-0.853349	0.044174	2.941016
-2.689064	1.888392	0.514680	0.042595	4.083329	2.019004	-3.725228	-1.375059	-1.729735	0.740089
-3.836703	2.744027	-0.163020	0.286863	5.861489	0.473402	-2.086657	-0.000625	0.344100	1.213270
-1.054329	1.790034	0.144043	-1.753440	3.454906	-0.790097	-1.378649	-1.660647	0.258178	0.875558
-2.142741	0.353413	0.545668	-2.126414	0.524579	-2.105992	1.746896	-0.163325	-1.415701	1.140656
-1.461341	-0.655436	-1.940944	-3.421459	-2.429590	-2.158281	-0.322721	-0.059061	-3.637537	0.185865
-2.978428	-3.350812	-2.913893	-2.553473	-5.942000	-6.214662	-0.701199	-1.898255	-3.665031	-1.381915
0.766398	-2.712117	-3.517578	-2.623257	-6.921951	-4.691735	-0.276839	-3.350309	-2.353181	-0.138681
0.143037	-5.669249	-2.465099	-1.836810	-4.411740	-1.848798	-4.614138	-1.350622	-1.730189	-0.737132
-2.285812	-1.391308	-3.388357	-2.642632	-2.933967	-1.239749	-3.467097	-3.204796	-3.334854	-0.094468
0.078352	-2.881495	-2.094651	-2.927821	-2.893031	-1.140887	-1.715315	-3.076531	-2.754776	-1.229887
-3.068672	-0.641010	-5.318580	-2.458578	-1.018332	-1.962010	-2.284192	-1.221628	-1.725455	0.161013
-1.563183	-2.876151	-1.257945	-0.217602	2.589532	-1.233617	-0.718125	-2.551788	0.067908	-2.353267
-0.439383	-2.095520	-1.908745	1.368907	1.393662	-2.036106	-1.097216	-0.930512	-0.375686	-1.901026
0.505330	0.090183	-2.580080	-0.435050	4.206558	0.362724	-2.031363	-2.381700	1.026362	-1.003263
1.189054	-0.702440	-0.468549	2.296126	3.908922	2.115274	0.481335	0.492347	2.178854	0.675023
1.393389	-0.548390	-1.250153	1.112738	4.010854	2.580347	0.341479	0.168728	-1.049513	1.898234
2.193136	0.524333	0.632609	1.502284	5.514855	2.597143	-1.094032	1.197343	1.537264	5.190972
2.732095	3.033529	1.700538	2.505865	3.306726	3.397664	-0.611196	1.028591	-1.191218	2.589636
3.923364	1.954899	0.506133	1.772882	0.255167	3.840212	-0.958713	1.796770	-0.866356	2.403128
5.734144	2.450241	1.105495	0.366834	-2.230520	2.742788	0.078918	2.098182	-1.500152	2.872350
3.942035	1.223158	0.391824	1.309923	-5.248335	0.488693	0.789299	0.611924	1.060394	0.765803
4.910936	1.339048	-0.102379	1.614149	-3.280977	-0.953872	-0.446571	1.478296	-0.607116	-0.992312
4.363347	0.097311	2.493685	-0.614989	1.437654	-1.383604	0.941309	1.514097	0.972216	-1.929395
1.797268	1.249748	-1.535182	2.459810	4.136159	0.198898	1.243041	1.032528	1.256790	-1.811843
4.092699	-0.527140	-0.454680	2.207447	5.537839	0.910735	-0.641176	1.265486	0.598208	-0.082156
4.424539	0.740245	-0.477510	0.964621	2.034395	1.498909	-1.434139	1.910372	0.434068	0.367667
4.532989	1.257704	0.434630	0.427234	2.071226	-0.743180	-1.138850	1.335885	0.868471	-1.075472
2.274347	1.727038	2.534740	1.164885	1.945434	1.440671	0.039694	2.646425	-0.663384	0.609827
2.026614	1.702245	1.266319	-0.166426	2.209419	-0.152938	1.061292	-0.312410	-0.090495	-1.015834
0.088189	1.407828	-0.850231	1.173601	5.277582	-1.145605	0.027747	0.845980	2.487937	-0.128755
0.392172	0.350985	-0.296109	2.061368	5.354223	0.463572	-0.545843	-1.785405	0.115312	-2.198134
3.494163	-0.316984	-0.076017	3.126674	4.872642	1.185094	-0.832575	1.703433	2.983530	-1.124770
3.464061	1.857123	0.456147	2.165319	3.918341	3.295662	1.763751	0.412395	2.067792	2.603037
3.925066	0.611604	-0.010017	0.466903	3.927318	2.876377	0.046336	2.464381	-0.949603	2.204989
3.567978	2.713560	1.353192	0.564028	-1.715424	3.182642	1.888380	-0.517112	1.994245	1.124087
1.768297	-0.449008	0.938373	2.540491	-1.192686	0.921156	2.772485	1.846817	-0.383763	3.177231
0.694821	0.193099	0.762629	0.270895	-2.565668	1.364322	0.975550	0.300568	1.261773	0.357822
-0.107749	0.433282	1.389058	0.613639	-1.714269	-0.415659	1.785277	-0.143761	-0.979147	1.786662
-1.944014	-0.757359	1.386361	-0.088577	1.258711	3.347713	-1.481433	-1.680269	-2.101523	-1.075549
-1.524374	1.749375	2.975939	-2.312452	3.335673	0.884741	1.783321	-0.778557	-2.567754	2.074791
-3.145029	-0.693015	2.590693	-1.716487	2.617616	2.670625	2.696238	-1.621325	-1.139141	2.334581
-2.126980	-0.038028	1.420922	1.942818	4.514341	2.376267	4.082620	-1.270575	3.358216	2.246524
-0.401728	1.010435	3.090327	1.283564	2.215948	2.736069	4.634468	-0.682506	3.471119	1.334219
-2.530672	2.061375	2.253209	4.077850	1.728637	2.371730	3.021882	-0.700918	3.453266	3.004167
-1.368713	2.770491	2.946168	4.220278	3.771208	3.108253	3.057263	-0.788513	3.103359	3.012470
-1.705051	3.026685	5.250705	5.630345	4.899462	1.860738	4.845712	-0.071190	1.688297	4.194228
1.273012	4.523956	4.205321	5.684654	5.142198	2.528987	5.794130	1.656349	3.381581	3.679142
3.603177	2.668604	3.310814	5.635204	5.800416	3.982301	2.815617	2.736806	2.024911	3.106413
2.593843	-0.385070	2.742088	3.667194	2.098018	0.579681	3.272874	0.972779	-1.861913	1.270741
5.043110	-0.606166	-0.744960	0.166125	-0.916399	-0.049872	-2.363098	-0.384831	-3.187790	1.055427
1.172378	-1.505084	0.912274	-2.887103	-6.666133	-0.392456	0.057001	-0.539726	-3.984320	2.864772
-0.993755	-4.179424	2.204288	-3.936190	-9.895284	-3.942972	1.354873	-2.719905	-4.161503	2.022076
-1.338489	-3.076685	2.957883	-4.757936	-5.109954	-1.729816	1.991817	-1.216669	-4.467539	1.445040
0.005377	-3.449467	0.194960	-4.629442	-2.587741	-1.287890	2.023736	-3.380618	-3.644127	1.324165
-3.909759	-2.091969	-1.647580	-1.644606	-1.401046	0.074410	-0.315772	-3.722351	-2.081966	1.775851
1.145403	-1.808793	-1.772538	-2.614430	-2.795369	-0.058918	0.071196	-1.414570	0.465342	1.882899
1.237062	1.244964	0.072388	2.993686	2.478090	2.219530	-0.723161	-0.509075	0.523600	2.707710
0.356918	1.720700	1.728099	4.120643	3.485630	3.341453	0.579459	-0.036565	0.497107	4.191283
1.235071	-0.516383	1.203394	2.502841	3.751452	3.246952	-1.132744	-1.661441	2.273064	2.784720
0.319719	0.422814	-0.031526	3.635178	3.741354	1.099329	-0.588970	-0.048703	0.354170	2.989422
1.902163	0.893393	-0.678260	2.838857	5.003238	0.801585	-1.188716	1.045949	0.701028	4.074387
-1.272498	-1.762247	-0.899408	0.319975	3.537801	1.911519	-1.524084	-0.676985	0.071836	0.796818
-1.032165	-1.493206	-3.003568	-1.450866	0.474745	1.389934	-1.515672	-1.454106	0.760395	-1.023285
0.290163	-3.982382	-3.481941	-1.824768	-3.030131	1.415631	-2.862280	-0.568012	-3.177393	-0.678022
-1.381017	-4.872576	-5.069725	-2.494529	-4.488128	-1.786791	-1.995207	-2.588905	-4.657330	-3.179994
-0.461804	-3.459288	-3.844621	-3.409651	-5.014546	-2.486130	-4.078252	-2.352184	-2.825613	-6.167098
2.575702	-2.482416	-4.015828	-2.696033	-2.427686	-2.239585	-1.530715	0.746650	-0.005743	-2.344035
4.216200	-0.508660	-1.469044	-1.828076	0.574553	1.506444	-0.711495	0.554399	-0.260120	-0.378504
2.976588	0.873479	-0.828970	-0.608479	0.557269	1.388459	-0.662091	0.438961	1.120459	-0.627005
2.318167	1.090503	-1.635104	1.057557	0.940763	2.114259	0.306396	-0.278063	-0.644408	0.299462
1.880937	0.466912	-0.279546	2.052632	-0.416867	2.355147	-0.623532	-2.448974	-1.307619	-1.221003
-2.006404	-0.196794	-1.869596	0.681946	-1.222821	2.112022	-2.352175	-0.560170	-2.654175	-0.057298
-1.471556	-2.304715	-2.726853	-3.596502	-2.086499	0.985186	-3.799832	0.096148	0.191027	0.459776
-0.739519	-3.518249	-3.657016	-2.857010	-2.661503	1.381639	-1.354503	-2.601320	2.216886	-0.191881
-1.711095	-2.291296	-3.178884	-1.855881	-2.779432	-2.489619	-2.528487	0.179027	1.112003	-0.547968
-1.493383	-1.748157	-0.386757	-2.197513	1.001613	-1.331086	-3.496584	-0.371112	3.615579	-0.873085
-0.688884	-0.717129	0.235665	-2.260407	1.077631	0.442438	-1.431893	0.758264	1.886214	-1.486932
-2.429898	-2.119014	-0.801416	0.470537	2.637322	-2.209946	-0.745814	-1.393245	-0.433991	-1.175608
-2.415627	-3.151010	-2.306500	-2.250381	0.753384	-1.429838	-2.179346	-1.948038	-2.940235	-2.512313
-2.748371	-3.258616	-2.227586	-2.099862	-2.564682	0.082963	-2.205688	-2.276116	-2.554218	-4.272648
-0.743330	-1.964033	-3.205374	-2.401005	-2.392878	-1.821643	-2.893441	-1.161478	-1.980538	-3.720612
0.709095	0.323940	-1.521062	1.503989	-0.763705	-3.028655	-0.601204	-0.471024	0.290104	-2.860705
1.893004	2.919905	0.850349	1.464720	2.580738	2.712229	1.928524	-0.034353	4.456311	-0.604627
4.238696	2.546061	4.106061	3.897687	6.071349	4.060107	4.697643	0.364835	2.825781	1.076423
2.388370	2.558009	2.509473	5.038992	6.619627	3.532681	1.535454	2.142340	3.741318	3.086244
1.911727	2.504250	3.211388	5.981033	7.797872	3.863351	1.916157	2.250563	3.225820	3.185836
1.322265	2.701984	0.673505	4.033710	3.136883	2.446717	1.666752	0.521904	1.213589	1.328500
-1.340816	2.142412	0.787326	4.981923	1.431059	0.083281	1.402540	-1.172137	0.778326	1.206436
-0.742416	1.334935	1.876150	3.628872	0.369199	1.985142	-0.624479	-0.095959	-0.315768	1.427343
-1.122537	1.983254	-1.332621	2.070257	-1.579497	-0.920699	-1.804305	-1.050861	-1.488893	-1.782578
-2.710778	-1.214832	0.104813	0.808378	-3.388931	0.346659	-1.710137	-0.329843	-3.279447	-1.576127
0.133861	-1.059521	-1.257047	-2.347166	-2.871403	-1.727885	-3.351874	-1.383404	-3.916330	-1.048305
1.659877	-0.101213	-3.800799	-3.139175	-2.979614	1.569171	-1.434717	-1.994745	-1.124340	-1.284412
2.482972	-1.090806	-1.767545	-1.812449	2.212434	2.518425	1.114034	0.298037	-1.519377	2.416654
3.567244	-0.274601	-1.711282	-0.876188	3.057342	-0.510620	3.247781	-0.529760	-0.625540	1.158490
1.170994	0.748804	-2.491210	0.162708	3.002108	0.660534	0.197524	0.993267	-0.997327	0.646999
-0.255580	-2.803790	-0.050329	0.424539	1.704231	0.320489	0.501562	-2.397083	-2.898639	-0.510122
-2.086078	-4.813583	-2.257437	0.029304	-0.476389	-4.228255	-1.546604	-2.569909	-4.335472	-1.563571
-2.113400	-4.156875	-2.281635	-1.211797	-2.541154	-5.066698	-0.797774	-1.635710	-5.523528	-5.499649
-1.168447	-4.184463	-0.152120	-3.194463	-4.581465	-8.455740	2.232153	-3.419386	-5.298904	-3.926056
-1.701719	-2.924548	1.662907	-5.036895	-5.272422	-3.340681	3.829476	-3.138735	-3.438600	-3.877192
-2.347516	0.394171	3.044648	-2.709094	-4.549226	-0.244020	1.967696	-2.993157	-4.140314	-0.690157
-2.563240	2.138696	3.690002	-1.394558	1.051521	0.308643	4.176614	-2.124351	-3.241145	2.669749
-0.523489	2.170627	3.071672	-1.001989	3.720219	3.087907	5.276629	-1.716316	-0.860493	4.325125
-3.159065	2.988965	4.691957	-0.396586	4.842367	2.730674	3.420541	0.293547	-0.871155	3.721272
-1.882468	1.719711	2.200958	-0.581850	3.459863	3.655544	-0.160749	0.998841	-0.179732	4.198288
-2.445199	0.406565	1.378476	-2.259881	0.601007	0.277416	-1.385641	-1.205234	-3.470921	2.127275
-0.941957	-2.464370	0.496712	-0.704778	-2.551102	-3.725410	-0.851536	-0.841176	-2.671722	-2.827769
-2.926944	-0.619095	-1.047433	1.197959	-2.094565	-4.322933	1.036568	-2.624586	2.425066	-1.956343
-1.765858	-0.399308	-1.204659	3.322128	0.409417	-1.599053	1.555470	-1.118363	3.139846	-2.594648
-0.811502	1.519591	0.273635	2.850731	1.616543	0.065930	0.471871	0.417596	2.982617	-0.882183
-2.875374	0.919604	-0.212350	2.353567	0.137111	3.190517	-0.352431	-0.805810	2.744882	-0.716550
-2.907775	2.192332	0.527287	0.971535	0.471922	-0.147194	0.394667	0.349121	3.793342	0.911952
-2.135706	1.892375	1.138546	0.390437	-0.642426	-0.519602	-0.505938	0.713589	2.278597	-0.003278
-1.822866	2.982034	-0.794372	1.107572	-1.199435	0.284393	-2.239743	0.150496	0.001350	-0.504739
-3.146557	0.675011	-1.077666	0.405140	-2.702604	-2.731809	-2.767350	-0.684257	-1.689700	-1.908732
-1.396677	-2.607993	0.102765	-0.728858	-1.346135	-0.786707	0.207341	-1.948770	-3.610749	0.385242
-3.037328	-3.826877	0.163721	-3.449224	-4.438529	-0.532302	2.418432	-1.447141	-4.456797	0.894583
-2.604209	-2.228641	0.975304	-1.828257	-3.205787	1.475505	1.339921	-2.168969	-2.583443	2.377292
-1.756920	1.127217	1.980014	-4.734956	-2.251610	2.609916	2.251908	-1.213553	-1.284485	3.059267
-1.254362	2.194698	1.005351	-3.711222	-2.691499	2.197530	1.897094	-0.041292	0.226578	3.920909
-1.497835	1.998303	1.681717	-1.152355	-1.721854	3.738147	1.057579	-0.469484	-0.226153	3.546017
-2.523639	2.096533	-0.975987	-3.978954	-2.166177	2.442866	-1.441837	2.595071	1.574125	2.731590
-1.267874	1.802389	0.634238	-3.099820	-2.017168	3.207189	0.002945	1.966874	0.180111	1.805630
-3.162239	-1.287428	1.193995	-1.874152	-1.876929	2.077614	2.744825	1.839828	-0.962191	3.279335
-2.298936	2.763184	0.814083	2.053049	-1.483560	1.693741	5.913304	-0.356468	3.801218	3.520604
-1.400363	2.460226	5.186304	3.194485	2.212737	0.726872	5.606381	-0.728411	2.679342	2.986938
-0.858922	1.532599	2.901259	1.912855	1.956163	2.206404	3.975956	-0.009801	3.535080	3.757237
-1.685511	0.349204	0.981647	1.250758	-0.103485	1.530239	1.117130	-0.811636	3.568335	2.395299
-2.027931	-1.180858	-1.870630	0.387397	-0.916207	0.237475	1.015901	0.528984	2.579608	0.163325
-2.914682	-3.776386	-1.231371	-1.087030	-1.880104	0.426414	-3.258730	1.878063	4.419800	-0.812386
-0.705064	-3.065978	-2.798475	-0.826122	-0.929776	0.653254	-4.419564	1.157000	3.867113	-1.809233
0.911424	-1.642333	-1.429643	-1.216779	-3.314425	1.323396	-0.435900	1.697497	3.502449	1.425581
1.759482	-1.734250	-0.781172	-3.687700	-1.956952	1.911139	2.315562	3.617155	3.685108	0.282958
3.617610	-0.361828	0.169638	-0.025586	-1.051856	2.077483	3.856020	2.499576	3.084994	2.239797
2.557307	2.855835	0.477087	-1.806136	-1.655440	2.304729	3.686776	-0.070939	0.866406	2.207398
2.418175	0.755440	-0.147323	-0.437650	0.507596	-0.047525	-1.269972	1.058512	-1.104054	0.487760
2.134514	0.091987	-2.925892	-1.134727	-1.861948	-2.670879	-2.537324	-0.412870	-0.610783	-3.502618
-0.694677	0.570580	-0.674419	-1.764167	-2.396474	-7.416132	-3.524679	-0.370285	-0.102880	-6.497735
1.996104	3.059518	1.456797	-2.655470	-2.873681	-4.075386	-4.771639	2.640971	1.228855	-6.675691
-0.494844	4.059303	0.841656	-0.821935	-1.516672	-0.915039	-4.099702	5.282798	3.822226	-3.631088
0.540280	3.442136	2.809660	-1.522762	-0.158246	1.277207	-1.618470	4.926497	3.547833	-2.407126
0.856676	2.615118	1.812508	-2.921351	0.595195	1.565552	-2.485543	4.199871	2.289177	0.272196
-1.829755	2.218752	2.983303	-1.764700	-1.378849	0.517497	-3.718921	4.797020	2.357461	-1.059224
2.161687	2.463538	-0.280155	-1.601711	-0.294279	-1.492760	-1.470604	3.266946	-1.080113	-1.130685
2.111503	0.009877	-1.708966	-0.821982	-2.924295	-2.177119	-3.934093	2.149851	-2.546945	-1.737489
4.084092	-0.445028	-3.295729	0.138488	-1.161398	0.180721	-1.719888	1.191136	-1.818333	-0.760834
3.648957	-1.984278	-3.666443	-0.310802	0.160911	2.242958	-3.877290	1.688902	2.069425	1.082778
3.687396	-2.733370	-1.181007	0.550749	-1.411868	1.089993	-0.758398	1.828552	1.919730	2.076546
2.201512	-3.987103	0.722180	-3.023157	-1.815336	0.795825	-2.669913	1.239586	-1.427715	3.040272
0.785904	-2.197876	0.253618	-1.536622	-0.031194	-0.563746	-1.742935	-0.042693	-0.932210	-0.937546
-0.968628	-2.374287	2.055208	-3.755543	2.261458	-1.196620	-1.214965	-1.717485	-1.420452	-2.674909
-2.182181	0.894665	1.899351	2.026078	3.246920	-0.304898	0.603197	0.030213	1.008759	-2.590715
-2.960656	4.984881	2.773048	3.820044	3.351090	-0.120580	0.238650	-1.240298	2.005226	-0.267867
-2.074252	2.731863	2.921899	6.164355	4.466169	1.648234	1.482095	0.381384	0.711750	0.968937
-1.955969	4.345012	0.233606	4.121611	4.288556	0.654443	1.556730	-0.809540	-0.837367	-0.961605
0.305996	-0.114071	0.975268	1.478313	3.563450	0.099147	-0.361244	-1.312669	1.515876	-0.229792
-1.882758	0.701316	-0.292213	4.149262	-0.000649	-0.133955	1.081672	-0.937800	2.449181	-0.503025
0.287070	1.213874	0.520563	0.734358	3.043758	-0.790362	2.536977	0.020469	3.740650	1.311995
-1.649018	3.286805	3.055997	3.091302	1.966272	2.055925	5.964271	-0.755863	3.101784	4.099869
-1.310023	4.235110	4.416891	2.529294	1.554091	4.124605	2.265354	0.811508	5.101284	4.447295
-0.124442	4.225390	3.169944	4.297337	2.459815	3.710579	1.705025	1.986983	3.613753	0.938475
-2.455176	4.075847	0.913057	2.874029	1.429044	0.226145	-1.081217	1.545664	1.585792	1.009707
-1.695522	2.675582	-0.595569	1.724473	-0.930522	0.379504	-2.805871	0.050752	-0.161397	-2.966409
-0.100781	1.414997	-3.415733	-1.840732	-3.259283	-3.896945	-3.321638	0.441149	-3.412913	-5.874773
1.376450	0.815392	-1.146634	1.230716	-1.057641	-1.942803	-2.624120	-1.342944	0.067746	-3.287686
1.645470	0.394669	-0.218273	0.553317	-0.403095	-2.517969	-1.394015	-1.385724	0.710081	-0.933547
5.239282	0.304830	-0.621347	-0.520627	-0.578345	2.693456	-0.353125	0.738409	-2.015106	-0.472457
1.193486	-2.368424	-2.560057	0.781384	0.945507	-1.426928	0.230550	-1.846342	-2.396313	-2.065417
0.843584	-3.304891	-3.589202	-1.116449	-0.681537	-2.818123	-3.076091	-1.914375	-2.280340	-4.830526
-0.778024	-1.286371	-2.079780	0.675375	1.173022	-3.069527	-1.736749	-0.720590	-0.776283	-2.245485
-0.733036	-2.752662	-2.453892	0.841556	1.426783	0.111558	1.475777	0.495016	-0.143342	0.823206
1.717949	-1.861363	-1.552137	1.484696	0.631747	1.157532	-1.779614	0.123144	1.768184	4.641847
1.902733	3.218628	0.859886	1.086296	2.015214	4.517595	3.782576	0.909397	2.323798	2.889937
3.226516	3.362812	1.557178	5.344957	0.282283	4.473346	3.283948	1.775474	3.310901	3.561676
3.468701	3.674391	4.726039	4.255579	3.387254	2.909285	1.783902	3.220780	3.773794	1.532264
3.981487	3.465865	2.407170	6.396363	3.510727	2.922012	2.873835	1.581314	3.192680	1.828101
4.522378	3.463637	4.620372	5.702011	2.606002	2.289225	3.765949	1.456679	4.770358	2.699386
2.994274	1.594807	3.704944	2.666424	1.209179	2.628126	3.324042	1.918976	2.982132	4.226020
1.677376	-0.194824	3.550889	1.580902	-0.661941	1.212512	3.072413	0.892408	0.827802	3.848701
0.979687	-0.029553	-0.203494	-0.854254	-1.572160	1.156685	0.658563	-1.599425	-1.754429	1.120731
-0.105293	0.296320	1.140295	-0.587742	-2.694176	-2.562657	1.321290	-2.658320	-5.730262	2.860108
-1.242062	0.046496	4.239559	-3.385461	-2.360090	-5.378014	1.276894	-4.896876	-6.208793	-1.594868
-1.044718	-1.448422	3.017097	-1.800211	-1.931802	-4.158886	1.082474	-5.147991	-4.132222	-3.247196
1.170640	-0.242535	0.901509	1.336310	0.452589	-0.196273	0.720730	-1.181664	1.678252	1.116023
0.813614	2.007160	2.054797	3.261803	3.696782	5.523923	0.436761	-0.434293	1.966832	2.300988
2.255805	2.012464	1.009660	4.984669	2.878877	5.818803	2.493467	-0.247975	1.103519	4.653300
3.319915	-0.758922	1.589700	3.818108	3.241776	5.185366	2.966346	0.395589	1.840913	4.821059
5.795646	0.206402	1.067717	2.739023	1.840677	2.302512	2.467598	0.714303	0.498917	3.594964
4.214300	2.063940	-0.097288	4.483314	1.738982	1.230540	0.980223	-0.183332	0.830232	1.848816
2.253478	3.006291	-0.576716	2.671083	2.121289	0.036650	0.054120	1.353186	0.973959	-0.150787
2.125881	-0.378944	-1.273665	2.480230	0.995501	-2.228058	-3.180912	0.744557	-3.751501	-2.004644
0.633113	-3.680362	-3.524335	1.678857	1.562816	-6.313286	-1.606473	-0.629616	-3.608345	-2.257755
-1.237426	-4.229263	-1.401425	-3.934936	-0.641965	-6.735732	-3.362865	-2.965631	-4.931174	-4.071220
-2.166434	-2.808546	-1.122535	-2.494447	-1.450041	-7.651898	-4.808087	-1.956287	-3.811885	-4.914840
-1.847809	-5.117909	-3.045265	-2.856974	-3.210013	-4.834084	-2.086941	-2.436582	-4.330877	-4.037114
-2.117449	-4.045952	-3.570714	-3.210118	-2.015479	-5.476491	-3.985127	-2.505015	-4.727150	-7.280444
-0.035252	-4.585373	-4.417082	-2.666075	-1.782841	-3.175618	-0.907546	-2.860684	-1.895101	-5.167128
-0.320116	-3.612771	-3.066168	-1.968746	0.389903	-2.559767	-2.737198	-1.484787	-1.866330	-5.499466
-0.071240	-2.413945	-2.977971	-3.994730	-0.696846	-1.567037	-3.877584	-1.374524	-0.587234	-1.441060
0.361379	-0.742294	-2.012592	-1.288424	2.484110	0.649971	0.050794	-0.276891	1.473886	0.744490
-0.647257	-0.731817	-0.018730	-1.317528	-0.371326	2.292456	1.214137	3.798812	5.207232	4.981686
-2.222347	2.640887	-0.466585	0.107559	-1.302656	2.824119	2.346144	2.294388	3.720805	4.072627
-3.105589	2.436319	-1.325756	-0.495361	0.819322	3.118358	-0.788687	3.653436	3.821207	4.804112
-2.911180	1.982281	2.297158	-2.365087	-2.206792	1.413374	-1.394555	3.679760	2.467438	3.507441
-1.071518	1.652873	3.072956	-1.646819	-2.553997	1.471766	-1.505562	3.425361	5.940800	1.540115
-2.785502	1.000396	2.304139	-1.520254	-2.941093	3.048233	0.453592	3.627840	3.828594	2.649734
-2.202529	0.370051	0.592807	-1.587191	-1.928880	2.252776	1.283407	4.469799	2.788520	0.930897
-1.651198	-0.826461	1.503260	-1.936530	-1.971957	2.157693	1.754480	3.632840	-0.011520	2.152104
-1.557605	-0.133839	-1.031901	-1.999470	-0.700624	1.188185	1.141912	0.449163	1.734076	0.174056
0.469150	0.460919	-1.931276	-3.365008	-1.762180	0.851551	0.047302	1.964671	-1.618893	-0.666648
2.254670	0.608312	0.412836	-1.034944	-0.879724	1.926691	-1.641351	-0.540135	1.082975	-0.194808
2.816058	1.056642	-1.095366	-0.359377	-0.546856	1.098604	-3.582748	3.992146	2.172981	-0.232824
5.540014	2.410409	2.379319	1.226195	0.937024	3.268690	0.373911	3.188717	1.610325	0.545605
1.515743	5.190715	1.066391	0.399773	-0.105882	-0.517752	3.023425	3.862878	-0.283690	-0.287322
-0.600656	3.405661	1.210951	-1.698442	-0.891775	0.067778	2.622793	2.940931	-2.803265	0.048395
-0.670678	1.199746	1.174798	-1.694749	-1.961554	-3.981019	1.152914	0.689877	-3.034599	-1.480744
-1.129522	-1.357728	-0.783568	-2.038447	-1.262918	-5.083246	0.298487	-0.019181	-5.655189	-1.087939
-1.075886	-4.039360	-2.918345	-2.420534	-1.283167	-4.881202	-2.247287	-2.596143	-4.076537	-3.827689
-0.388368	-3.566849	-4.178235	-2.507010	0.025801	-3.289787	-4.493711	-1.839608	-1.557241	-4.950096
3.112636	-0.844296	-1.007937	-1.111072	1.535985	-1.773801	-1.826684	-2.578072	-0.914700	-5.278458
1.627926	-2.029298	-1.986950	0.371779	4.126587	0.766054	-2.010208	-1.819337	-1.188413	-3.089576
0.347505	-2.285857	-2.495675	1.699445	2.036606	-0.877522	-1.906784	-3.737698	-1.462079	1.467150
0.529476	-2.425670	-1.141911	0.320928	3.164244	0.524471	1.422889	-3.446757	-3.406599	0.521821
-0.050260	-2.723337	-1.206759	-1.243372	-0.820100	1.263533	0.833908	-2.428210	-0.878070	2.830935
-2.137400	-3.916658	-1.444118	-0.236153	-1.446823	1.658463	1.600274	-1.216857	0.168606	0.554994
-2.479141	-1.833631	-0.672788	-0.457915	-3.007926	0.119662	3.696885	-2.656596	0.127332	0.096798
-4.655982	0.826443	0.969730	-0.421456	-3.822808	0.759127	3.534841	-1.877326	-0.187692	0.547745
-2.197220	0.852565	1.606437	-1.331776	0.178432	-0.659640	2.669440	0.010754	3.553535	1.307337
-2.403053	2.073936	3.860233	1.938128	3.144695	0.364259	2.153883	-1.473354	-2.310188	-0.620826
-1.725079	0.565556	1.220618	3.140755	1.396680	-0.687675	1.587768	-1.993048	-0.036758	1.019055
