X1	X2	X3	X4	X5	X6	X7	X8
-1.889884	-5.092303	-3.017508	-4.761739	-4.255124	-1.966166	0.016663	-2.626407
-1.190395	-3.962029	-2.177385	-1.294511	-3.262188	-0.272414	0.151992	-1.244156
0.263264	-2.354529	0.670102	-2.043962	-2.551595	-0.551009	-0.062983	-2.547004
-0.051107	1.388097	2.173953	0.577309	-1.481244	-0.665447	-0.678263	1.694847
-1.773710	0.867748	1.419867	0.507503	-1.140337	1.997072	-2.794152	0.071996
-0.289645	1.788124	5.251243	2.233319	-1.443873	0.787850	-4.234552	3.716643
0.212288	3.773425	4.079183	2.211160	-0.666952	1.158388	-3.786767	0.881388
2.012387	2.620151	1.480284	3.735426	-1.903777	0.723089	-2.158698	0.445129
-0.481147	1.497302	1.382148	-0.234083	-2.086446	1.244354	-4.539250	-0.754335
-0.426715	0.188277	-0.800426	-1.270566	0.298040	0.241084	-2.365724	-1.735404
-0.577318	0.649977	-1.537338	-0.410922	-1.586120	0.251982	-1.319224	-1.683779
-0.821655	0.504401	-3.860089	-1.941850	2.286974	0.120847	0.420848	-1.257161
-2.549129	1.540150	0.088821	1.018450	3.831221	3.013483	-2.931212	-0.685551
-1.529738	1.363522	1.044492	2.915379	2.076922	5.299191	-4.536106	-0.496049
-0.503184	2.335818	2.234923	3.856939	3.286375	4.438172	-5.345137	-2.651857
-1.112666	3.789137	-0.573685	3.795529	4.222881	2.139228	-0.169508	0.325225
1.693414	5.971580	0.961366	2.944350	3.812638	0.434860	5.230877	1.470796
3.343156	5.001746	-0.151023	2.967404	3.684147	-2.056130	6.206316	3.386455
5.522360	2.291035	2.654748	2.707991	3.826906	-0.738140	6.739106	2.205901
3.171125	4.495047	-0.777523	-1.320288	0.215316	-1.001970	5.919044	2.009634
3.114651	0.810082	0.410365	-0.208133	1.132576	-0.154117	4.222026	-0.206248
2.857438	-1.167961	0.149011	0.836459	-2.063114	1.499120	1.177450	-2.110045
4.403285	-1.568581	-1.411784	0.926586	0.248245	0.664742	-1.931287	-3.973359
2.064092	0.633322	-2.411822	1.033351	0.494153	-0.252349	-3.107088	-3.565590
-1.024641	2.166946	1.861797	1.932054	2.146509	-1.101752	-2.393458	-2.207539
-1.906116	2.165393	0.928473	0.876497	2.117213	-0.143564	-3.374998	-1.490307
-2.292031	1.936262	1.701806	2.628679	1.723064	1.355714	-3.431912	0.521405
-2.315989	0.338452	1.957896	1.996202	3.359263	1.022686	-2.918702	-0.679704
-0.778888	-0.822036	-0.223359	1.307067	0.392608	0.523251	-4.883573	-1.105335
0.234371	-3.448502	-2.693258	0.999674	-4.150501	-2.654588	-0.960227	-2.830788
-1.411313	-5.895747	-4.958502	-1.959375	-2.508164	-3.704330	-2.082968	-2.714265
-1.036039	-4.465271	0.748010	-1.911180	-0.926682	-0.973974	1.916702	-3.975167
-0.973509	-1.247273	0.544576	-2.823740	-0.373056	-1.236118	2.959880	-0.796394
0.523378	0.764645	0.785696	-0.775553	2.536115	-0.004561	3.447361	-2.185148
-0.235778	0.876585	0.410770	-2.006519	2.743130	-0.684102	2.292443	2.161771
-0.278078	1.391345	-0.550603	-1.744137	1.514189	-1.217939	1.187523	3.382261
-1.340323	-3.948574	-3.656322	-3.631305	-0.740110	-2.558671	1.394497	1.931423
0.744389	-3.371872	-3.415288	-1.817824	-3.371166	-1.822796	-1.181637	1.817753
-0.348644	-4.842749	-4.857901	-3.288092	-4.604080	-4.117814	-0.536484	3.378653
3.065378	-3.051806	-4.741263	-2.193708	-3.922452	-0.172722	-1.401745	3.666620
2.047255	0.136958	0.337628	-1.309671	-3.134284	0.481779	0.730274	0.197554
0.771487	2.558742	0.743770	0.115020	-0.575574	-0.373608	-1.379727	3.864254
-0.381826	0.316646	2.413063	0.365366	0.778576	2.019518	-2.780954	3.290019
-1.929485	-1.449729	0.080407	0.857668	-1.748535	0.193358	-2.702109	2.276547
-1.844289	-3.704184	0.290602	-0.206674	-1.380506	-0.373987	-1.146095	2.074339
-1.506539	-5.133819	-0.455353	-2.411558	-3.318139	-0.578416	3.652884	-3.381408
-1.553936	-3.405133	1.306242	-0.768783	-2.117833	0.578273	2.166226	-3.370494
0.470422	-2.875828	2.556986	-1.330848	-1.606889	-2.108919	3.926626	-0.440619
-2.583366	-3.649902	2.794280	3.051247	-1.629007	0.524609	3.648082	-0.506486
-1.458701	-3.089356	2.932623	1.866805	-0.510389	1.091758	1.651090	0.901305
-0.428982	-1.515690	0.123915	2.086725	-0.334334	0.163629	-0.730052	-0.330646
-0.282010	-2.357904	-1.206145	1.473809	-2.192943	-0.056677	-0.985348	-1.917942
-0.303985	-3.072597	-3.026457	0.886357	-0.964916	-2.746159	-0.131002	0.226018
0.394594	-2.960071	-2.022021	-1.691028	-0.096754	-4.699914	3.080484	0.487331
-0.673074	-2.640524	-2.346138	-3.059747	-3.392558	-3.066044	2.449606	-0.586202
2.296211	-2.455057	-1.353607	-3.738197	-0.128727	-2.532246	5.155161	-0.074283
2.947749	-1.855270	-1.883729	-5.829679	-0.453063	-3.289119	3.868846	-2.488313
1.453440	-0.781862	-1.329904	-2.750992	-2.456565	-2.474363	0.570657	-2.824793
1.699883	0.795466	-1.245733	-2.414433	-4.430435	-1.386476	0.050592	-2.672424
0.081580	3.014615	0.909285	-0.033202	0.846328	0.713943	-1.227352	0.839494
-0.279370	5.740484	1.376749	2.057902	0.229623	-1.406006	-1.576180	-0.389741
-0.135068	5.871574	3.154458	1.095779	5.067149	1.077578	-1.651994	-0.717130
0.367287	5.164185	4.383914	2.140832	3.262806	0.750497	-1.512197	3.130127
-0.394105	6.252817	3.991814	1.545461	2.704193	0.787452	-1.327792	2.112328
0.625955	2.805269	1.142360	0.858766	1.196810	-0.507358	-2.271483	0.131372
4.476769	4.372643	2.623651	0.394650	-0.574243	1.378070	-2.088773	2.017259
3.085135	4.694038	1.020787	1.761313	-0.926767	0.391435	0.066635	3.369487
2.402554	3.654655	0.337268	0.563356	1.013937	-0.798460	4.729939	5.285456
0.987625	5.021193	1.260794	-0.073419	3.660470	0.303084	5.355934	4.723364
-2.216150	2.900452	1.471963	2.277987	4.927530	-0.442232	5.707718	4.606312
0.655827	2.187134	2.247278	0.748477	4.355517	-1.008406	7.388988	2.745596
-2.447642	1.124638	0.410836	-1.180350	4.117731	0.876162	4.965041	3.095518
-0.545759	0.025564	0.033138	-2.920390	3.664471	-1.007928	5.507173	1.585876
0.553777	-1.014388	-0.846015	-0.754045	3.584337	-1.512774	2.923582	0.443768
-2.070934	0.383583	0.566675	-2.894012	2.178628	-0.591776	0.841565	-1.506806
-2.309592	-1.292123	1.079209	-1.560391	2.306944	-1.937533	1.513218	-0.599446
0.507504	2.946894	0.130787	-1.311481	2.525884	-0.716144	-1.740061	-0.266455
-1.565348	0.728535	0.393808	-1.556581	2.872948	-1.504709	-0.716175	-1.275832
0.762054	0.073199	3.445274	-0.558189	1.904036	0.970073	2.938772	2.216621
-2.115290	1.180587	2.566882	0.471796	-0.109854	3.166803	6.062878	4.903804
-1.673782	2.549999	2.529535	0.459774	-0.921221	1.270281	6.285041	4.977815
-0.778219	5.211636	2.995131	1.965746	-1.475366	2.231307	6.341756	3.658854
-0.930303	4.481997	2.314971	2.506913	0.039811	2.376583	4.527221	1.441720
0.820667	1.410384	-0.104746	1.163477	1.743908	2.176309	2.677734	-0.134589
1.878190	2.130895	-1.809719	1.705738	-1.417674	0.163386	3.742391	-3.052473
-0.750332	-2.329568	-1.722148	-0.084203	-1.776335	-1.323487	0.586989	-2.689132
-0.130901	-6.298105	-3.065334	0.318756	-0.607977	-3.455907	0.793427	-4.519068
-3.111215	-5.688115	-2.746075	-2.329285	-1.530200	-2.946376	1.259601	-4.445782
-1.323075	-3.389799	-4.033673	-3.432225	-1.713304	-3.655892	1.867208	-2.200574
-0.368780	1.985044	-1.103326	-3.638462	-2.220090	-1.753055	-0.405154	-1.073646
0.121169	-0.014386	1.304364	-3.583797	-2.230158	0.826135	-0.634688	2.502902
0.156073	-1.058088	2.119299	1.205873	-0.894808	4.295079	-3.165096	2.086770
0.840631	-3.823762	-1.743821	0.882048	-2.812441	2.705478	-3.405682	2.524855
0.565445	-3.713408	-2.019697	-2.846371	-2.753058	2.256031	-5.868448	-0.208742
1.359413	-3.168025	-1.170728	-2.232084	-1.339759	2.246540	-3.005796	-1.893623
1.067937	-0.779713	-2.124815	-0.728288	-1.725645	0.568504	0.024471	-4.369588
-1.274684	1.885829	0.689844	-1.396583	-1.180115	1.741924	2.410350	-4.217637
-2.050749	1.880801	-0.189852	-0.162769	-0.858470	3.323700	0.923239	-2.647073
-1.661059	-0.386497	-3.453702	0.552056	-0.558011	3.592032	-1.147564	-2.612396
-0.497113	-2.444164	-2.814506	-0.256807	-4.178939	0.653322	-3.529262	1.423695
-0.022711	-4.141899	-2.212164	-2.823558	-2.728253	-1.868832	-3.247858	3.441996
-0.599853	-2.879304	-2.114776	2.638504	-1.572454	-1.069528	-2.451153	3.311909
-1.625038	-0.825275	-1.442541	2.829380	-0.148043	1.875634	-4.554350	1.426633
0.614633	-1.340415	-1.040460	1.656872	4.003181	-0.672147	-2.479652	1.067165
-1.990140	-0.005721	-2.414731	2.739580	2.044516	-0.151669	-1.897361	-0.088793
-1.573056	-0.239494	-1.274254	2.408804	1.635662	1.890067	-2.309678	-2.766944
-1.391815	-0.506833	0.507970	1.690646	0.883619	1.832262	-2.690307	-3.357987
-0.298717	-0.574337	-1.684957	3.609907	3.229986	0.427415	-4.280549	-2.336124
-1.233162	0.771593	0.425864	4.325287	2.744263	3.783027	-2.910107	-1.777054
-2.469349	0.942859	0.443534	2.869687	4.743449	2.103898	-4.922182	-1.728280
-1.875779	3.794260	0.163453	4.535309	4.201044	3.469228	-3.328277	-0.257202
-0.311251	1.834798	2.338822	4.669052	4.774048	0.153318	-4.304894	0.653481
-0.223465	2.507473	5.184241	3.106117	4.036960	-0.508733	-4.964135	0.981966
-1.245721	2.344885	3.607911	0.363406	1.708880	-0.427725	-4.321901	1.146154
-1.078418	-1.444365	3.074932	1.200119	1.862007	2.401344	-1.646696	2.554043
-1.118058	-0.114077	3.471604	-0.141343	1.647241	4.277771	-0.450120	3.182133
-1.235739	0.109850	3.125928	0.135321	2.420382	2.830559	3.499924	2.213724
-0.697661	-0.661984	1.092104	-0.406290	1.315328	4.966906	2.291135	2.663514
-2.476624	-1.676678	-0.261666	-1.988272	0.865480	3.427013	-0.495990	1.386303
0.056872	-4.760132	-3.679084	-1.450728	-1.825563	1.859580	-1.300451	0.309490
0.380028	-4.262445	-2.267648	-2.231454	-3.115001	-0.140693	-4.409152	3.274676
-1.937458	-2.563616	-1.214857	-2.114052	-3.239435	-1.286107	-1.573493	1.367458
-0.808183	-2.067246	1.781788	-2.746119	-2.986064	-2.367261	-1.720176	0.562736
-3.355449	-2.861734	1.552788	-1.003056	-1.579291	-1.785355	-0.851803	-1.941889
0.026145	-1.033678	2.373845	0.617438	-1.801014	-0.074189	0.850224	-2.055920
-0.133200	-3.464779	-0.823342	-1.163936	-1.357734	0.287036	1.771705	-1.714356
-0.939186	-2.865737	-2.736972	-2.482977	-1.906752	-1.156179	1.155737	-2.080097
1.359690	-3.059850	-2.273245	-1.254785	-1.574369	-1.057435	2.308819	-1.337146
5.098225	-0.587018	-1.555760	-3.333060	-1.033084	-2.465031	0.638150	-4.238302
5.772422	2.736759	-0.165016	-4.928300	1.604703	-2.957569	1.071428	-3.052165
5.461180	3.615983	-0.307212	-2.097105	2.537390	-0.821647	2.187251	-1.804637
3.515199	4.770852	1.221251	0.991425	0.369577	1.324534	-0.839680	-0.472918
1.923379	5.541669	0.422574	3.109591	2.770864	3.682874	-0.772369	0.975292
-0.758079	3.013732	0.429859	2.143593	-1.101950	1.762472	-0.180215	2.378692
-1.817075	1.898644	2.691105	4.718733	0.517736	1.132729	-1.453121	-1.015519
-2.731010	-2.201496	1.589413	3.462910	-1.700480	0.420144	-1.941287	0.264359
-1.821482	-4.634987	-1.994016	1.265525	-1.380897	-2.156583	-1.116614	-0.458175
-0.776492	-5.025029	-0.612681	-2.056621	-2.180117	-3.573852	-1.455604	-1.619321
0.079660	-3.951221	-2.485783	-1.134129	-0.128139	-0.337063	1.313442	-2.116480
-3.080825	-2.470362	-1.201619	-3.579597	1.371136	-0.632317	-0.451976	-1.388952
1.830452	-0.402053	-1.611990	-5.033125	2.267408	-0.852914	1.206441	-2.377138
0.052193	0.416107	-2.077696	-4.119213	1.359076	-0.007853	-0.203209	-0.047538
1.641697	1.082419	0.560566	-2.545561	-1.453561	-1.669136	-0.423226	0.931747
0.176064	2.196383	0.348094	-0.134267	-0.818401	-2.001263	1.658788	0.508116
0.481694	1.876199	0.068591	2.850567	-0.257547	-0.496233	-1.190766	0.792970
2.817088	1.611869	-0.366044	1.786644	-1.700597	1.914653	-1.142889	-0.412492
2.400446	-0.644808	0.443090	1.798862	0.661347	1.199794	-3.688983	-3.093272
0.692268	-1.346632	-3.510006	4.315023	0.376184	0.533890	-3.768448	-0.537668
-0.074646	-1.734401	-4.181031	3.413527	-0.347184	1.573842	-2.077085	0.056517
-0.795396	-2.339415	-1.569786	4.778273	-0.700560	-0.099153	-1.815993	2.028784
-1.252881	-2.150675	-2.657968	2.809362	-1.603243	0.228308	-3.334174	5.016833
-1.148702	-2.337479	-1.985079	2.359495	-0.323333	-0.209978	-3.315528	4.833963
-1.277658	-2.720027	-2.512216	3.139672	-2.233831	-0.772610	-0.063756	3.136772
0.455651	-1.368019	-2.047779	-1.256908	-1.067737	-4.568889	-0.695357	1.426362
0.346425	-1.570954	-1.771969	-2.822644	-3.520652	-2.469216	2.710767	-0.334769
0.242465	-1.096133	-1.847983	-4.064635	-0.363577	-2.239490	4.455517	-1.741521
-1.446330	-0.168654	-1.403722	-3.190083	-0.808810	-0.984011	8.364192	-2.684794
-0.990659	2.208582	0.100316	-2.196386	0.153747	-0.176281	7.051892	-2.261989
-0.123522	3.193076	1.730530	-0.381444	1.792393	0.550600	3.716416	1.561393
-0.532220	2.756928	0.323521	2.633042	0.929529	0.280232	1.680466	3.261953
-1.474051	-1.215761	2.002191	3.201073	-1.253846	1.238914	2.079840	1.448790
-1.758516	-0.090292	2.689139	0.471349	-0.325532	-2.276254	6.591439	1.417803
0.969886	-0.051863	3.855066	3.049870	2.471270	2.049228	6.548962	0.058592
-0.051046	1.346425	1.404973	-0.966565	1.842260	0.341959	6.060410	-0.258144
0.072189	0.722172	0.907961	-0.268955	0.363537	1.452338	3.140683	1.568796
-2.201808	1.125879	-0.594971	-1.729300	-0.800998	-1.860335	3.262381	1.199810
1.119461	2.222947	0.122079	-1.839000	-1.716546	-2.322160	1.041704	0.774699
3.414198	0.185074	-2.107590	-1.904256	-3.093008	-3.426437	0.047752	1.486762
4.348403	-2.972938	-0.466675	-1.998667	-0.768184	-4.227369	2.198426	0.093498
2.430175	-3.108289	-2.159778	-2.964433	-2.633474	-3.046054	1.867726	-1.013293
-1.424985	-1.948780	-2.227897	-2.949955	-0.591978	-1.585493	0.404652	-2.583411
-0.229377	-1.408409	-2.938532	-1.043333	0.221702	0.232613	1.624905	-1.899656
2.578000	-0.796278	-1.466682	0.054433	-2.010632	2.163063	-0.936015	-1.395830
3.873345	-1.529385	-0.392347	1.891943	-2.640183	3.223757	-2.666207	-2.164332
3.337459	0.506870	-1.781926	3.482697	0.482851	4.990695	-5.665071	-1.804863
-0.081258	0.677585	-1.590120	4.306994	-0.087132	5.233476	-4.464406	-1.810123
-1.011107	-0.495837	-2.414927	4.652435	0.124268	6.208299	-8.915011	-0.196813
0.328714	-1.695398	-1.658747	3.972218	0.369451	3.879865	-11.026787	-2.151933
-2.531396	-1.150497	-1.138079	2.667945	-1.869983	2.832171	-11.130231	0.298617
-0.955636	-1.174334	-0.575924	2.629913	-2.045035	3.910018	-11.586444	0.133237
-2.010106	-1.650009	0.970319	1.613524	-0.977505	4.399105	-13.702324	-0.867975
-0.399806	-3.859722	-0.280149	2.296676	-1.527994	4.852832	-15.611971	-1.665118
-2.530236	-4.156273	-0.721928	0.151870	-1.725501	6.538597	-12.686884	-0.446293
1.873105	-6.051163	-0.924718	1.483905	-3.080528	3.080501	-15.771962	-1.168300
-0.510984	1.665110	-0.422518	-2.235120	-1.141874	0.618243	-10.312903	-2.706740
-0.298802	2.214445	-0.789929	-0.741804	0.917860	-1.632678	-6.334107	0.098488
-2.331949	2.496241	-0.698749	-0.216649	2.972673	-4.082363	-1.866373	-0.534818
-3.498325	1.770000	-0.038478	-1.204654	5.860666	-2.597012	0.181600	-0.229458
-1.938229	1.823620	0.043783	-1.867621	3.527238	-1.965726	1.684914	-2.151631
-2.245962	-1.047398	1.047135	-1.274049	3.726189	0.622295	0.010170	-0.079938
-3.114523	0.048346	-1.384921	-2.005739	-0.211881	2.589150	-3.316631	1.357820
-2.164211	1.078451	-0.361586	-0.507093	1.210626	-0.142662	-1.182088	1.895143
0.301873	4.083517	1.084641	-1.952409	2.859211	-1.382642	-1.765800	1.178130
0.009930	2.626645	1.944060	-1.043490	2.441273	-1.280289	1.257636	0.990782
0.406159	4.393134	1.549870	0.413365	3.434613	-2.185506	0.422220	0.634098
-1.943538	3.716984	1.710973	-0.402545	3.701529	-2.271092	0.377453	-1.219822
0.553538	4.418895	0.537369	0.107879	0.080422	-1.926747	1.735138	1.017921
-0.420813	3.150266	0.054057	-0.093063	-2.402809	-1.393074	0.375676	0.801828
-2.049889	3.680398	2.660437	-1.028972	-3.376065	-1.463472	4.199769	0.218396
-1.193292	1.547290	1.314910	0.942751	-1.980645	-1.192443	6.150217	-0.987772
-0.170520	1.417043	2.267475	2.290305	0.363451	-1.142286	7.726923	0.350121
-0.345073	2.219155	-1.166966	1.418291	1.725521	1.012897	8.437789	0.539977
3.185948	-0.109774	0.351485	2.392306	2.225265	-0.246695	5.591316	-0.088707
4.973745	3.445557	2.288829	1.648951	1.323784	2.891539	5.593405	-1.250129
2.909417	3.269747	1.510465	2.852524	1.829477	6.067696	0.703360	0.096110
2.127365	3.971796	0.568694	-0.838775	2.338643	2.207478	-2.429220	-0.658191
-0.684110	2.998003	0.715515	0.256953	3.718683	-0.082719	-5.052830	-0.165531
-0.569410	2.932168	2.352929	-0.458493	3.795495	-0.202893	-2.280771	0.403588
-2.479833	0.584291	1.668836	-0.228914	2.797381	-1.668946	-1.732139	-0.023433
-1.579079	-0.110728	0.196535	0.025590	0.391739	-2.667478	-0.789832	-1.578594
0.630053	-2.597790	0.177225	0.624517	0.746468	-3.702591	1.909750	-0.282396
-1.060038	1.257505	1.824808	0.452466	-0.914830	-2.889885	1.358311	0.761660
0.919949	4.092757	4.411882	-1.028763	-3.696156	0.012439	0.252053	1.572775
-2.041086	5.026064	5.441948	1.908030	-1.118412	1.372081	-1.386723	2.490448
0.097858	4.684428	4.262005	2.958041	2.419804	2.054039	-2.258314	4.274079
-2.446819	3.770347	3.335054	3.129872	2.803490	1.737413	-5.920518	1.493568
-1.431117	2.997221	2.600493	1.637020	2.487047	-0.285397	-4.057132	-0.557286
-0.709635	-1.861850	1.526823	0.923486	0.273275	-2.087094	-3.383356	-0.779083
-2.199574	-4.845167	-3.609258	0.810867	-1.853928	-1.907977	-1.569885	-2.796722
-0.008832	-6.116930	-3.987048	0.102763	-1.686761	-3.007647	-1.054618	-2.112305
-2.221909	-4.426640	-3.332049	0.021873	-0.578325	-0.574106	0.119247	-2.972032
-0.310005	-0.836596	-2.697760	-0.560104	-1.650420	0.770747	-0.289687	-2.743903
0.802681	-0.040200	-1.300783	3.543131	-1.973645	0.494810	-1.408918	-0.744117
0.458348	-1.974451	-0.588817	3.597576	-0.172102	1.231982	-0.625643	-3.781676
2.609098	0.848749	-0.434763	2.355731	-1.107790	0.494864	-1.931460	-0.569180
4.631331	-0.388899	-1.377522	-0.694106	-1.332710	0.471953	-0.872266	0.253272
3.988046	0.256803	-1.442294	-1.454035	-1.366663	-2.200251	1.060541	-1.470221
2.432645	-0.391944	0.907621	-3.076758	-3.478847	-1.883549	-0.134236	0.483040
-1.442071	-1.450640	-1.115277	-0.163976	-3.096663	-3.021341	1.427206	-0.813244
-1.285704	1.544612	1.394110	-1.467190	-1.832113	0.257571	1.321868	-0.365774
-1.158251	-1.415586	2.759982	1.052099	-0.104295	-1.162013	0.162554	0.425751
-3.238514	-2.972935	3.243138	-0.023710	-0.208310	-0.346494	-0.303134	4.904130
-0.206290	-2.995436	4.231979	1.037482	-2.947158	-0.835772	0.266507	4.970462
-2.385281	-3.738389	3.525903	-1.105127	-1.219740	-1.418050	-1.156321	2.946848
-0.607784	-2.591395	0.366211	1.114862	-0.687455	-0.000927	-2.214214	1.309587
-0.275301	-4.105254	-1.606400	-0.353152	-0.938005	-1.303104	0.093230	-2.277720
-1.281430	-1.045966	-1.348028	-2.543170	1.759912	-3.056682	0.026413	-2.894475
-0.530471	1.190368	-0.645376	-2.248793	0.278395	-1.507663	2.299439	-1.995676
1.916677	2.606147	-0.506343	-1.175123	2.111043	-1.417846	3.564511	0.010975
4.832914	3.673971	2.526170	0.490940	1.624057	-0.980733	5.628130	-1.526620
4.825941	2.865840	3.206761	0.188394	2.199337	0.978976	6.826801	0.042936
2.205157	0.180153	1.407532	2.064937	0.017081	3.044979	7.775125	1.836145
-1.190635	-0.902890	1.744180	1.341270	-0.341009	-0.596223	7.646206	2.817906
0.795064	-1.581089	1.139105	0.067289	-1.950035	-2.072133	8.381346	0.526120
-1.150446	-2.126346	4.056707	-0.472705	1.549605	-0.124250	6.825248	1.118085
-2.503163	-0.588060	3.724884	2.153886	-0.655891	0.022624	8.264916	4.298702
-1.480188	-2.355732	3.928637	0.297661	0.906877	1.256088	7.096052	4.985572
-1.156819	-0.685363	5.592364	2.413218	1.100610	0.194943	4.984759	4.280193
-0.933256	1.292048	2.704364	-0.735644	2.821007	2.823786	5.554040	2.052865
-1.030199	2.144000	3.760337	3.877274	-0.361931	-0.249383	2.532197	1.220190
-2.733146	3.669092	1.466782	4.316572	0.395095	1.326836	-0.028666	0.147166
-1.336898	3.754725	2.878798	4.661646	1.002284	3.047041	-2.922546	-0.548107
-0.763353	3.745197	0.966385	4.528997	1.197338	3.198732	-6.615140	0.954972
2.712288	4.370208	1.446741	3.263424	-0.972545	3.764008	-8.842146	1.562202
0.232027	3.052059	0.222967	2.076224	0.223836	0.108568	-8.313661	2.509784
0.168064	0.716148	2.181360	-0.182804	-1.544119	-2.768689	-1.588881	0.404717
0.450900	-4.075824	3.060721	0.010040	-1.274610	-0.569863	-0.250704	-0.305298
-2.004164	-5.771659	1.876649	-2.630745	-2.916638	1.394144	-2.358526	-0.173062
-0.897629	-3.791955	-1.059257	-2.096062	-3.101602	1.776033	-2.459646	-0.551674
-1.163293	-1.807415	-3.480799	-1.232711	-0.255903	3.849101	-4.308559	-2.598835
-1.198555	-0.327337	0.374524	-1.806494	2.364759	0.261149	-6.426563	-1.664045
-1.805716	-1.731222	-0.727590	-1.849411	0.613885	3.526276	-8.800256	-1.598902
-0.299074	-3.403471	-3.285841	-2.964464	-3.077525	3.769480	-10.707333	-2.891109
-3.004029	-2.874383	-3.006331	-2.818454	-1.657472	2.537061	-11.319793	-0.992763
-2.445979	-4.240860	-3.776259	-2.249082	-2.831456	3.419319	-10.480331	-1.726566
-2.313125	-6.145800	-1.489827	-2.398850	-4.909777	3.788152	-7.432647	-3.967317
-1.303566	-4.548305	-5.302035	-3.800158	-5.317134	2.601660	-7.294035	-1.358716
0.749799	-4.006874	-2.095885	-4.520908	-2.159728	0.726142	-5.063595	-3.023163
-0.238129	-4.139408	-2.199677	-3.439301	-1.241159	-2.175502	-1.360922	-3.199257
-1.553149	-1.913107	-3.774511	-3.233438	-2.193326	-2.906474	1.316286	-2.838700
-1.562061	-0.726971	-3.047089	0.015180	-1.362230	-2.598974	2.474732	-1.740089
-1.042065	2.990300	0.315588	2.070251	0.340530	0.950797	2.108119	0.261373
0.357742	3.436806	2.472721	1.911175	2.601252	2.081839	0.330649	-0.495111
-0.451242	2.511246	1.853007	1.890251	1.460139	0.519050	0.329425	1.891458
2.496486	1.680821	0.007047	0.663577	1.439789	-0.337569	1.277951	0.201579
4.380925	-0.380269	-1.200660	-0.040348	-0.353398	-2.366220	1.697329	-2.213746
5.377477	-0.064625	-1.840415	-1.439725	-1.226621	-1.170304	5.014061	-1.666717
3.416842	0.263054	-0.609519	-2.655954	-1.707680	-3.793520	4.121450	-0.210635
4.558421	-1.071933	-1.684372	-2.789538	-2.069276	-0.899469	6.549500	-2.440498
3.620515	-0.422885	-2.760176	-4.594376	-2.686008	-2.547253	0.091312	-3.956107
1.370725	-2.026803	-2.082130	0.791130	-1.114775	0.024528	0.778690	-2.099562
0.964751	-0.644286	-1.275236	0.263379	-1.328279	1.732974	0.101235	1.692838
-1.872307	1.252665	-0.313893	1.136170	2.304481	0.480684	0.313651	1.113793
-2.962146	-1.694849	-1.193904	0.660202	5.037805	-0.578943	1.403241	2.287804
-1.360067	-1.328127	-3.440767	0.094174	-0.252107	-0.917907	3.091706	1.361070
-1.315768	-2.062871	-2.569285	-0.876615	-0.951654	-0.451009	5.863649	-0.168208
-2.121849	-1.806979	-1.322057	1.233135	0.432763	1.081451	3.831373	-1.578929
-2.802909	-0.470652	-1.126085	2.782022	1.594945	1.388371	4.850780	-1.669894
-1.176348	-2.447990	-1.675068	3.035645	-0.149109	0.065753	3.403272	-3.122701
-1.094564	-3.831191	-2.170307	-0.079596	-1.911798	-1.683106	0.983553	-3.520751
0.110444	-2.981956	-2.729803	-0.384202	-0.655122	-2.899506	0.648924	-0.099344
-2.521725	2.250415	-2.506356	-1.752174	-0.577181	-0.429246	0.069288	-2.407478
-1.512169	5.489923	-0.097467	-2.736614	2.547625	-0.705528	-1.019654	0.629746
-2.237786	4.860867	2.223864	-1.278321	5.857596	-1.531652	1.519902	2.238430
1.247922	5.524850	3.312036	0.409903	4.605433	-0.403219	0.879357	3.284672
3.267158	4.789770	2.337849	0.821558	4.821135	1.213372	0.240814	4.429375
4.626122	6.112928	2.819603	-0.727757	1.155203	0.431219	-0.397326	2.820338
3.021115	7.480124	3.365696	1.418157	2.163237	-0.845578	-0.425359	4.031362
3.109738	4.390160	1.740730	2.411000	4.589637	2.517080	-3.772785	1.144547
0.754191	2.962335	1.535203	4.233471	1.269603	2.730494	-3.885200	0.380494
2.674076	-3.362850	-0.225486	1.758268	-0.630965	-2.036737	-3.244304	-1.986997
1.313993	-5.238194	-0.647335	-0.691408	-3.189266	-1.518213	-1.434494	-3.284726
-1.960358	-6.885598	-4.454746	-1.625758	-3.287700	-3.365136	1.114632	-4.819990
-1.439174	-7.416360	-4.363719	-3.514683	-3.347767	-2.936805	-0.292924	-2.592492
0.437644	-4.992680	-0.550553	-2.892083	-3.401368	-3.567220	0.506139	-3.795828
3.875498	-1.088857	-2.827050	-4.378059	-4.187301	-1.102082	0.533724	-2.337100
4.558488	-0.307691	-1.944910	-2.320612	-1.471667	0.658809	-1.045169	-0.934307
4.366415	-2.495381	-2.733731	-2.453042	-1.796565	0.168052	0.288363	0.272253
3.104479	-1.659526	-2.048016	-1.520749	-2.654296	-0.683952	0.087022	-2.366320
-0.001717	-3.390626	-0.868364	-2.016034	-2.307059	-2.873605	-0.325192	-1.220627
-0.715274	-3.220980	-3.395474	-2.538698	-0.091953	-2.871506	0.926724	-2.544365
-1.310591	-1.085687	-2.018647	-4.204940	-0.409279	-1.426955	0.025470	-2.663435
-2.581167	0.597454	-0.822184	-0.386262	0.429463	3.230547	0.341949	-2.787136
-2.607800	1.133943	1.507017	-1.874563	3.716875	2.109100	-2.496838	-1.950967
-0.690691	1.098581	0.447154	0.137855	3.946655	1.274004	-1.797490	1.116473
-2.834439	0.348470	0.339729	-1.082307	3.903504	-0.292641	2.214594	0.914283
-1.820442	1.823009	-0.607860	-1.849650	3.019323	-1.629236	4.654216	1.722865
-2.461600	1.386100	-1.656211	0.222727	2.688811	-2.565380	3.551976	-0.152480
-0.481312	-1.192656	-1.694825	-0.007678	-0.425231	-2.104874	2.289877	1.619548
-1.015678	-2.706359	-1.599101	0.985235	-2.213403	0.286582	2.687018	0.769750
-1.655196	-3.932407	-2.995740	0.615366	-2.914005	-0.235412	-1.520498	3.593427
0.533235	-5.361699	-2.270741	1.600316	-1.264137	1.220145	-0.059972	3.876678
-1.038586	-2.121235	-1.589904	2.425983	-0.838697	-1.733949	-1.823101	4.047906
-0.741756	-2.881613	-3.243029	0.173568	-1.655887	-2.263892	-0.064386	-0.160489
0.229224	-3.814033	-2.270415	-3.656030	-0.920206	-2.781486	1.122174	-0.080507
-0.448945	-2.554993	-2.185962	-2.391210	-2.109154	-0.742130	0.671881	-0.893246
-1.008761	-3.262292	-3.672570	-4.341174	-3.842030	-1.742023	2.286935	-1.704207
-1.237425	-3.665629	-2.636938	-3.138720	-0.920734	-2.571067	1.372337	-4.359487
-2.735735	-0.994803	-3.609167	-2.889049	-3.493067	-1.442361	1.313787	-1.806987
-2.031490	0.335387	0.809045	-3.621860	-1.929727	-0.203904	0.101886	-0.307605
-1.053790	1.731643	-0.633902	-2.075055	-1.694115	0.927502	1.631733	1.841359
-1.298934	3.654665	0.601092	1.885667	-1.364630	1.646659	3.400531	3.952906
-0.385321	3.608055	0.615528	1.189006	0.456327	1.341366	7.031478	0.993637
-1.399351	0.404414	-0.886493	-0.153837	0.820758	0.682024	5.586376	2.415552
-1.970723	0.262843	0.696928	1.592737	2.001362	-0.648368	8.420624	-0.208347
-2.854136	-0.243856	0.482493	0.652528	3.925939	-0.874609	5.739023	-1.206359
-0.844589	-0.822682	0.121502	0.248437	3.774790	-2.614898	6.492972	-3.080884
-1.801882	-2.007734	-1.136245	-0.960937	1.224316	-2.974637	5.433473	-2.518921
0.015887	-1.243410	-1.396546	-1.075893	-0.329685	-2.168724	4.548124	-1.201469
-1.687483	-2.129410	-1.313300	-1.128931	0.621789	-1.102459	5.259426	-1.770428
-1.407791	-1.896231	-1.627209	1.373750	1.535237	-1.183943	4.044479	-1.236395
-0.284935	-1.940472	-2.664669	-0.319751	2.229360	0.400026	5.351582	-1.946371
2.798984	1.914867	-0.896382	0.960166	0.492058	-1.940153	5.275335	-1.713855
3.317468	5.183290	0.665555	0.340503	1.025432	-1.606579	7.078638	-1.291545
3.718118	2.649296	2.329942	-2.135541	-0.552819	-0.172451	4.722891	0.961259
3.044933	2.439487	2.639279	-1.818766	-1.882694	-0.048971	4.325893	-0.157341
0.796914	0.422266	0.759668	-1.298970	-3.937893	-1.052036	2.457943	0.628254
1.298863	1.394633	-1.104990	-2.071055	-3.324216	-2.673648	1.839442	-0.555754
-2.323021	1.154790	-1.151595	-1.593518	-1.242062	0.466096	4.992488	0.076236
-1.029836	0.275939	-2.771446	-0.006160	1.494068	1.394694	5.431980	0.863025
-3.799782	0.484080	-0.446042	2.946719	3.233775	3.253847	5.577019	1.586313
-0.476658	2.679516	-0.463181	6.182420	4.218659	3.180457	3.925404	5.994202
3.099735	3.514949	3.776137	5.222844	4.873021	2.620222	0.963432	5.364193
4.029800	3.544379	7.235014	6.154791	3.064060	2.258445	-1.990595	3.566486
3.540636	2.607808	3.864749	2.908761	1.269077	-0.505375	-4.184080	2.650082
4.142444	2.551739	3.150446	3.378156	1.455172	0.103162	-5.669524	3.482383
4.484725	4.648972	1.046303	-0.000825	1.690645	-0.920342	-5.668327	1.584588
4.322579	2.707210	1.772124	-0.880981	3.412697	-2.339288	-3.098490	1.716800
3.378606	1.721554	0.714008	-1.146211	2.993127	-1.276174	0.136584	-2.059881
3.030908	1.665905	0.486357	-2.824915	2.917536	-1.534600	-1.005404	0.071646
4.718984	-0.037834	1.997372	-3.230292	-0.183175	-1.051666	-0.527457	-1.274418
3.559236	-1.648562	2.690255	1.481659	-1.514308	1.770430	0.092225	-0.906673
3.795364	-0.881978	3.687706	1.295438	-2.858960	0.715287	-0.979161	0.171984
2.058868	-1.863278	2.593526	1.590646	-1.429233	-1.087993	-0.623815	2.079952
0.226948	-1.866163	1.595818	0.652284	1.055074	0.517289	-0.845939	1.208432
-1.721894	-0.046929	0.059282	0.283552	1.868461	-1.702865	-0.380935	0.723227
0.652142	2.488024	-1.678180	-1.781949	1.124329	-1.148955	1.005495	0.662735
0.650355	0.794999	-0.579468	-0.970518	3.744077	-2.408179	0.023951	-0.693741
3.666448	-1.003803	-0.622880	-1.192754	1.414107	-2.725838	2.948029	0.108000
0.707219	-0.942479	-1.845914	-2.390757	0.784717	-3.955531	4.113129	0.520757
-0.418430	-2.441129	-2.036869	-0.485025	-2.171691	-0.551156	3.276649	2.844833
-0.173199	-3.537850	-0.294744	-2.585759	-2.421517	-1.284014	2.842286	1.782527
-3.025788	0.430160	-1.258037	-2.601157	-3.885262	-3.548103	1.382238	-0.881758
-3.729796	-2.254398	-1.951747	-2.649318	-3.661925	-2.202023	-0.381696	-1.059423
-2.404323	-4.627721	0.634227	-0.905441	-3.199805	1.002628	1.117882	-2.803665
-0.600568	-3.009109	-0.965914	-3.046626	-1.783603	-1.658451	-0.138130	-3.342186
-1.125632	-1.316458	-1.377067	-3.618372	-2.669718	-0.698858	2.425464	-3.464282
0.340087	1.134132	-0.880031	-2.208377	-1.321351	0.577108	6.234564	-1.204955
1.773188	3.072365	1.556195	-0.921441	-0.112600	-0.740453	5.293266	-2.513402
3.995771	3.412740	0.650312	-1.503263	-0.005365	0.815860	5.485469	0.278778
-0.807062	1.770461	0.057822	0.686058	-0.895247	1.144348	6.510470	-0.603216
-1.093711	-0.127970	1.549727	-0.587577	-0.766845	4.733512	6.378166	-0.165382
-0.159877	2.387747	0.992228	-2.812267	-2.251159	6.840953	4.431456	-0.620820
0.567041	2.650516	0.694426	-1.600911	0.860811	2.267472	3.286337	-0.620627
2.849343	2.516838	0.392423	-0.129708	-1.263534	4.085969	3.234106	0.839696
2.782230	2.570115	-0.464279	0.248543	-3.550594	1.365545	0.959360	-1.474750
1.876002	1.232248	-0.030879	0.600943	-1.212669	0.797202	-0.280802	0.955536
3.145658	5.458641	1.152325	1.269293	-1.452358	-1.149960	-1.784684	0.839855
2.463700	4.791294	1.833433	0.350994	0.989938	-1.691740	-3.376389	-0.471793
3.681127	3.033809	2.033448	0.640347	5.357320	1.377163	-3.011718	1.015494
3.374240	3.691689	1.183671	2.762054	1.590288	1.952050	-3.099075	-0.610383
-0.851161	2.698236	0.708504	4.875814	3.412643	4.781823	-4.726463	0.795475
-1.683077	1.411451	0.125049	2.819831	1.271384	3.929481	-6.363785	1.721671
-3.079606	-2.482764	1.861606	5.482403	-0.776388	2.116826	-6.662842	1.609404
-1.976849	-2.796407	1.826677	4.880134	-0.204473	3.592659	-6.661739	0.979075
-4.516806	-3.370875	2.267564	2.497922	-0.440270	2.158480	-9.760379	-0.168614
-0.898977	-2.714168	4.888769	3.396271	0.353520	4.439092	-8.561963	1.897436
-0.447460	-0.197582	2.267993	3.841881	0.902399	2.847994	-8.477896	0.146827
-0.532057	-1.106317	1.178237	1.713953	-0.605334	0.450289	-7.464880	-1.220541
-0.672368	1.647731	0.129104	-1.422212	-0.889179	0.552076	-3.875919	-0.275967
-0.705491	1.558062	0.538294	-2.347712	-1.068834	-0.916444	-3.489215	-0.382250
0.269272	0.582379	-0.701791	-2.369847	-4.088600	-1.400768	0.892329	-1.927990
-1.040978	1.721584	0.569551	-2.775715	-0.075077	-0.227897	0.098208	0.381414
-0.878640	0.804278	-0.566978	-1.825616	2.155436	-1.624429	-0.106579	0.151963
-2.341816	0.605164	1.014022	-0.582447	3.207239	-0.986462	-2.106236	-0.116842
-1.158005	-3.655856	-0.558246	-0.178307	2.704033	-2.074698	1.640033	1.463598
-1.117407	-2.651581	0.484019	1.843803	2.176417	-0.942533	1.288626	2.854084
-0.252322	-3.426009	1.142118	0.930587	-0.641907	0.694133	-0.338562	2.570618
1.989150	-3.043638	-0.559547	0.245844	-1.625540	0.299201	-0.743932	4.983700
4.958809	1.311335	-1.821474	1.927577	-0.699781	-2.457928	0.450911	4.279830
5.199655	1.785911	1.128138	-1.126214	2.392771	-2.170554	-1.421536	3.898009
3.727087	3.070392	-0.024310	-4.352028	2.113815	-1.500274	-0.548976	1.031637
0.152306	-1.139420	-1.998515	-2.627463	1.230351	-1.779588	-0.385712	-0.191985
0.706512	-2.693924	-2.336577	-1.688018	-1.826919	-1.780495	-0.943148	1.810744
-1.014296	-4.016516	-2.363694	-4.263591	-2.641695	-3.007994	-0.063287	0.846424
-3.632417	-2.323896	-3.133164	-2.853382	-4.435877	-1.736083	2.153267	-0.172845
-2.267352	0.430939	-0.252286	-2.941989	-4.914664	-1.274163	0.348611	0.650338
0.957699	1.327490	1.206141	-1.461011	-2.855657	-1.593631	0.227541	-2.496926
-0.793264	1.767460	1.448219	-0.659847	-0.011255	-0.047687	0.345555	0.122462
0.056359	1.508750	0.764250	-1.028396	-0.392456	-1.323029	-1.012251	-0.987196
-0.603532	0.222063	1.703834	-1.253355	0.682838	-2.826157	0.231819	-1.059000
-1.595938	-0.391101	-1.509626	-2.315125	-0.965771	-1.584470	-0.860138	0.381150
1.088541	1.896561	0.251871	-1.098103	-3.021883	-0.587066	-1.566325	0.759354
-0.837494	2.738851	1.054425	-0.906589	-4.023397	-0.222645	1.018554	1.577814
-1.397445	2.367271	0.272239	-1.762481	-3.385414	-1.370505	1.022995	2.505728
-0.240310	2.457822	-0.148686	-1.513879	-1.617932	-1.683646	0.138996	3.091398
-1.426792	1.908007	0.861251	0.043621	-2.006451	1.163933	-1.978047	2.145224
-2.817689	2.119327	-0.653549	3.584917	-1.909970	4.238734	-3.735838	0.598707
-0.264502	3.613384	1.387716	4.393613	0.048710	5.006757	-6.099480	0.405246
0.188169	-0.410320	-0.635152	1.952509	-0.731209	3.115204	-8.942676	-1.900159
1.025523	-2.191183	-1.549753	4.122906	-0.717027	0.755776	-6.376329	-1.782106
-0.271140	0.300797	1.515515	5.462205	0.998956	0.864772	-4.503144	0.517004
-2.017019	0.286121	0.255153	4.396809	-0.724558	1.188496	-4.040224	-0.276228
-1.185017	-0.968309	4.137263	3.820217	-1.975870	4.239346	-5.149671	-0.487403
-0.909431	0.886409	3.310345	4.245432	-1.643179	-1.112075	-4.257689	2.211881
-2.729864	1.435677	0.914201	0.840255	-1.199484	-0.456266	-1.876182	3.559722
-0.579915	0.142497	0.189333	-1.102314	-1.408885	-2.270128	-2.539852	0.024822
-2.071385	-0.301429	0.061340	0.393328	0.291719	1.018542	-0.193704	-1.796820
-0.865174	-0.917001	-2.258075	-0.996519	1.858429	-0.326956	-0.574340	-3.111103
-0.918882	-3.410115	-2.113511	1.351946	3.905545	3.075079	-0.796863	-2.229328
0.338991	-1.124870	-2.669567	6.094226	0.690568	1.511348	-1.590578	-3.345793
2.817443	0.502835	-2.341343	2.710320	1.551799	1.226752	-3.466886	-0.857900
4.826675	1.184002	1.109664	3.314431	2.450737	-0.283408	-3.343292	-0.298948
4.393086	2.886734	-1.926346	1.060060	2.987084	-2.243732	-2.350698	-0.335537
5.615776	2.834132	0.874929	-1.324693	3.006341	-2.447818	0.988792	0.072833
0.411745	2.526997	1.331089	-2.412425	1.166208	-1.445765	4.452976	-0.857638
-2.041708	-0.137369	1.258435	-1.202636	1.926386	1.698027	3.346949	0.801250
-3.312684	0.539437	1.480569	-1.064425	2.751076	6.072659	6.629210	0.003996
-2.799882	2.079115	0.194392	-0.395190	1.861678	3.947932	4.651855	-0.722598
-1.825004	4.300368	1.067504	-1.162330	1.674893	2.085847	2.564882	-0.624533
1.367351	1.610297	0.654407	-0.630744	-0.827278	0.593504	1.925386	-1.712810
1.360082	-0.692796	-2.001799	-1.241830	0.278366	-3.524494	-1.181835	-0.729927
3.570789	1.183290	1.769888	-3.206488	2.137225	-5.192649	-1.315883	0.258513
5.216671	0.459458	2.071668	-1.347116	2.839700	-1.373258	-0.379061	0.654813
3.507228	1.106108	1.486543	1.223988	2.206792	-0.437622	1.194426	0.244570
2.715359	3.253244	2.668013	0.920823	3.005703	0.743461	3.126178	1.588586
-1.055836	1.834765	1.812279	1.218891	2.061032	2.812391	4.729291	0.437560
-1.245358	0.289775	2.452543	-0.538005	3.080780	2.792270	2.508762	2.656791
-0.772207	0.363374	-0.881396	-1.038567	2.393449	4.796897	0.433289	0.982081
-1.738283	-0.601636	1.327363	-1.080191	3.418939	4.585074	-0.656532	-0.806273
0.148713	0.853647	-0.381077	-1.126577	2.573752	4.236001	0.279298	-1.199569
-0.208020	2.487525	-1.649117	0.669276	3.782387	0.585879	4.501976	-1.390308
-0.486681	4.213698	2.043243	2.027270	4.112946	-1.376791	6.630800	-2.662991
-0.376472	2.743869	0.939506	2.994405	3.616131	-2.987709	5.915466	-0.098117
-1.192993	1.766440	2.431971	0.506483	0.695641	-2.025174	2.533972	0.161212
-1.911443	1.493311	1.035740	-0.042296	-0.376322	-4.632786	2.707917	-0.608402
-1.154325	0.074285	-0.371087	-2.849030	-3.150557	-2.462944	0.899297	-1.000461
-0.688438	-2.964737	-1.384110	-4.707117	-5.440063	0.008254	1.997510	-3.212465
-2.680083	-0.837453	-1.132427	-2.335357	-5.771839	-0.736394	-0.962745	-0.822014
-0.365959	-1.768363	-1.536038	-3.784649	-3.787085	-3.042785	-0.061971	-0.350809
1.134431	0.995737	-0.877543	-1.685792	-1.725299	-2.661320	0.507029	-3.951350
-1.619512	1.253347	-0.960140	-0.310384	1.085420	-0.575698	-0.067946	-0.864938
-3.197988	3.567168	-0.011329	-0.258724	2.564773	1.312482	-3.300998	-0.960672
-0.740698	1.338003	1.782190	2.477488	3.780561	1.920320	-2.068330	1.510046
-0.248043	1.149953	-0.993382	5.529254	3.005985	2.700016	-5.926142	-0.880183
0.406376	-0.757981	-0.076844	3.661775	1.056946	1.618271	-5.359139	-1.914760
4.346260	-1.805997	-3.209196	3.796651	0.169946	0.886986	-4.647720	-1.438587
4.973808	-2.665794	0.807563	3.945885	-1.985616	-1.627139	-3.160588	0.970438
1.235320	-4.546870	1.401432	0.908877	-2.351436	-2.124003	-1.704344	3.130613
0.557094	-4.235223	0.517914	-1.123173	-2.418416	-2.665007	-1.750991	1.827038
-1.322869	-3.277752	0.456207	0.157238	-2.473752	-2.022350	0.998070	3.262012
-0.850870	-0.791757	-0.832187	-1.422790	-0.977045	-0.318831	0.135138	0.085835
-1.701910	2.045766	-3.129569	-0.417856	-1.679892	1.635350	0.695311	-3.017294
0.068611	1.638917	-0.812137	0.103442	-2.930993	2.078694	-1.779713	-1.235776
0.590593	-0.868303	-0.950391	3.495503	-1.312747	-0.690100	-0.500434	1.745190
-1.247865	-1.005491	1.591569	1.829130	-1.109452	-0.990531	0.195545	2.998302
-2.366264	0.205654	0.752743	1.670123	2.389893	-1.477398	1.724024	3.378061
-0.672803	2.183732	1.745332	-1.033818	4.892289	-1.704602	6.028201	3.013864
-0.712684	3.249646	1.244537	-0.174589	2.726138	-2.397142	7.386575	4.182412
-0.354707	2.597596	0.012956	-2.579592	1.592340	0.310082	7.181945	1.568504
-0.744972	-1.694915	0.219392	-2.906325	1.985097	-2.198929	7.965410	0.193439
0.395920	-2.930087	-2.746957	-2.123187	-2.240290	-1.303276	6.285068	-2.794983
-0.505132	-5.525717	-5.151189	-3.476076	-3.040319	-1.539858	3.212320	-5.502563
1.474773	-4.612305	-2.708304	-1.367293	-4.332489	-0.776075	-1.064937	-2.956301
-1.866766	-4.270849	-3.449903	-0.785936	-5.134400	0.310674	-0.199402	-1.903099
0.195350	-2.508548	-2.650285	-0.904304	-1.809348	-2.144513	-0.380477	-1.843657
1.008121	-0.864801	0.938750	-0.992597	-0.642935	0.864067	-2.170262	0.047824
0.431547	-1.636406	0.202403	-1.208213	2.386043	-0.411888	-1.711159	0.884544
-1.294174	-1.552161	1.796673	0.437149	1.095987	1.042522	-2.306367	2.621302
-1.275641	-2.239766	1.978661	0.495389	-1.434603	5.647999	-3.651287	0.158097
