X1	X2	X3	X4	X5	X6	X7	X8
-1.172452	-3.786153	-2.462283	-3.153536	-3.875375	-3.624293	0.470261	-3.722783
0.227323	-2.155610	-2.948641	1.312983	-2.117489	-1.019668	-0.103793	-2.019174
0.809467	0.045316	-2.835253	1.784291	1.737979	0.667814	-0.470773	-1.880605
-0.828321	2.006624	-0.305420	1.104487	4.361030	0.916450	-1.173475	-1.408678
-1.279143	0.269113	2.490357	1.098770	4.239063	0.077441	4.736004	-0.954293
-0.864799	4.965081	0.471579	0.481840	4.447379	1.469885	4.831868	-0.642848
0.291809	3.505227	0.598844	0.567995	4.153978	2.701981	5.473720	-1.080545
1.474881	0.469449	-0.674949	-1.559266	3.985862	1.449328	1.476863	2.215616
-0.683684	-1.618055	-1.131699	-1.659743	-2.027270	3.173025	-0.389699	0.670537
0.330112	-6.101885	-3.234409	-3.860137	-6.855418	1.334671	-6.221262	3.868017
-0.633132	-6.697543	-3.365078	-2.125750	-7.146179	1.091364	-4.022724	3.770456
-2.081816	-4.307831	-1.080507	-2.861682	-4.481755	-0.755395	-2.522882	3.309955
-0.407341	-0.676350	-0.218296	-1.716434	-2.782244	-1.541008	0.728770	3.367913
-1.279709	0.524298	2.943253	-1.200206	0.858154	-2.925477	3.540933	1.923531
-0.648021	2.077213	4.765541	2.297000	2.615839	-1.394101	2.584710	1.761510
-0.054877	2.984092	4.687766	1.781883	4.934513	0.524018	-1.168893	2.545149
-1.183078	-0.003765	4.699029	3.093243	4.063176	1.251478	-5.845076	0.375248
-1.647326	2.229640	4.776929	0.890178	0.898529	0.999380	-4.962133	0.454010
-0.101222	2.310005	4.091765	0.999089	1.996472	-0.130579	1.286938	1.153932
-0.045266	1.077430	-1.782863	0.378074	2.031906	-0.164098	5.886041	-2.940283
-1.454359	0.994314	0.269845	0.233632	3.759531	-1.834479	6.430378	0.244365
-0.713903	1.258354	1.847387	1.736662	2.852049	0.533977	5.386653	0.733376
-0.274199	1.719450	-0.388835	-0.298935	3.561160	-0.216231	5.176669	2.992450
0.003553	0.566900	0.890977	1.331138	1.945764	1.369997	-0.292571	2.434588
0.340051	0.461203	1.806522	1.042082	0.166364	1.444358	-1.663063	6.481791
1.129794	0.135059	1.751602	-0.857705	2.133958	1.119154	-5.541604	3.772159
0.538882	2.815965	0.940415	-0.331023	1.511249	0.133081	-4.346992	2.266994
1.065413	0.361321	-0.182939	0.094326	2.286036	-2.942760	0.356778	-0.010305
0.032987	-0.155975	1.056840	1.329843	0.356121	-1.256070	2.795807	-1.276037
-0.344598	-0.878223	-0.768649	-0.050874	0.970805	-1.677750	0.974499	-3.309601
0.455758	-1.328825	-1.965005	-1.366225	-0.583712	-1.025001	1.715958	-3.238996
0.809753	-3.867581	-2.384529	-1.986011	-3.209829	-2.260825	0.993185	-2.915522
-1.961014	-1.693694	-3.450921	-1.883533	-4.281244	0.111079	-2.402216	-0.338077
-1.263643	-3.741164	0.207319	-1.992591	-6.297958	2.129009	-2.837741	-1.543761
-2.636336	-0.139891	-0.562710	0.249213	-3.348369	-0.287235	-3.328689	2.570726
-1.344893	0.191022	-0.684507	2.129780	-3.589176	0.155045	0.202843	1.908787
-0.707416	0.936975	-2.503572	0.808409	0.068621	-0.965351	1.200460	-1.129880
1.813194	2.096768	-1.524307	1.515998	-1.053276	-2.240424	1.071963	-0.518271
3.182838	1.274898	-1.786210	2.260448	0.713334	-0.160574	-0.081745	-1.131487
1.455113	-0.502334	1.445418	2.193157	-0.262049	-0.047604	-0.369461	-1.523827
1.115818	-3.359131	-2.513123	2.963625	-0.851624	2.142088	-3.661983	-3.550989
0.690853	-2.434992	-0.945033	2.394951	-2.515889	4.001699	-7.541907	-1.234273
-0.095283	1.399281	-2.387211	2.136136	-2.719443	3.105529	-4.571731	-0.896278
-2.471091	3.378388	0.238241	0.548477	-3.909187	2.484378	-1.279253	-0.533602
-2.591973	5.034127	3.958524	1.302675	-2.981518	-0.795756	2.309831	0.329155
-3.315028	4.659398	2.505339	0.879129	-0.999535	-1.392473	1.513622	2.402595
-0.543859	4.571900	0.594685	0.741838	0.680562	-0.178674	-1.190376	2.646418
-1.523065	2.472132	3.716762	1.892102	3.508374	2.468941	-4.727763	4.031827
-0.201548	3.718093	2.953270	0.381220	3.695603	2.192471	-6.062334	4.594821
-0.527610	3.745783	3.610410	2.052192	3.818150	4.515514	-4.365587	3.669102
2.206551	4.534101	2.155181	1.263018	5.484315	-0.543028	-0.649821	3.369871
3.216731	2.901746	3.713884	1.312495	4.478300	-0.313858	-0.505234	2.159729
4.295432	2.019317	1.269719	1.332226	4.364306	0.268425	0.011078	2.365379
3.352250	1.129815	0.854886	0.766707	-0.037666	-0.261081	1.217217	-0.830380
2.985887	-2.912863	-0.798215	-2.232460	-2.499216	-1.344276	-0.359717	-1.555246
0.604041	-3.748017	-2.799184	-0.956076	-4.903841	-0.257960	0.421281	-2.761018
-2.116690	-5.799646	-4.604319	-2.288042	-5.276541	-3.451234	2.009410	-3.145494
-1.949905	-5.403753	-2.251523	-3.304158	-5.446715	-3.039998	1.644275	-2.979574
-1.420205	-3.387637	-2.455593	-1.383225	-3.041961	-1.556254	3.337476	-3.285955
-1.422693	1.243101	-2.205629	-0.393043	0.581821	0.576398	-1.469585	-2.887736
2.413933	2.110160	1.123368	-1.958813	1.466933	1.754459	-3.578405	-1.355117
1.629870	3.055640	0.833398	-0.010334	3.635676	2.665527	-7.184584	-0.735696
3.266818	4.734341	0.893863	-1.703908	4.276951	5.963902	-8.760618	-1.914972
5.848277	3.219261	2.062163	-1.693035	5.299158	5.162484	-7.980708	0.343958
2.833345	5.567701	0.127497	-0.806915	5.421101	0.945272	-4.594250	0.757294
2.712322	3.532259	1.223966	0.657652	3.942478	0.442365	-0.162443	1.350437
5.443706	3.180936	1.499570	-1.193535	2.710492	1.639864	0.512713	-1.254611
3.905998	4.033430	1.118511	0.064724	1.018544	1.441769	3.275921	0.466852
2.807196	2.724842	-0.220213	-0.465872	-0.056565	2.700977	1.779383	-1.391474
3.277600	0.249171	-1.304000	-0.129723	-3.716935	-1.198510	-0.519202	-1.537786
2.795408	-2.069783	-0.586450	0.936871	-4.120463	2.477508	-3.196031	-1.908183
0.663820	-1.918621	-2.702462	0.914110	-3.442649	-0.341271	-2.616703	-1.310665
0.172536	-3.118443	-0.829437	-0.754707	-3.196091	1.369553	-1.496916	-0.966128
-0.562045	-2.942249	-2.759274	0.890420	-2.047288	0.264981	1.714429	-3.668373
-1.746824	-2.346940	-0.212573	1.772690	-0.774040	-0.770588	2.497235	-2.640597
0.412997	0.393183	-0.753132	0.677504	-0.605145	-0.644954	4.420102	-2.352300
-1.471080	-0.550578	-0.087652	-0.641539	2.299999	-2.130918	2.054731	-2.981778
-2.340758	-1.236925	-0.266033	-2.708839	0.991891	-1.143178	2.947323	-1.418432
-0.982637	-1.069259	-1.825372	-1.113597	-1.323465	-2.097637	0.592179	-2.545059
0.955984	-3.054378	-1.627272	-1.807912	0.129829	-2.528693	1.977500	-3.412859
-1.778898	-2.174884	0.198271	-2.850485	-1.843523	-1.196747	-0.397714	-1.775328
-1.373783	-0.410576	3.288054	0.053884	-2.923421	-1.503999	0.752039	-0.406567
-1.636071	-1.533755	0.947680	1.289195	-1.892465	-1.279149	-1.884243	-1.562574
-2.938663	-1.715521	1.013749	0.874247	-2.303652	0.611804	-0.153457	2.547354
-0.319560	-1.794474	-0.370539	-0.884259	-1.279682	0.730458	0.180297	-1.974383
-0.915762	-2.687215	-1.277683	-0.892523	-2.488553	-3.477886	-0.686882	-1.038383
-2.454269	-1.339943	-0.370283	0.744353	-2.227165	-3.595227	-0.929292	0.094456
-3.015683	-0.899059	1.127362	-1.278829	-0.375316	-1.607166	-0.310434	-0.629765
-1.487504	-1.290862	-0.181448	1.566329	0.507495	-2.294203	3.367193	-1.415545
-0.512832	-3.310954	-1.097213	-1.015572	0.282669	-1.699338	3.803289	-1.578982
-1.573968	-0.509533	-1.053631	-2.097432	0.528707	-2.286670	2.460054	-2.637174
0.990588	-1.764400	-2.114301	-0.876852	-0.975390	-1.267399	1.942388	-2.260019
-1.142866	-1.193556	-1.481625	-1.684431	-3.183121	-3.070226	-0.500709	-2.168117
-2.206429	-2.518699	-2.136201	-1.761870	-1.874285	-3.426450	1.262763	-1.502766
0.597298	-2.965831	-2.549728	0.672832	-4.655380	0.746430	-1.464697	0.324135
-0.267886	-3.011250	-2.724206	2.086273	-1.800005	-1.005187	-2.284988	1.032189
-0.017781	-0.779158	0.366066	3.750155	0.186039	0.885500	-0.651511	3.273297
-2.667187	-0.831854	-1.667512	3.591378	1.750056	-0.380409	-2.630366	3.707260
-0.003305	-2.023239	-0.654540	3.490040	-0.384256	1.782087	-0.820254	3.921880
0.768665	-2.793211	-1.579716	2.297842	-0.390493	-0.887713	1.512225	1.276557
0.338422	-0.536871	-0.995240	2.758385	-0.555956	0.619193	0.542770	-1.429905
0.267065	-0.515620	-1.558912	2.006167	-0.595844	0.171403	-2.057419	-1.269206
-0.190005	-1.426956	-1.793631	1.622590	-0.449455	-0.259680	-1.816643	-2.972245
-1.853288	-1.292581	-2.380096	0.044353	0.114212	0.035343	-0.368503	-3.104119
-0.350487	-0.123193	-0.418307	-1.722444	-1.178543	-1.672227	4.792401	-3.292328
0.023200	0.034707	1.047636	-1.148801	0.800782	-3.645390	6.433668	0.354430
-0.485928	1.221520	2.693735	1.501183	1.744987	-0.786445	8.334096	2.772257
-1.058672	0.461045	2.766590	-0.842294	3.236673	-2.631091	7.034385	2.071254
-1.810531	0.162183	0.104701	0.333870	2.499042	-1.517329	6.547133	3.048222
-2.227107	1.780334	1.258169	-0.695825	-0.072506	-1.219757	5.946140	2.444563
0.278001	-1.030803	-2.269705	-2.017680	0.382330	-2.189776	2.592505	-0.991121
-0.367208	0.223674	-0.744721	-1.011395	-0.572750	1.770617	-2.525974	-0.643330
0.183767	0.337164	-1.153179	-3.143669	-3.448143	3.510121	-2.067499	-1.159062
1.242023	-0.627932	0.637223	-0.983702	-1.319050	2.449236	-0.675569	-0.137715
1.399663	-3.087715	0.260984	-2.284794	-2.966070	2.064165	1.249712	-0.930689
-0.579716	-1.451883	-0.732994	-2.036045	-3.258601	3.758107	0.760144	-1.357581
0.609487	-2.949138	-2.297011	-3.704955	0.233057	0.718863	1.629526	-2.414690
-1.948128	-1.965778	-0.730066	-2.530324	-0.397096	-0.677166	3.392355	-4.110716
-2.544161	-2.004504	-1.531160	1.023648	-0.420958	-2.585580	0.722130	-1.303356
-0.471314	-0.057314	-0.216491	1.218462	0.420772	-0.883577	1.210450	-0.847809
-1.468685	-0.122610	-2.063959	0.760118	1.240893	-2.193356	-0.390088	-0.996075
-0.514075	1.479310	-0.108263	0.077016	-1.314492	0.008183	1.871715	-2.265051
2.483115	3.234046	-0.656903	1.595456	1.380815	-0.166360	0.962257	0.361164
0.184086	3.598897	0.125322	-1.795262	4.834117	0.171418	4.744636	2.422570
0.113537	1.382265	0.400512	-0.123838	4.674714	-1.947284	7.273651	3.273869
0.409568	-1.249950	-2.420332	-2.012271	3.930306	0.104837	3.856598	3.219763
-0.635521	-1.487849	-2.361410	-0.564461	-0.350005	0.983480	0.364177	2.026153
1.076070	-1.719130	-1.108721	-1.031908	-5.098820	2.657546	-3.443915	4.231339
2.643942	-0.995794	-0.299665	-2.144012	-3.023838	2.651238	-7.464680	3.456224
1.590792	-0.386340	-1.253241	-1.934273	-4.163858	0.127855	-4.117921	1.981307
1.626823	1.367032	-1.390948	-2.242190	-2.817379	0.625099	0.286462	1.641992
1.907833	2.045723	-0.127686	-3.141562	0.968498	-1.787529	3.111864	0.120678
-0.758377	0.718733	0.231345	-2.508891	3.936875	-3.443229	3.348484	-2.004234
-1.125908	3.483162	1.535845	0.577825	4.080552	-1.389798	3.203520	-0.053841
-2.408260	5.333811	1.168016	-1.964215	6.280030	-1.942636	5.849169	-2.274543
-0.485832	2.738180	-1.254042	-0.686310	4.207308	-0.980142	6.114228	-1.600739
0.242375	1.153969	0.130272	-0.835159	4.624488	-1.415015	6.774496	-1.355928
-1.549138	-1.167120	-1.800944	-0.897463	1.261369	0.632547	3.437070	-2.439109
-1.746572	-5.526489	-2.208886	-2.557021	-3.126947	0.200745	-0.627454	-2.679780
-0.290427	-4.145635	-1.774256	-1.849733	-6.726561	0.054280	-4.955677	-2.233140
-2.098002	-4.659859	-2.549154	-1.529999	-8.690072	2.319952	-7.157302	-4.125289
-1.226597	-2.266161	-2.792577	-1.384819	-8.296880	0.902965	-5.423632	-3.131626
-1.709514	0.148260	-0.185926	0.784209	-2.735284	0.686818	-0.967670	-4.083049
1.301949	1.138805	1.830898	1.173784	1.650416	-0.335488	-0.840318	-1.947557
1.279692	2.989174	3.409098	1.765406	3.584620	0.109750	-0.216679	1.925750
-0.537385	2.618167	3.972473	1.550377	1.835229	-0.294467	-1.192755	2.001873
-0.034683	2.704085	5.276624	3.019795	2.786942	0.172361	1.146949	0.119114
0.050999	-0.025971	4.024451	1.662862	2.216260	-0.118764	5.271332	0.983772
0.569062	1.342498	6.579154	2.291378	3.854184	1.238460	6.757390	1.726750
1.324804	0.393994	4.619434	2.775142	2.449012	-0.318366	6.169820	1.291248
-0.491274	0.887617	3.097091	1.196357	0.297946	0.834559	2.130521	2.083467
1.485029	0.012267	3.162526	1.940821	0.316186	2.331636	-0.273412	0.678108
-0.116688	-0.183355	0.637639	0.991635	-2.562568	-0.038933	-1.519682	2.516071
0.154676	-3.870849	-3.049570	0.257700	-0.122617	-0.813746	-1.494791	2.755457
0.550721	-3.480213	-1.964500	-2.334184	-3.431259	-2.457103	-2.172442	3.013067
-0.844253	-2.101349	-2.107151	-1.615317	-4.378496	-1.533302	2.196361	2.443102
-2.001946	-3.175654	-2.410623	-1.406498	-1.739126	-2.232541	4.965816	4.927063
-0.581057	-1.516929	-1.385515	-2.755228	-0.500450	-4.173519	5.799219	3.357750
1.201513	0.149027	0.298873	-3.262105	1.560132	-2.015234	4.069867	2.340664
3.202264	2.584315	0.487942	-0.259629	5.137920	-1.597786	4.985857	0.022106
0.718998	3.589635	3.821691	1.196200	6.244214	-0.772973	4.964086	-1.871324
1.539115	4.583988	5.332821	-0.277618	5.141715	1.582508	4.505251	-1.003224
0.338413	3.031274	3.951632	2.915018	5.500921	1.556157	-1.513351	1.755004
-0.472305	0.620594	4.906225	0.194308	4.207234	1.194175	-6.375324	0.966164
-1.737841	-1.568551	1.991699	2.306053	1.696252	0.773065	-5.934271	0.451254
-1.247793	-3.350961	0.357156	2.951453	-1.116124	1.592627	-2.088894	-0.772925
-2.890361	-2.415536	-1.141505	4.253108	0.098306	-1.146136	0.584002	0.966328
0.237654	-0.699174	-1.509884	3.906019	0.326041	-1.563824	2.440215	2.067014
-3.493847	1.209324	-2.192879	3.690987	2.236082	0.766666	3.205942	2.178333
-2.825363	1.066560	-1.829391	2.391010	1.907828	1.219034	4.083580	0.016986
0.491306	-0.930866	-0.642620	1.570891	1.336179	1.914382	-0.852876	-2.570527
-0.886540	-0.637353	-2.626466	-1.022670	-1.062066	-1.575688	-2.351227	0.856694
-0.841601	2.102599	1.836173	-0.699374	-2.550106	-1.125974	-1.090178	0.792750
1.864024	3.177891	1.729795	-0.549320	0.481459	-0.307476	-0.616631	1.897041
5.151036	4.193524	0.931602	2.111693	3.162227	-2.062492	0.502811	1.928768
6.191633	4.166998	2.877793	-1.956135	2.661099	-2.182020	0.741244	-0.230168
2.186218	2.502614	0.579669	-1.904504	1.322075	-4.311459	0.847965	1.458831
2.221390	0.076172	-1.005670	-1.857012	-0.564746	-2.376307	1.534972	2.086468
4.204449	-2.740427	-0.316125	-1.205361	-2.510564	-1.195962	-0.333640	0.876142
0.604296	-1.670181	-2.334194	-2.126448	-0.908180	-1.609025	2.401528	2.848453
-0.938368	-2.795491	-3.546277	-2.765975	0.049007	-2.538192	1.582071	2.191402
-2.301744	-2.810556	-1.611175	-2.156940	-0.042305	-1.853462	0.782186	3.186889
-3.068830	-2.775475	-2.177887	-3.656243	-0.440715	-1.197634	1.417772	1.881015
-3.225927	-2.040548	-2.772014	-2.467684	-0.455125	-2.287207	2.221424	3.348178
-0.802634	-0.176873	-0.022854	-0.496261	-0.474733	-3.784278	-1.515660	2.093081
-0.013851	1.711349	-1.249608	-1.988676	1.353759	-2.801047	1.327916	-0.359477
-0.779776	0.697620	-2.365676	-1.560327	4.785650	-1.143312	0.596050	-2.453697
-1.279511	-1.441760	-2.033057	-1.074814	1.153141	-2.527471	0.026638	-2.265977
-0.053954	-1.337090	-3.975152	-2.211636	-2.268269	-2.746824	0.542579	-4.313817
-1.064404	-4.544569	-0.910060	-2.457794	-3.098081	-2.384168	2.612268	-1.784819
-0.941662	-4.615097	-3.140081	-3.102386	-3.392594	-2.710803	3.640503	-1.973980
-1.098027	-0.690773	-2.950615	-4.085112	-3.748810	-1.055727	-0.564318	-1.004602
-0.713999	0.131604	-1.834662	-0.325772	-4.008029	-1.698338	0.731301	-1.919284
-0.053776	1.682234	-1.347321	-0.292366	-0.032352	-0.639435	-2.302843	-1.505826
1.591141	4.092018	3.634906	2.813908	-0.427178	-0.635617	-1.394551	-1.192829
1.664053	4.055357	4.028821	6.403849	1.068191	4.106818	-6.734627	0.450809
3.290360	4.036352	4.746324	4.595858	0.655855	5.729970	-4.915474	3.511486
2.070264	1.133903	2.404914	6.272135	1.610914	3.704242	-8.341594	0.912404
1.729263	-0.437689	-0.151809	3.141181	-1.870634	4.291234	-9.578589	-1.316539
0.966060	-3.612223	-2.654343	0.571296	-2.367188	2.271048	-9.124563	0.126858
0.263954	-6.276899	-3.496590	-1.675319	-2.873149	2.591285	-4.629618	-3.943006
-2.343055	-5.966616	-3.261849	-3.227964	-2.801118	0.925047	-0.297755	-4.278030
-3.085564	-2.053573	-4.442419	-2.489639	-2.573995	-1.697066	2.461122	-3.362514
-1.151875	-0.144669	0.658998	-3.428743	0.607219	-3.590652	3.085211	-3.454959
-1.533987	0.883196	1.012403	-1.662676	3.062623	-2.622310	3.002210	0.360235
0.325001	3.961723	4.700297	2.006663	4.463718	0.771862	1.774316	1.680068
-0.328710	1.574413	3.741879	4.648475	6.053302	-2.340736	1.667528	1.951540
-1.670520	2.435266	4.995449	4.412558	6.825475	0.602997	-0.886658	1.245151
-1.718829	3.538784	5.899807	1.566815	4.533536	1.582163	-3.368242	1.110500
-1.197536	3.216367	4.886054	1.877845	6.699584	0.655663	-1.803827	1.448588
-0.851040	2.139815	4.081890	0.632348	5.370820	1.084798	2.324384	1.500813
0.871159	-0.725070	1.050313	0.089826	3.481242	-0.414532	2.360091	-1.621523
-1.371339	-1.023788	-1.288274	0.481079	2.018750	-2.588724	2.821490	-1.977923
0.393667	-2.520738	-0.897673	-0.356894	-0.426757	1.627022	0.878980	0.019616
-1.905622	-3.116019	1.955917	0.270909	-3.690580	0.518106	-2.269740	0.415891
0.132694	-3.586931	1.089595	-1.194613	-2.989918	5.629031	-0.490972	0.691702
-2.511284	-3.500673	1.201262	-0.204358	-1.742573	3.580497	2.364781	0.382550
-1.561756	-0.711644	-1.488282	-1.325527	-0.799545	3.519804	2.815119	-0.242866
0.206479	-2.231644	-0.626137	-2.229418	0.280065	4.606155	4.675640	-0.701346
0.380321	-2.489671	-1.008504	-4.339333	-0.611943	0.655648	-1.433058	2.603109
-0.493129	-5.798425	-3.467081	-4.118369	-4.596571	1.852187	-2.993377	1.585098
-1.141271	-5.330205	-3.304970	-3.646828	-3.942617	-1.328029	-1.292017	2.252023
-3.892203	-2.176710	-2.540570	-0.826108	-1.941585	-1.806099	2.773720	3.263681
-1.569927	-1.364141	0.084620	-1.760109	-0.964673	-1.064923	8.000333	3.016073
-0.706640	0.976005	-0.811602	-2.377331	3.179218	-0.552698	6.073721	3.683398
-1.089244	0.363227	1.175866	-1.989673	4.260486	-2.692625	5.131182	2.178655
-0.672636	1.751426	0.357022	-0.079935	3.406532	-2.392703	4.812616	-0.797454
-2.792516	2.730004	0.278668	0.619584	2.696255	-1.517232	-1.846879	-2.421332
-1.243785	1.457761	1.445803	-2.374117	4.592754	-0.766110	-1.485704	-2.624579
-0.320941	1.673197	3.164227	1.509163	2.538429	0.749063	-5.007358	-0.301795
0.037216	4.043813	-1.154159	3.603425	2.980079	0.433288	-6.015944	1.931019
-1.835613	2.447411	-0.212257	3.845669	1.325803	2.038664	-5.705462	-1.327936
0.399572	2.568890	0.263836	2.282495	-2.163599	1.127593	-8.229912	0.705837
0.599471	0.318751	-1.554983	1.994503	-6.282027	2.706076	-6.355796	2.024740
3.136386	-4.856105	-2.866612	-1.027905	-8.607882	2.853112	-5.934313	-2.519129
0.031616	-6.677876	-4.148551	-2.019130	-9.694465	1.542701	-6.360364	-1.437571
1.777163	-7.489964	-5.439501	-4.084572	-7.991976	1.703246	-1.557549	-3.319286
0.096525	-3.370666	-2.743261	-1.787929	-5.842416	-0.344455	1.017430	-4.438174
0.225206	-2.090282	-1.348132	-2.186603	-1.926585	-0.999701	1.243374	-2.253136
2.135203	0.304388	-0.789113	-1.377991	-1.779184	-0.994291	-0.928817	-1.071973
1.748419	2.810945	1.369096	-0.184295	-0.630513	2.927974	-4.213243	-1.511185
4.458253	5.552390	2.043894	0.798787	1.119728	2.625696	-7.081305	-1.869073
3.271907	5.720824	1.649683	-0.112445	2.300037	4.645073	-11.771102	1.634563
1.534580	4.273547	1.588362	0.607508	4.052415	5.055307	-10.187635	0.791721
0.829373	4.062860	2.396830	0.215248	2.929360	2.376998	-3.822603	1.111602
-1.553614	2.184063	-1.505111	2.473174	1.307573	2.693346	-1.048506	0.504704
-0.064180	-4.423143	-4.590262	1.687488	0.625953	3.100050	-0.373744	-1.231173
-0.063924	-5.773457	-2.790423	5.089188	-1.124900	4.875311	-4.811217	2.085671
-1.294146	-6.908279	-3.639694	1.928777	-2.877087	3.117129	-5.370923	1.481434
-2.743647	-3.414708	-3.757474	5.407753	-1.308509	4.473104	-9.156363	3.731816
0.243376	-0.079643	1.738236	4.547217	0.811235	4.520536	-11.554736	3.582717
-2.374479	1.998116	-0.278963	1.404270	3.519344	1.918825	-8.855941	2.192435
-0.860110	2.805770	1.216729	2.000712	1.914518	1.673871	-1.369578	1.466370
-0.139317	2.316919	1.103712	-0.526658	3.414455	-0.623026	1.059754	0.043121
2.081200	1.286365	-0.248915	-1.979538	0.326557	-2.528867	3.181556	-1.239413
3.540143	2.090606	3.404649	0.322372	-0.488877	-4.296751	1.152329	0.267669
4.156110	5.877146	-0.281295	1.182972	1.008951	0.601321	-1.897927	3.701764
3.010702	4.569382	2.733952	-0.925639	-2.179957	3.209149	-6.462510	3.812273
3.670921	2.539017	0.955690	-2.792158	-4.030103	3.586733	-9.300119	4.331695
1.575966	1.243751	-1.009480	-2.239687	-6.597186	3.323773	-9.398253	1.774229
2.160437	-2.582515	-2.800459	-0.595225	-6.218707	3.525368	-10.587712	1.380674
1.341736	-3.500182	-2.738446	-0.413172	-5.282266	2.849817	-8.841093	-0.413771
2.160862	-5.698248	-3.644041	-1.751527	-6.613564	3.410222	-5.705296	-3.015205
0.838015	-3.963413	0.062556	-1.092190	-6.226000	1.849980	-3.060619	-1.008931
-1.073703	-1.454777	1.380345	-2.072061	-6.645976	1.040893	0.098339	-1.350648
-0.194294	-1.293238	1.635127	0.954960	-2.032290	3.403059	1.070980	1.428843
-1.991655	-1.356597	0.613001	1.724874	-1.047743	0.202777	-1.074794	0.697340
-1.744188	1.466247	0.817967	2.571281	1.746164	0.575849	3.510917	-0.052356
-1.349391	4.583394	1.496527	2.092281	-0.501468	-2.417828	4.929515	-1.377447
-0.619465	4.649846	0.998480	1.226774	4.247160	-0.513054	6.529203	0.305266
-2.317409	4.925002	2.317325	0.356461	5.354048	0.997672	6.193482	-1.135016
-2.684623	5.338263	1.715464	1.554641	6.553296	0.431948	5.741253	1.328905
-1.902406	1.242629	0.814197	0.786816	4.946005	-0.544627	1.615019	-1.240371
-0.731059	-0.462499	-1.202777	-2.395115	5.512473	-1.381152	-1.116719	-0.798246
1.879919	1.742080	1.459344	-2.679952	4.430201	-1.391730	-0.936159	-0.761020
0.207828	2.799165	-1.069942	-0.703194	3.198088	-0.413859	2.296902	-0.012893
1.677368	3.786957	-0.784633	-2.373641	3.776635	-0.747241	4.221064	-1.657966
3.034840	3.000157	1.697271	0.603408	0.471142	-1.971177	4.648232	-1.545141
1.785044	-0.389136	0.211669	-3.099649	-1.508291	0.053032	3.839905	-1.868518
2.584379	0.342080	-2.550937	0.220291	-1.756065	-1.574113	3.029687	-2.767997
2.010847	0.008205	-2.100049	-1.032074	-3.525779	-1.848715	0.576680	-2.292579
1.562547	-2.421262	-2.595164	0.239657	-2.799534	-1.829273	-0.116814	-1.374065
0.883179	0.422382	-0.693484	1.882885	-1.795729	1.388711	-1.397293	-1.870756
2.348944	-2.329366	-0.492608	1.880508	-1.788064	-1.368163	-2.953154	-1.425353
-0.544358	1.693197	-0.055436	0.122729	-1.892340	2.291704	-3.509896	0.940945
-1.295727	0.452171	-1.789167	-2.324153	-3.151156	1.402711	-0.345515	4.489036
-2.313363	-1.043645	0.479099	-2.200239	-1.193111	1.868556	1.126090	-0.863681
-0.583366	-2.258350	-0.513239	-2.936327	-2.370807	-1.846260	0.570223	0.052494
-1.728835	-1.579643	0.134722	-1.056018	-0.888443	-0.843439	1.052585	-1.432240
0.135029	-0.347824	2.304779	2.711290	2.252182	-0.964081	-0.033921	-0.119483
1.468026	2.283606	4.045035	3.628095	4.582367	2.039212	-2.103893	0.793464
1.063157	2.403449	4.039689	3.402898	6.977913	0.729139	-4.713227	2.422499
0.638421	3.059105	3.962342	2.903999	4.996319	0.659699	-2.849622	1.839323
-0.175680	4.525173	4.204693	3.562999	1.647786	0.270592	-1.990975	2.637035
-1.150448	4.009154	3.101644	2.485197	-1.379685	0.717717	-1.108482	1.751934
-0.407382	1.790749	4.866394	0.367594	-2.602996	-0.381928	1.027657	4.203920
-0.615782	-0.085042	0.763444	-0.061709	-3.540245	-2.149644	-0.134453	1.732291
0.706052	-2.902220	-0.494406	0.523586	-5.161232	-0.120931	1.091290	-0.067252
-1.204381	-5.282284	-1.300056	-1.827019	-2.881757	-1.767891	0.562088	-0.062310
-2.377479	-4.838033	-3.008004	-3.646624	-2.018020	-0.413824	3.569745	-2.939885
1.104657	-1.933368	-2.880552	-2.331730	0.592379	-2.876432	3.173562	-1.907876
-0.119674	1.304912	-2.119197	-0.413136	1.277041	-1.585916	5.694243	-2.175185
1.646330	0.165406	-1.059341	-2.289842	2.438566	-2.471677	6.021390	-0.578511
2.093267	-0.802884	-0.145983	-1.048747	1.000254	-2.318116	3.186906	1.820745
-0.862062	0.446241	-0.106022	-2.409752	2.380706	-1.898234	1.540995	-0.685119
-1.258357	-1.555618	-1.735958	-1.697556	2.907321	-0.172232	0.215558	0.008698
-0.770618	-0.712462	-2.141891	-2.976559	-0.689999	-1.828212	-1.731602	-0.671205
-3.371546	-1.482590	-0.293619	0.053639	-1.591755	-1.307073	0.095019	-0.887629
-2.545240	1.371197	1.363356	0.832938	-3.301146	-1.511119	-1.046477	0.155026
1.815700	3.936301	3.213336	2.194539	-1.548072	0.503652	1.912612	0.102560
1.349873	3.897421	2.988221	2.938341	-0.148933	0.333136	-3.994510	0.678071
3.052379	5.024457	1.499612	4.798445	0.403273	1.471234	-2.014540	0.734760
2.152319	4.262210	2.674608	3.886451	3.376244	1.950844	-3.952776	0.432525
2.069691	3.328779	1.267711	3.814859	1.549382	1.490764	-4.433516	0.356567
-0.202203	3.333065	-0.747680	1.432670	1.507487	1.358595	-3.753055	-0.078016
0.761036	-0.922432	1.000037	1.817183	-0.288041	1.345534	-1.804292	-1.601323
0.675707	1.336088	0.573861	0.702098	-0.161101	-0.462019	1.197876	1.187145
1.609911	1.856924	0.500593	0.101717	-4.226993	-2.380766	1.410253	-1.812613
3.540947	-0.537323	-1.526667	0.222939	0.494784	-0.424908	1.593040	-1.133897
-0.854684	-2.429952	-2.986117	-2.318036	-3.033271	-3.272046	2.552041	-1.048207
-1.144283	-3.201164	-3.010759	-2.494808	-3.603456	-0.446880	0.704158	-1.386145
-1.550550	-5.377359	-3.018590	-1.913075	-2.862572	-2.469313	1.347394	-0.034409
-1.284286	-5.123937	-3.445111	-5.476539	-1.526718	-2.333045	0.343252	0.175899
-2.054690	-4.039598	-2.945421	-4.290299	-1.641893	-2.062377	0.813735	-2.530221
-1.852662	-2.250341	-2.045220	-1.116555	-1.273897	-1.509211	1.965545	-2.599870
-2.604504	-2.090566	-4.934008	-2.076206	-1.581330	-1.924447	0.535984	-1.965947
-0.326614	-3.831674	-1.713083	-0.580352	-1.762291	-1.433887	-0.214844	-2.382453
-0.282894	-3.344265	0.485255	-3.322894	-3.976079	0.333568	-0.481936	-2.051989
0.706857	-3.651438	0.597406	-0.980230	-3.815695	0.335517	-1.632491	-1.920855
-1.261562	-2.949693	-5.633530	0.707138	-2.940438	0.362559	-0.314606	-2.133250
-2.156351	-2.882431	-1.594151	2.471213	-1.170607	-0.073307	-0.290077	0.562224
0.359290	0.601349	-1.533257	2.355092	-1.686403	0.989817	0.527697	2.397467
2.348160	2.318246	0.753752	2.320278	1.156476	-0.705368	0.385519	0.292379
3.869960	2.977362	1.901276	1.991070	2.033030	-0.889865	0.418092	2.481460
2.341989	4.790094	1.503017	-0.420831	2.985560	-1.463975	0.797518	0.051810
0.525246	4.684545	1.473575	-2.277827	4.844765	-0.768298	3.433900	-1.139972
1.678832	3.547613	1.251050	-0.311415	4.704346	-0.982136	3.403739	-0.455386
3.421347	2.682999	1.587843	-1.153796	4.468304	-0.010889	5.881339	-0.237532
3.283589	1.966802	0.327254	-1.581371	7.585840	-1.702859	5.581902	0.049890
2.531259	-0.811976	-1.820215	-1.455637	2.923252	-0.940246	5.647830	-0.294221
-0.394444	-5.075038	-1.851866	-2.234396	-0.520657	-0.319453	0.496426	-2.188765
-0.771320	-3.707281	-3.372396	-2.436447	-4.678088	1.802621	-1.947208	0.298959
-3.125869	-3.514207	-1.035405	-0.628590	-5.049240	2.116874	1.487430	-0.831151
-2.883691	-0.454515	-2.844293	-0.513325	-1.879212	0.778305	1.997942	-2.566293
-1.122388	-1.731705	-0.289460	1.914450	-1.511405	-0.473186	-1.034469	-2.357269
-2.550558	0.097222	2.206196	2.192933	-0.608118	0.363198	1.262399	-0.206578
0.379297	-0.988934	2.138175	1.501825	-0.088250	-0.090042	1.107748	-0.255521
-0.598923	-1.981671	0.555077	0.068127	3.031799	-0.436508	5.137681	1.054102
-0.668818	0.327909	0.502903	0.025138	1.501729	0.494700	4.153399	-0.430108
-1.297088	3.898706	0.416954	1.691360	2.880441	1.698280	3.970004	-0.664951
-1.005034	4.997121	2.037430	2.192391	6.292936	1.946831	2.618398	-1.278229
-0.638156	3.708054	1.190131	4.662733	6.615113	3.620553	3.259684	1.074360
-0.338655	3.398404	2.650359	3.956986	4.973473	3.503945	3.277864	2.294415
0.414069	0.693271	4.217114	5.754050	7.640217	1.103205	4.023539	0.962637
-1.743583	-0.380244	4.910097	3.164125	1.227244	1.376233	1.446711	3.708124
1.338887	-3.478841	4.827607	1.408112	-0.247344	0.680429	-0.159518	1.599178
0.494479	-0.209721	3.283946	0.676411	-3.630348	-0.211010	-2.113845	2.469998
1.790093	0.505416	0.458915	0.372121	-5.007067	-1.962284	-1.469070	0.874584
4.132228	2.082171	0.161313	0.863745	-2.400400	-2.512793	4.722311	-1.091864
2.607485	0.869844	0.144042	-1.522519	1.527852	-1.609239	7.795597	0.624155
1.336062	-0.502967	-3.189698	-2.120570	2.696991	-0.841622	5.754892	-1.864159
0.107060	1.971741	0.318694	-2.255007	1.384716	-1.367543	6.118096	-0.527207
-1.269422	0.951965	0.506818	-1.336931	0.782827	-1.593803	4.958012	0.914112
-1.770284	4.460907	0.326575	0.211459	1.372426	1.272397	6.927541	1.237398
-0.948627	1.192966	0.863165	-1.584636	2.805512	-0.007444	4.231385	-0.112150
-3.381751	1.098043	-0.467810	-1.475617	-0.092914	-1.846625	3.948545	-0.377830
0.566644	1.223537	-0.411551	-0.211582	-0.035153	-0.476649	1.171022	1.715857
-1.155843	-1.599251	1.245044	-0.102233	-0.579303	-0.132016	-1.853881	0.828111
-1.320012	-3.035122	1.162674	0.561333	1.390535	-1.885226	-1.946864	0.696533
-0.011364	-3.320376	-0.784959	-1.746786	-1.766637	-1.092280	0.305076	-2.056777
-0.155998	-2.954312	-2.751554	-1.024788	-4.155121	-2.757280	2.098838	-0.673119
0.692085	-4.324430	-4.871812	-3.893874	-5.628515	-1.432825	-0.194074	-1.830893
-1.606416	-4.554531	-1.793032	-2.222842	-2.912220	-1.953417	2.013540	-0.864798
-0.472600	-4.982015	-1.752712	-1.871093	-2.720735	-1.854356	0.542281	-2.776635
-1.480069	-2.505581	-2.490353	-3.689326	-3.329060	-2.095642	1.207950	-1.590403
-0.454223	-5.215330	-1.213453	-3.234942	-3.885994	-0.892777	-0.713050	-3.810301
-0.179861	-2.399360	-1.483413	-3.663538	-1.144438	-0.444761	2.089980	-2.667730
-1.623084	1.269126	0.521269	0.029984	2.383308	-1.554095	-0.134657	-3.242190
-2.420693	3.847531	1.872893	-0.539574	2.311145	-1.464980	-2.396161	-2.184279
0.267112	1.364453	1.258560	0.402487	1.472174	3.223885	-2.597931	-0.014798
1.641930	4.308894	1.100070	2.092469	1.451593	3.835897	-7.753265	1.306654
2.360062	5.085052	1.240224	2.818370	-2.099096	3.841358	-11.159463	1.863377
2.683507	4.423928	-0.004078	3.023593	-3.476894	2.655065	-11.069723	-0.538729
3.603365	2.158722	2.290066	2.938837	-4.358601	4.181719	-9.668845	-2.272862
2.061835	-0.065966	-0.246245	3.342802	-5.402916	3.739419	-6.921728	-0.273724
-1.809482	-0.019236	-1.456009	0.626590	-2.661539	1.821364	-0.791370	0.389286
-1.610189	-0.185087	-1.009826	-0.441600	0.225630	-1.937746	1.685229	-1.606730
-1.547483	-2.037621	-2.958095	-4.041667	3.463790	-2.857712	3.112470	-2.870673
-1.606167	-1.667735	-1.021716	-1.644211	5.500943	-2.443034	0.917854	-0.838343
-0.933140	1.314069	-1.774789	-2.845331	3.967287	-3.359913	2.475182	0.780861
0.069397	2.074491	0.455189	-1.492926	4.684123	-1.405850	-3.141246	-0.098760
2.162044	2.888832	4.421916	0.341202	3.281152	1.086156	-1.611829	1.105694
2.190601	1.382293	5.724994	2.570756	3.605672	1.766402	-2.637165	2.201923
3.873768	3.532472	3.168823	2.536735	1.623484	0.458890	-1.700255	3.472128
2.398043	0.855470	4.020404	2.105741	0.986689	1.274818	-2.472297	2.679010
2.393828	-1.339612	3.446937	2.048572	-2.335515	2.452186	-0.895991	2.589668
4.559121	-1.548275	-0.991376	1.471530	-2.413027	-0.045707	-1.819936	-1.131197
1.219922	-0.872119	-3.244436	0.676616	-0.256648	0.824940	0.209168	0.673215
-0.338069	-3.525643	-1.324342	2.582429	1.027824	0.634524	-2.193178	-2.407894
-0.058852	-2.548647	-3.815193	4.354971	0.507687	1.452747	-2.212073	-2.103424
-0.500228	-0.985230	0.006111	3.827541	0.584941	1.612507	-1.589817	-0.409575
-3.199696	0.630806	3.848872	2.096340	-0.007613	0.879703	-1.271409	2.746053
-1.318558	4.332163	3.941289	2.887769	-0.413476	1.189337	-1.728249	4.500062
-2.357514	3.651440	3.845663	0.592627	-1.482347	1.067406	-0.418236	2.793451
-0.944463	3.901338	5.410695	0.669817	-1.224428	0.851311	0.255731	2.661722
-1.204406	3.238157	2.142385	-0.744063	-1.176919	-0.444850	1.879851	2.927274
0.838857	1.930897	2.007034	-0.445111	0.588082	-1.418775	4.235726	-2.186491
-2.934974	2.201759	-2.812758	-0.318428	0.803272	-0.025267	4.851656	-3.111673
-0.936101	-2.491158	-3.172390	-4.822712	0.074353	0.181375	5.158042	-0.183972
-0.431522	-3.787453	-4.308761	-2.338263	0.025023	-0.430350	5.909383	-1.859287
-3.421539	-1.951126	-2.510572	-4.538580	1.657083	-2.357942	4.614181	-2.855618
0.935250	-1.854676	-2.159020	-2.080964	1.774433	-1.505401	4.596736	-0.375663
2.228542	0.284196	-0.751407	-2.243413	1.717371	-2.278529	2.841448	-1.745622
-0.288861	-1.556310	-1.690731	-3.274827	0.183598	-1.818026	2.000817	-1.516395
0.698439	-1.493592	-1.859692	-3.736706	-0.595386	-3.156192	-1.458555	-3.433282
-3.256656	-1.418651	2.179011	-0.030750	-3.299783	-2.514227	-1.252969	-0.258981
-0.893748	-2.299286	1.334078	0.091344	-3.048892	0.106967	-3.563623	0.024409
-1.951337	-1.859098	1.419710	3.877574	-1.191313	0.088091	-4.784418	-0.401513
-1.204122	-3.815585	2.587908	3.984041	-0.988248	2.606144	-4.534454	0.788554
-0.276805	-0.481548	3.627271	2.903147	0.862805	3.022526	-4.067229	4.356211
0.149516	3.326513	4.071000	1.287691	-0.272157	-0.010264	-0.889043	2.279458
-2.154161	1.857100	3.924696	0.958773	-0.506133	-2.029227	-0.120596	2.663297
-0.528236	3.142612	2.211559	0.304095	-1.162823	-1.994663	-0.603687	0.414427
0.396892	2.107750	1.437490	-1.290742	-0.059029	-1.535471	-0.313216	-0.588850
1.113323	5.466714	-1.519310	-0.613640	-0.998550	-1.959254	0.085917	0.001566
3.251955	1.831204	-1.313442	-0.362897	0.341312	-2.359911	2.352614	1.973775
0.983289	2.724121	-1.007605	-0.893012	1.903759	-1.925342	1.876874	2.672578
1.858725	2.044164	1.047302	1.364215	2.652488	1.467951	2.349197	3.317177
0.808563	2.414335	0.406779	0.945985	3.854799	1.074169	0.800985	3.525270
-1.974298	0.483234	-1.077174	1.561497	4.207393	-0.198190	-1.338862	1.176960
-1.323757	-2.585139	-1.916355	2.024553	3.930768	1.131775	-1.385843	1.221546
-2.004715	-1.124584	-2.433365	4.008553	1.506423	0.484062	3.455441	-0.951570
-0.538671	-1.604100	-0.420703	0.099097	2.925859	-0.537428	7.177492	-2.699888
-1.011927	-1.664987	-2.516169	-0.626214	-0.646126	-1.128497	4.418509	-0.228708
0.130419	-1.687444	-1.946762	-0.332479	-1.675231	-1.802944	3.571594	1.187571
-2.366634	0.441129	1.573119	-1.342098	-1.767358	-3.291370	-0.457152	3.070151
-0.492386	1.183432	2.942772	1.109130	-2.705508	-0.359177	-3.214431	1.780930
-1.843237	0.016766	3.410600	-0.309196	-3.696680	0.180336	-4.074840	2.071111
-0.826187	-2.234669	0.820503	0.211326	-1.865375	1.401269	-2.245179	-0.699806
-0.083837	-2.754472	-1.938320	1.934797	-1.685295	0.928020	-2.370348	-0.502722
-1.683385	-3.047243	-1.967768	2.168115	-1.642440	1.485989	-4.260145	-1.600834
-2.331433	-2.265782	-1.920041	1.054783	-0.645711	4.639775	-7.108171	-1.590343
-1.073480	-3.665988	-3.489037	1.852001	-2.071107	2.369078	-4.700024	-2.335647
0.042074	-2.776160	-4.995757	0.310168	-1.989531	1.865097	-1.491504	-1.909547
1.523129	-1.946199	-1.828800	-2.075214	-0.434182	-0.025168	4.653390	-3.241342
-0.257816	1.705997	-0.486067	-0.834345	-0.229162	-3.003718	6.824659	0.631470
1.699540	0.413227	0.849744	-3.744724	0.217729	-3.139753	7.611003	-1.544812
3.626797	0.868992	1.814933	-1.921951	1.877989	-2.104475	8.532323	-0.548386
2.615654	3.605893	0.635600	-2.973126	1.400119	-0.590183	5.121921	-0.588553
2.914713	-0.188469	0.752945	-1.810848	0.950718	-0.487079	0.452697	-0.917712
-0.744028	-2.055695	3.598468	4.042284	-1.122716	1.015237	-2.862148	2.106839
0.319533	0.652416	3.490771	4.209670	-0.449383	3.548264	-6.635614	2.859199
-0.332306	1.109764	2.787453	3.490110	0.602715	3.827501	-9.584698	4.949569
-2.613344	2.462451	3.144515	5.439505	0.405779	1.995649	-4.965501	1.126851
-1.055081	1.410476	-0.544044	3.754856	0.388707	3.038205	-1.373321	0.130643
0.600484	1.157140	-0.864522	3.753062	0.967198	0.577571	0.627243	-0.273753
0.502650	0.476144	-2.191520	-1.062975	-3.017448	1.763343	1.171292	-1.104536
3.086317	0.142488	-0.632838	-2.313255	-2.139533	-1.077277	1.004227	-1.165007
3.216185	1.975273	-0.395274	-2.472479	-2.243556	-2.664490	0.857449	-0.146763
2.987255	0.351599	1.952271	-2.317144	-2.253121	-2.552499	1.583960	0.462794
3.302227	1.866867	1.027997	-1.513551	0.008874	-2.737202	0.859560	0.159266
2.932901	1.753577	1.055105	0.771900	2.938627	-0.763702	3.536052	-0.616047
1.949276	0.141630	1.575095	-0.079790	4.791636	0.357702	5.480635	0.563956
-1.280147	0.132526	0.161068	-0.777920	4.508702	-0.806792	5.780612	-2.317525
-0.680567	-1.153834	-1.368278	-1.471791	0.665623	0.168716	6.410483	-0.994689
-0.098785	-2.829349	-2.631241	-1.788501	1.935298	-1.267475	4.947651	-0.999236
-3.073701	-1.867820	-1.907121	2.005949	-1.637575	-2.543467	0.539917	-1.902165
0.490786	0.198956	-3.746318	0.759661	-3.260394	-0.714559	-3.154819	-0.984376
1.645375	1.935477	0.128068	0.843434	-4.054763	-0.814453	-4.187753	-0.391368
-0.162032	-0.027655	2.053538	0.034969	-4.648282	-2.062750	-3.720886	-1.822841
0.313763	3.032161	1.248391	-1.530533	-1.514452	-0.075450	-0.276414	1.976406
-0.518838	-0.278776	-0.616673	-2.771173	0.209427	-1.854354	0.621563	-0.193627
1.510665	3.342636	1.015548	-1.858149	-1.603248	-2.007264	2.489247	-1.590939
0.695271	2.827497	0.619653	-1.213363	-1.070976	-1.203580	2.951539	-0.454230
1.417981	3.060807	0.441241	0.541888	-0.127360	1.213596	-0.977357	-0.835200
-0.692106	3.383668	1.112914	0.054003	-0.297600	-0.050535	-1.016941	-0.068948
-0.859287	1.291180	0.183372	-0.555017	-0.537397	0.021425	-2.269911	-1.598773
-0.667364	1.938244	0.939814	-0.571973	-2.306352	1.775774	1.911835	-0.868676
-1.561837	1.871159	0.998441	1.721037	-2.581666	-0.143687	-0.330501	1.017345
-1.545005	-1.121873	-1.201348	1.307113	-2.381441	-0.055361	2.329384	-0.982611
-2.249067	-3.897051	-3.706151	-0.304645	-2.683978	-0.191547	2.444390	1.062058
-1.358824	-3.382075	-4.427570	0.915263	-1.479377	-0.657948	-1.519779	0.915051
-2.246075	-3.755145	-2.159903	-1.638063	-2.236840	-4.031664	1.446477	-2.748432
0.680980	0.304240	-1.980551	-1.787621	0.091932	-1.701395	4.278062	-1.348189
0.860341	2.737881	1.837086	1.897388	2.883438	-2.526245	5.859378	0.361879
0.122409	-1.617521	3.821508	0.752464	4.792977	-0.768112	7.315426	2.911373
0.266283	4.305434	4.169515	1.318208	5.912348	1.142101	9.215010	0.677494
0.176564	2.571746	3.727009	1.330921	5.805549	-1.033806	7.563331	5.116941
-2.929547	-0.064483	2.079787	0.507602	3.971479	-0.656535	6.064392	1.364215
-0.417551	-3.339552	-2.477849	-0.487048	2.493638	-2.044387	5.890095	0.322816
-0.450847	-2.978263	-2.780999	-3.070330	-0.639776	-2.479063	4.782842	-2.478056
-1.186334	-3.815612	-4.486363	-2.729942	-3.130864	1.321636	0.906137	0.205400
-1.274913	-4.095101	-2.741542	-3.670884	-2.333027	2.002509	-3.489318	0.820185
-0.437284	-1.069328	-2.209336	-1.917257	-0.602267	3.250454	-8.799222	3.194097
1.349355	-0.481093	0.612257	-2.392860	0.094915	2.271971	-10.069170	3.286039
0.620803	-0.241295	1.889835	-0.407792	-1.302581	4.025857	-12.280860	-2.057591
1.892661	3.432767	0.067298	2.414546	2.147443	3.378113	-11.022490	-1.967292
-0.251271	0.230494	0.600648	2.127654	4.062985	5.035036	-9.157357	-0.527663
1.837108	-1.545115	-0.611217	2.103734	0.776945	4.120626	-9.918658	-3.623305
-1.587003	-1.723158	-2.078596	-0.657516	2.381922	2.722081	-9.777490	-0.442917
