X1	X2	X3	X4	X5	X6	X7	X8
-0.467436	-2.431119	-2.796070	-1.635326	-1.267821	-3.859799	2.479799	-2.144566
-2.156069	-2.546153	-3.360112	-0.781045	-1.810986	-2.489095	1.899998	-1.668045
-1.463881	-0.917578	-1.105951	-1.136018	-1.257140	-1.005795	3.633543	-1.678185
-1.260574	-1.374494	-1.640287	-1.730145	-2.220880	-2.367401	4.827041	-3.944888
-1.356848	-0.715401	-1.666121	-1.257929	-1.490706	-1.677414	5.053800	-1.720254
1.262098	-2.004700	-0.273252	-0.568569	0.455083	-3.086438	7.165528	-0.458186
-1.725937	-0.454790	-2.440283	-0.954768	1.934489	-2.138375	4.729631	-1.244285
-1.526254	-0.226271	-3.381413	-0.509127	2.664811	-2.790527	7.018018	1.192748
-0.944552	-1.692443	-1.810543	-1.852246	2.482452	-4.685397	7.696496	0.998111
-0.244231	0.181693	-1.784173	-1.912526	-0.267488	-3.329886	6.338572	-0.592998
-1.362293	-0.644063	-2.693903	-1.927670	-0.828408	-1.344898	2.278054	-2.445180
-2.979436	-2.945209	-0.412035	-2.136978	-0.597507	-2.770434	2.558150	-2.359336
-2.812762	-1.510248	0.369231	-0.895351	0.952316	-0.319298	-0.847234	-3.223569
-0.498370	3.352822	2.964295	-1.612690	3.827962	1.241309	0.040910	-2.786278
2.691039	2.267301	0.481456	-0.513697	1.829032	2.859985	3.910789	-2.178467
4.511865	3.223287	2.437315	1.617528	5.433727	3.661527	3.622711	-0.970436
3.353708	4.494482	2.884769	1.532682	3.539048	1.206333	6.558382	-0.846987
4.415568	4.324085	2.608020	1.877566	3.774496	0.967001	4.078211	0.510978
4.418345	4.453896	3.938466	2.248778	-0.086528	-0.804673	3.465003	2.703959
3.298338	3.304315	2.915108	2.654816	0.735077	-1.677289	0.787866	1.241753
2.614448	1.932041	1.416844	2.104481	1.176511	-0.357250	0.413007	2.032760
0.727374	-0.411824	0.629074	2.102270	0.654476	-0.032358	-0.330967	2.254578
-1.409684	-2.354582	1.840198	0.901282	-0.465428	-2.355216	1.371650	1.131905
-5.157726	-5.701532	1.480416	-3.109383	-2.323398	-3.229926	-0.409433	1.124540
-2.029553	-4.940175	-2.798674	-3.388627	-2.061536	-2.415790	1.514788	-1.687718
-2.919063	-3.861911	0.716630	-3.762150	-0.923739	-3.364810	2.894322	-1.628871
-2.353258	-3.278539	-2.593275	-1.681455	-1.614606	-2.009388	2.259975	0.593080
-1.527937	-1.456061	-1.040187	-2.349141	-1.176137	-3.405826	0.264253	-0.058767
-1.615100	-1.182675	-1.114908	-1.483711	-1.843831	1.167573	1.905963	2.600488
0.407752	-1.175083	-3.138338	-2.393864	-5.369587	2.847508	-2.952188	3.529142
1.920519	-1.186383	-3.033877	-2.450303	-3.408504	4.204676	-3.521194	2.161195
3.138902	0.531922	-0.873825	-1.634328	-2.115681	1.782675	-4.463149	1.798345
4.824700	1.031035	0.891017	-1.050239	-2.286817	3.424003	-9.149847	-1.177710
3.134013	2.965653	1.412448	-2.547239	-3.217611	3.626058	-8.686880	-0.758570
2.626041	-0.863422	1.487769	-2.036629	-2.762563	3.499739	-11.267743	-3.184836
2.461784	-0.762691	1.068180	-1.344408	-2.766971	2.515642	-9.647930	-1.221611
3.934643	-1.637055	-1.452921	-2.484779	-4.213135	2.119167	-10.527835	0.058704
0.763916	-1.669912	-0.362734	-0.616042	-2.965453	1.634611	-10.879051	-0.898091
2.022104	-2.111565	-3.897958	-0.502998	-2.426025	4.404771	-8.407273	-2.900698
-1.163292	-2.889911	-1.373793	1.699052	-2.101651	4.345247	-7.988795	0.447182
-2.482374	-2.194953	-0.669542	2.163507	-1.288328	0.675536	-11.151611	-1.153352
-3.234440	-0.337989	-3.842702	4.290166	0.551144	2.354937	-10.502715	-0.279303
-1.790992	0.350080	-1.607676	1.624328	3.151065	-0.306953	-7.950002	-2.112870
0.673271	0.593253	0.055738	3.092292	3.259337	1.715764	-1.562867	-0.905755
2.684049	3.064231	2.883738	3.590457	3.364160	-1.983713	-0.958403	0.335941
2.111743	1.998714	4.196624	3.448423	1.749236	-0.268186	4.922295	1.902016
1.597951	0.951800	2.996197	0.509388	1.676564	-0.933057	5.719232	3.524570
0.597474	-1.485709	1.524256	-0.691748	2.576746	-1.199128	5.589414	2.389401
-2.144887	-0.353814	1.985501	0.114114	-0.541816	1.291800	3.301845	0.884309
-2.402734	-1.783215	-1.449968	-0.199427	-1.486524	0.432424	2.568431	2.610291
-2.389265	-2.475813	-2.364852	-1.444173	-2.131175	-2.137657	1.743977	1.934747
-1.409282	-3.269208	-2.351651	-1.220422	-2.172168	0.181655	-1.077612	1.973377
-2.059183	-1.183899	-2.029265	-0.776478	-3.685404	0.820558	-0.062232	3.183078
-0.482069	1.815113	-0.820294	1.720061	-2.065281	1.687751	-4.177877	2.651049
-1.662540	2.938728	0.057762	2.051992	1.704402	2.188933	-4.231642	3.732291
-2.968895	0.295945	0.398103	4.194316	1.312446	1.345100	-6.152323	-0.869599
-0.982635	0.203765	-0.671972	4.955131	2.874850	2.089053	-4.160216	-0.910121
-2.393960	-0.323013	-0.263763	4.261736	3.724717	3.018288	-3.518216	-3.159777
-2.833969	3.194411	1.217830	2.791332	4.497046	1.925205	-1.567118	1.323234
-1.734863	2.030738	2.859108	3.702818	5.373439	1.126002	-0.895918	3.765309
-1.315741	3.585366	3.086670	3.212991	3.016297	2.251477	0.020689	1.942847
-2.210504	1.363295	1.244215	4.993053	4.412919	0.882429	2.432305	3.297149
-2.936250	1.902327	-0.266456	3.964003	2.033308	2.360156	-0.010463	1.217912
-0.926982	3.274059	-0.066543	3.321339	0.923463	2.632057	-0.727813	0.818636
-3.436097	2.176492	-1.742846	2.003961	-0.354215	2.195830	-2.290940	0.648620
-1.506096	-0.765374	-0.194766	0.594268	-1.995024	1.320074	-0.763841	-0.479536
-2.413280	2.131861	-0.484703	-2.101439	-2.362564	-1.920213	0.315489	-2.311734
-1.498648	-1.324704	-0.250256	-2.989663	-2.728035	-1.792932	0.756953	-0.676975
-1.734999	-3.537969	-2.966926	-2.747902	-1.894036	-2.374284	-0.798145	-2.769759
-2.893635	-4.628934	-3.229512	-2.425458	-4.241565	2.698829	-1.802702	-2.513788
-0.928154	-3.761699	-2.444416	-5.077532	-6.160922	1.392406	-5.539714	-2.736561
-0.591557	-1.925464	-1.706235	-2.489823	-2.898207	3.595445	-6.168878	-1.948381
2.061456	-1.197930	0.434428	-0.452033	-2.256919	0.923245	-3.548390	-1.735747
1.304786	-0.407096	0.977975	1.475538	0.237643	0.971605	-3.663347	0.949840
1.377132	0.614436	4.252004	1.376591	0.491880	1.384823	-6.676746	1.723178
3.800594	0.858968	5.037317	2.821823	1.985192	0.817799	-6.043184	2.575968
4.108673	3.815998	1.688014	1.632635	2.037780	1.353330	-5.309058	3.029408
4.661769	2.454426	4.831793	0.442327	2.612945	-1.505384	-2.814865	2.967197
4.393381	2.762753	2.244556	-2.073502	-3.179013	-2.345444	-1.244501	-0.459164
2.975209	1.315878	1.161603	-0.874053	-1.278293	-2.057953	-1.652965	2.719823
2.109355	1.394800	-0.185568	-1.394225	-2.310995	-3.410110	-1.784953	-0.362943
1.590417	-1.995780	-1.177555	-1.518420	-1.974717	-4.128317	-0.100063	-1.850961
3.202396	-0.465162	-1.886358	-4.608437	-2.202259	-3.472975	1.381508	-0.206133
3.286691	-1.430347	-0.897178	-1.246677	-1.238020	-2.177086	0.448662	-1.623260
1.424404	-1.985836	-1.166014	-2.348540	-0.317401	-4.963250	1.601302	-1.694341
-1.282467	0.046773	-2.766467	-2.930626	-3.245099	-1.993068	0.882630	-2.567278
-0.995121	-3.388822	-2.641636	-2.972737	-2.161315	-3.193942	1.603849	-0.640271
-3.267658	-1.559420	-2.614621	0.103929	-0.205848	-1.467173	-0.184041	-2.077921
-0.612278	-3.188823	-1.378022	-0.082429	-0.477998	-2.844462	-0.285735	-2.765228
-0.504681	-1.746029	-2.830338	0.267988	-0.693763	-1.737009	2.134167	-2.063093
-3.037568	1.699160	-1.868271	3.617480	2.270157	0.893585	2.449668	-2.640516
-1.714837	2.852245	0.413280	1.262247	1.987762	2.726217	3.597569	-0.979998
-1.974890	1.967226	1.385116	4.166990	3.178353	2.069489	6.532473	0.370160
1.438074	1.856501	0.127537	1.573306	3.497530	0.048897	5.801880	-0.255741
3.424255	4.562671	2.303442	0.710498	2.229595	1.362342	6.698594	2.300597
4.836553	5.167336	2.625032	0.410163	2.161147	-1.185377	6.577415	4.754875
4.640667	4.956895	2.216507	-0.622797	0.848987	-2.671461	6.080146	2.385791
5.404198	4.617548	2.075166	1.248516	1.399116	0.339589	4.367486	2.940546
2.750646	3.320895	3.036812	-1.240396	0.889034	-0.050729	2.519439	2.348138
3.908010	1.286736	1.515942	-1.374435	2.435642	0.710286	0.799805	2.354068
1.186590	1.614271	0.584258	-1.209000	0.382140	0.870333	0.590186	2.775235
0.093987	-1.043602	1.247760	-0.490992	-0.690271	0.641110	-0.130518	1.918238
-3.190299	-0.866581	-0.430152	3.685190	1.916509	2.516317	1.726696	0.299378
-4.648670	-2.557368	-0.880779	3.096045	1.117280	-0.579247	0.975527	-0.223647
-2.881024	0.505738	0.307381	2.607774	2.090144	-0.425883	1.770478	-0.399036
-2.161963	0.264336	-0.912272	0.636575	4.739200	-1.434791	6.439848	-0.890491
-1.713586	0.823926	-0.286039	-1.421450	4.986949	-0.680172	4.776740	-2.283210
0.860407	2.574308	-0.168520	-0.156701	3.999492	0.382473	5.216253	0.158005
2.664516	1.966682	0.210487	0.311620	4.242429	3.298143	4.767689	-1.563546
2.072039	1.821746	-1.960519	-4.062686	2.092960	4.335539	3.381449	-0.503364
0.981778	-2.124998	-0.714137	-1.045918	-0.423214	1.429858	4.709132	-3.132548
-0.662767	0.393348	-0.977868	1.726823	1.178707	-0.777598	4.564040	-1.334799
1.162201	3.865285	0.143388	3.962437	3.186023	-1.163732	4.704974	0.086883
1.761585	4.295112	2.778533	3.485324	3.251435	0.273656	4.663233	0.530498
-0.460017	4.937328	2.489766	4.055784	1.149844	2.040966	3.580718	-0.116056
-0.410405	3.133235	2.828888	3.408818	-0.152851	0.488098	2.580129	3.016322
-0.261379	3.539430	3.058498	1.355625	1.889851	0.037650	-1.660932	3.269633
-1.724439	3.358315	4.121097	4.030305	0.672651	-0.733978	0.637733	3.373674
-2.422586	2.654788	4.945585	2.641059	1.456348	1.361413	1.868426	3.218847
-1.722219	1.336750	4.349963	1.569986	1.943043	1.719124	2.348147	3.267350
-0.389940	-2.319700	2.352030	-1.729414	0.220136	2.476453	3.728395	2.392985
-1.312148	-2.568763	0.746087	-2.260839	-2.706772	0.351800	3.040371	1.044749
-2.745444	-4.543538	-2.383266	-4.413991	-4.596182	-1.229536	1.019975	-0.757956
-1.740128	-3.765626	-3.315129	-4.292369	-4.532892	0.567646	-1.641294	-2.664431
-1.126800	-3.359627	-4.431801	-4.751274	-2.824903	1.240444	-3.711734	-3.028077
0.621339	-1.412542	-2.333383	-1.495804	-3.174714	-2.551541	-1.193747	-4.486292
0.355289	-0.875670	-2.189373	0.000240	-2.004426	0.938689	2.532367	-2.147779
-0.206250	0.405587	0.427227	-0.170942	-0.336137	-2.037366	5.241509	-1.196736
-1.490279	-1.712370	0.704819	0.371651	1.190352	2.395994	4.936977	0.815636
-1.319099	-1.758442	-1.096697	1.486618	1.417741	1.517369	5.020473	1.277736
-2.041409	-2.562830	1.745679	-1.778841	1.334931	0.837858	4.880194	1.341665
-2.636710	-3.537233	0.841447	-1.937825	-2.511979	3.765861	4.380042	-0.391077
-2.118702	-4.333552	-1.900493	-3.562634	-3.244787	3.707477	0.196916	-2.366392
-2.697687	-2.444988	-2.938540	-4.331168	-3.793394	-0.291893	3.244714	-3.186978
-2.294263	-4.639040	-5.425295	-3.922227	-2.499101	-0.878651	2.301938	-3.253836
-1.674133	-4.515110	-3.899756	-1.542611	-1.293305	-4.439197	2.976085	-3.817567
-0.407696	0.018003	-2.221424	-2.767920	0.069391	-3.530830	1.058856	-3.021770
2.606547	1.105097	-0.341698	-0.558853	-0.221211	-3.724852	2.992950	-1.036145
2.565696	-0.013726	-0.707279	1.052690	0.394689	-2.342162	4.441066	-1.260893
1.609450	0.977931	-1.420965	-0.366792	2.808491	-0.270560	3.365604	-3.189414
-1.118992	0.876569	-1.576058	-3.242198	2.386594	-0.785648	4.494563	-1.528909
-2.355229	0.701087	-1.198855	-0.537928	1.798098	-3.277225	3.248742	-0.772776
-3.816664	-0.116915	-0.410658	-2.855182	2.143205	-1.631892	0.896541	-1.622117
-3.546895	-1.195938	-1.180266	-2.653660	1.984413	-2.596948	0.082358	-2.024631
-1.193324	-1.465881	-1.408879	-3.307661	1.206623	-3.350194	1.819393	-1.353918
-2.412151	-1.712047	1.644303	-2.582886	-1.261965	-2.118030	0.347745	-1.173680
-0.504277	-3.392834	-1.796019	0.334166	-2.969252	-1.672657	-0.290687	1.451585
-0.420303	-6.500145	-0.980145	0.066194	-1.374937	-3.905874	2.349995	-1.585525
-1.592129	-4.691778	1.239625	-3.030701	-2.418020	-4.070482	1.521292	-1.599508
-0.334656	-3.712735	-1.993509	-5.382018	-3.887702	-0.709382	0.374102	-2.537266
-1.421684	-5.038716	-4.562647	-4.110159	-5.827283	0.044928	1.366225	-3.884798
-2.232415	-5.433821	-4.077188	-3.319822	-4.513263	2.207447	-4.017842	-2.941205
-0.422249	-5.595152	-3.984932	-3.297608	-3.539341	1.384474	-5.194599	-4.463686
0.928314	-4.122709	-6.455279	-2.799317	-3.806519	1.957110	-3.522547	-2.116142
2.069473	0.845809	-4.566729	-0.164548	-0.647096	-0.498147	-3.390387	-2.761374
5.262826	2.309899	-1.206081	0.881698	-0.307172	-0.920695	-1.279221	-0.202880
4.884474	4.226862	1.371564	2.460622	1.689952	-1.816535	-2.536550	-0.435761
5.333315	2.979397	2.858507	4.903324	2.292176	1.380033	-2.530974	2.302882
2.842849	5.352903	6.411748	5.824704	2.711800	3.644809	-5.814995	1.926050
4.355175	5.874481	5.295487	3.517662	3.230624	4.203093	-5.579915	4.125242
2.037592	2.513628	3.769824	5.071998	0.909647	1.730984	-4.937734	5.044158
2.529199	2.237845	4.087459	2.226911	0.390469	1.530383	-4.453854	4.684499
0.057296	2.820931	3.104394	2.875003	1.273290	-0.576511	-5.563776	2.491863
-2.163418	3.168286	3.593726	4.375073	3.998409	0.970503	-2.114601	2.716252
-2.185644	2.360808	4.085858	5.623522	2.678927	1.536324	0.512468	3.056364
-1.046983	-1.286803	1.591389	3.515248	4.557042	1.064053	0.308231	1.007099
-3.293936	-1.177248	1.488719	2.196653	1.210254	1.313988	0.596287	0.492659
-2.093503	-4.143126	-2.599752	0.055636	-0.474836	-2.280069	-0.903367	-2.816459
-1.883186	-3.163640	-1.330223	-0.299502	-2.479130	-3.258318	1.316269	-4.084753
-0.985885	-1.933689	-3.541295	-4.092962	-1.675127	-3.242561	0.319893	-2.409525
-0.388201	1.270925	-2.130668	-0.581244	0.803071	-3.395196	2.233203	-2.089273
-2.551635	3.790002	0.216260	2.064753	3.434964	0.409876	6.100699	0.347801
0.949913	4.574542	0.716287	4.033528	4.778752	2.171355	4.072478	1.505498
0.458141	4.340643	3.220214	2.284981	5.873234	-0.228759	2.306939	3.497918
4.393148	4.674905	2.568841	1.959412	2.724511	0.415535	1.113181	5.000260
5.273233	2.027627	1.795568	-0.254978	2.405280	0.253635	-0.820799	3.460724
4.428797	2.444408	0.872495	0.069710	-0.542658	-4.378857	-1.962201	3.479310
6.289637	1.998247	0.877222	0.084476	-3.782504	-3.108641	1.230273	1.418718
3.395253	2.826445	2.550950	-0.211680	-3.640158	-2.338419	-2.245579	0.974447
2.566844	4.387299	3.503978	0.561242	-3.137521	-1.669289	-0.700259	0.489498
-0.881891	3.913610	3.742506	-0.622558	-1.079394	-1.144352	0.161932	1.137471
2.459447	3.677376	2.334434	2.524419	0.693322	0.507293	-2.149907	-0.527235
3.515557	5.705196	0.327263	4.165874	2.718728	0.399645	-2.279079	2.338780
4.012239	4.993371	0.626392	4.174207	2.528022	1.649205	-3.307485	-0.576284
4.725491	5.724698	4.356521	2.785818	5.577104	2.464473	-4.956127	2.415873
0.708813	4.829577	2.976851	0.803005	5.801672	0.622248	-0.097406	-0.502350
0.565503	5.672208	3.359181	3.125470	5.395927	-1.923769	3.330276	2.179248
-1.795039	5.605189	0.838111	2.064612	6.414867	3.123922	4.092617	3.531766
-4.829414	5.720020	2.589341	2.609330	5.273192	4.610921	4.280315	2.191904
-3.256723	4.153400	2.017172	2.432525	2.716701	3.686428	2.192769	4.967662
-2.827667	-0.679273	4.235603	1.960597	0.688493	3.111143	-2.285824	2.101141
-0.950348	-2.864698	2.562034	-0.646755	-1.444133	2.259066	-2.210764	3.118538
-0.350265	-5.148478	2.197065	1.609368	-4.109877	4.063198	-5.352854	1.866755
1.121881	-4.162612	2.147496	-0.026532	-5.004041	4.947338	-10.373995	0.185692
3.645888	-1.412802	2.301527	5.105243	-1.402225	3.281787	-11.234690	0.348647
5.371855	1.735152	3.326058	4.111194	2.703970	2.220545	-9.827239	1.442722
4.225482	2.890049	1.836688	4.263919	4.733143	0.776211	-6.798946	2.931815
2.503168	2.248887	1.856818	4.529020	3.169892	0.716887	-4.743711	0.435027
2.739311	2.379065	0.712748	2.955995	0.291318	-0.380729	-4.820137	0.250057
0.425812	-0.086816	-1.105524	0.009144	-0.860081	-2.723235	-1.008025	0.724406
-0.703131	-3.996159	-2.818496	-2.094033	-1.182606	-1.453231	0.245123	-1.008727
-3.137618	-5.539763	-2.250369	-3.963436	-4.144857	-1.071218	3.014104	0.064657
-2.426951	-3.732530	-1.670043	-2.572266	-1.921237	3.379104	2.720818	0.219659
-2.566230	-4.423362	-1.425519	-2.770523	-1.394845	3.864237	5.401362	-0.376621
-0.816857	-4.040858	0.412703	-0.097108	-1.178984	2.650179	1.129734	-0.890784
-2.631631	-0.653320	0.810024	-4.155920	1.428347	4.307532	-0.125067	-0.280629
-0.793453	-0.524049	-0.993457	-1.229460	2.382446	1.742895	-0.872344	-0.449958
-0.552725	1.227255	-2.802640	-0.729829	2.993211	-1.198431	-0.716798	-0.192270
-1.911648	-1.499610	-2.076626	-1.139427	1.221043	-0.327647	-3.827132	-3.524365
-1.608021	-1.404844	-4.131014	-0.168054	-0.448161	1.574248	-3.391947	-2.612844
0.541255	-3.333449	-3.547305	1.682889	0.581698	-0.375145	-2.475244	-0.986707
0.055278	-3.382026	-2.580900	-0.654598	-2.120980	-1.200128	0.013173	0.163347
-1.229552	-1.334575	-2.504597	1.529585	0.183404	-1.042599	-1.217697	-1.536684
-2.338436	-0.384898	1.157701	1.894536	0.707947	-1.700158	2.952645	-0.658398
-1.578874	-0.083094	3.236795	5.460656	2.436449	1.333294	2.284396	1.034202
-0.794368	0.097533	1.656385	0.650444	2.550409	1.550258	1.152154	1.539119
-3.028116	-2.631015	1.032571	-0.239700	0.717726	-0.083965	0.948217	1.262850
-0.923221	-1.684641	-0.393549	-1.852278	-2.125802	0.588423	4.352384	1.295196
-1.566783	-3.177945	0.704826	-4.407689	-0.488477	-2.373975	6.720452	-0.781442
-0.915203	-3.105129	-0.000805	-4.303934	0.152702	-4.165261	8.895520	-1.119967
0.874920	-0.669392	-2.773042	-2.481413	-0.775168	-4.303034	8.480986	0.626624
-1.194016	-3.244637	-1.991385	-2.927528	-1.815688	-4.545594	6.947048	-2.313271
-1.810611	-3.093064	-3.832235	-0.082978	-2.482458	-2.428840	4.308903	-1.256553
-2.794066	-1.067374	-3.624193	2.132536	-0.250582	0.344227	2.367250	-1.341720
2.047220	0.737432	-3.863858	2.271513	-0.122558	1.268808	-1.228214	-0.557573
3.922845	1.328753	-1.727931	2.821953	0.969910	2.077203	-5.441789	-2.356513
3.360309	2.051588	-2.124013	1.046055	1.132922	2.993512	-8.023478	-1.420339
3.550012	2.300936	0.964797	0.442918	-1.528424	3.577936	-4.308183	0.807748
4.376453	0.557396	0.283596	-0.225158	-0.057429	-0.936426	-1.295406	0.900648
4.841132	0.822967	0.424086	-1.587074	-2.439694	-1.367973	-0.977549	0.142762
0.702649	1.008948	0.956766	-1.682730	-1.189321	-1.877806	2.136987	-0.917412
-0.761997	2.834939	2.058835	-0.203927	-0.306511	-2.728222	2.794699	-1.501374
-1.980906	2.804139	1.569492	0.264634	1.692735	-3.791124	4.917485	-0.104422
-2.730578	2.724645	3.337138	-0.227047	2.428315	-1.397510	4.519744	0.541341
-2.828113	1.859958	1.527571	1.078929	1.355927	0.004020	6.809974	1.792517
-0.374712	0.344777	1.329991	0.002161	3.109871	-1.210034	7.047772	1.498005
-0.858875	-0.071799	-0.495603	0.846248	1.106244	-0.835671	6.814237	0.527805
-1.116101	1.152428	0.826190	-0.431509	3.127947	-2.729492	5.440867	-1.289483
-3.615492	0.408558	-1.464033	-2.934513	0.796976	-5.449897	5.027661	-1.686460
-2.584547	-1.622209	-1.578770	-3.644263	-0.477470	-2.485085	2.352515	-3.680725
-0.277966	-1.529176	-2.594123	-3.190260	-1.619591	-0.689155	-0.333371	-2.407379
-2.942849	0.137058	-1.525793	-3.630505	-2.267489	-3.783208	2.589400	-3.009722
-1.720296	1.912391	-1.726980	0.172001	-0.561866	0.136956	2.450926	-0.882853
-1.022607	1.637523	-0.906784	0.042557	1.028277	3.092637	0.141007	-2.139874
-2.659583	4.675352	1.317393	1.350863	0.757238	3.151337	1.652539	0.784516
-3.279122	6.325578	0.698651	2.689418	3.023116	4.378855	-1.065978	1.361717
-1.448425	4.622101	1.489790	2.937221	5.483810	1.372091	0.399052	2.108929
-1.375292	3.535518	2.114508	4.196472	5.027617	0.489245	1.936629	0.229451
-1.399323	1.377131	2.084505	1.819269	3.654237	-1.202882	2.209351	-0.159117
0.085383	-0.781064	1.465481	-1.826488	-0.592631	-5.001390	3.551216	-0.752074
-2.155273	0.970935	1.005034	-1.752900	-2.032591	-4.678280	4.365322	-0.217821
-1.800093	2.260026	0.345864	-2.277469	-0.207642	-3.665850	7.725267	-1.637158
-1.793275	2.019808	-0.852029	-0.148293	-0.577886	-1.863101	6.613550	-1.350085
-1.405919	2.540081	1.446752	-0.804376	-0.130925	-0.694432	5.676369	0.611097
-0.503025	2.957443	2.020609	2.677284	-0.413860	-0.497344	3.432922	1.541490
-2.695692	-2.368205	2.656239	0.511284	1.442606	-0.734836	-0.902492	0.445192
-1.850121	-3.621165	3.504943	-0.575876	-0.133526	-0.018108	0.510424	0.237304
-2.593709	-5.262437	3.259619	1.661603	-0.537959	0.538140	-1.704730	1.336425
-0.481858	-8.023122	-1.620933	-3.898180	-2.263794	3.607508	-2.676157	-0.435644
-1.075165	-5.666220	-5.261215	-4.615725	-5.959532	2.849597	-5.597958	-3.555804
-3.320632	-6.401133	-2.684326	-2.702734	-7.639076	2.523306	-6.373934	-3.168455
-0.490657	-5.810161	-5.632568	-6.051707	-7.253726	3.710836	-5.519588	-3.126596
0.613261	-2.719904	-5.175941	-4.034846	-2.303783	0.888286	-5.338621	-4.484328
-1.825279	-2.244163	-2.334947	-0.193751	-1.737750	4.342357	-4.884434	-3.101451
-2.348974	-1.985039	0.243014	2.947577	0.478172	2.629050	-6.284629	-1.175566
-1.836725	-2.494632	0.800541	3.062437	0.272982	1.490763	-6.182708	1.428329
-0.551531	-1.169643	4.480433	2.329329	3.247978	0.311398	-4.982571	0.798233
-0.165590	-1.105873	2.738589	0.759150	1.102259	-0.369446	-4.266021	1.808745
-2.514103	-0.776621	4.834609	0.863101	2.761924	0.717431	-1.637959	1.855967
-1.722268	-2.335989	5.691991	1.069380	-0.530229	-3.068271	-0.395386	1.422697
-0.541184	-2.494576	2.332635	0.827086	-0.735301	-1.822550	1.176696	1.149936
-3.369751	-3.871584	2.670240	0.881920	-0.500093	-1.073709	0.910586	1.465684
-2.161367	-1.764313	2.836605	0.720778	0.989592	0.487455	0.907783	0.783340
-0.070132	-1.778663	-0.016072	-0.127038	0.322854	-0.475860	1.357985	0.896605
-1.064144	-3.466635	0.151010	-0.875731	0.835491	-2.653153	0.102190	0.051379
-0.960803	-2.974228	-2.062151	-1.631001	-1.105498	-3.002025	3.635699	-0.996239
-1.097707	-4.027945	-1.859755	-2.508750	-2.616114	-3.590774	2.543709	-2.957748
0.287345	-3.243384	-3.085004	-2.308277	-1.738759	-4.019402	4.200719	-3.906349
-1.148047	0.816654	-2.886199	1.144116	0.351666	-3.261908	4.227828	-3.843841
2.808820	2.017568	-0.702840	-0.140272	0.459460	-1.450992	3.942835	-2.262324
2.782745	4.629058	2.241972	1.012158	1.172621	0.423646	3.885838	0.027701
0.973131	5.729524	2.637536	2.175005	1.240549	0.383505	3.293137	-1.857866
-1.487521	3.204266	1.489550	0.797668	1.336741	-2.302613	1.538930	0.830577
-0.993511	0.890583	0.638414	-2.725854	-0.411604	-2.430910	1.084517	-0.511473
0.975164	-1.677425	-3.038773	-2.093161	-0.113986	-2.976685	0.891996	-0.304413
4.438504	-0.529958	-0.481912	-0.196855	-1.834307	-1.397238	1.459367	-0.011245
0.660711	-1.314717	-0.977704	1.948464	-0.261168	-1.918570	0.872027	-1.088369
0.741086	2.379899	-1.635250	1.901994	0.954829	0.905720	-2.314423	-0.111083
1.441730	2.642389	-2.288450	4.143635	1.490984	4.927431	-6.330184	-1.860889
0.102446	1.490854	1.332093	3.946885	-0.007404	4.654864	-5.638158	1.792913
-2.851766	-1.452107	0.580180	0.346044	-2.698338	3.182119	-9.097945	1.468324
-0.576004	-2.554195	-0.003391	0.068610	-1.578118	2.133194	-7.934347	1.596145
-1.991366	-3.840708	-0.223821	0.058883	-0.414945	-0.923209	-4.168863	1.879673
-2.908752	-4.331348	0.470490	1.602062	-0.384920	-2.564791	-1.927295	1.667811
0.893341	-1.136614	2.346040	1.278046	-0.011744	-2.967053	0.195857	0.326358
2.836914	-0.270406	1.088529	1.641833	0.887181	-1.121893	-0.727209	1.660913
2.931868	1.809475	4.286555	-0.673976	1.115755	-0.521613	0.391908	1.180377
2.123905	3.430731	1.299218	0.113616	3.171176	-0.742713	-0.051993	-0.060849
-2.476873	2.108460	2.719916	1.603910	1.497543	0.719508	1.527286	0.736033
-2.874264	2.234163	3.758749	1.069403	-0.722344	1.209549	-0.288554	-0.823875
-3.204267	-1.079260	2.361816	0.687196	-2.148987	-0.052690	-1.120715	0.309225
-3.037081	2.786491	0.171815	-0.044413	-3.387586	5.450291	-5.491696	-1.101665
-2.183304	2.462616	0.898347	2.690276	-5.355043	3.895191	-4.973098	1.339755
-1.017333	2.214116	0.378509	2.739360	1.644341	4.131711	-7.951321	-1.018317
-0.091867	0.662390	0.285201	3.318641	2.174567	2.414750	-9.957067	-1.131279
1.297795	0.055239	-0.233278	0.099415	1.170331	0.738808	-8.319435	-0.939331
2.870955	3.489462	-0.397929	1.275984	-1.452765	0.276784	-6.947525	-1.565074
2.003115	1.236861	1.259447	0.822545	-1.144424	0.829479	-6.426239	0.560993
0.265077	4.945035	1.838849	-0.561602	-0.228745	1.226292	-5.595976	0.021269
-0.822158	4.153584	0.080177	-3.329659	-1.211030	1.917723	-2.673536	0.561056
-0.979387	2.450210	-0.145371	0.689175	-4.827580	1.340972	-3.141520	1.985352
-2.833409	-1.611288	-0.594595	-1.864802	-3.031396	3.896438	-5.645528	3.921558
-2.635522	-2.401310	1.934403	0.902409	-2.397177	4.784721	-5.064160	4.810275
-2.823424	-2.526155	2.522722	1.624407	-1.479425	4.031721	-7.952916	3.089401
-2.480714	-4.121023	2.183163	0.160392	-0.585741	2.950637	-8.130996	2.278138
-0.453589	-3.034513	3.138023	1.601862	0.235274	1.622569	-6.858500	4.795485
-1.453749	-4.923026	0.258402	-0.916583	-2.509779	3.358718	-7.846429	2.112743
-2.345090	-3.325359	-0.587601	0.509756	-2.707502	3.818281	-6.797882	0.631111
-0.129311	-1.367114	-2.070386	-0.201922	-1.800996	4.036560	-7.958558	-1.860009
-0.290810	-0.814790	-3.331555	2.637181	1.630340	4.038454	-2.530059	-0.486020
1.685214	2.706014	-1.321209	3.791267	2.562804	4.230862	1.409216	0.893881
-1.041436	0.173998	-0.954947	3.325132	4.737095	1.322484	4.317967	1.450493
-0.358858	0.836964	-1.251672	1.075077	4.698714	-0.728380	6.652595	2.617516
-1.309652	0.123710	-1.409684	-1.911099	4.367760	-0.118431	7.196099	3.591450
-1.799414	-1.033262	-1.702284	-2.417597	2.205231	1.720831	5.726980	4.982596
2.331757	0.342249	-0.118772	-2.931218	1.664828	-0.329894	4.424638	3.365553
4.262062	1.197843	-0.086050	-0.826663	0.647651	0.162093	2.088374	1.585922
4.118005	1.092621	0.518982	-0.610532	-1.137602	-0.140009	0.708688	2.834403
4.923486	3.350783	1.183523	-1.273427	-2.227631	-0.802099	0.859480	-0.415104
5.111307	0.398130	-0.616827	-0.857348	-2.176036	-2.480979	3.175951	1.717201
3.354371	-0.497438	-0.600570	-1.435995	-2.029917	-1.831248	1.177900	0.130118
0.888479	-3.488819	-0.881606	-1.604570	-3.084676	2.620693	0.139529	-1.001052
0.456133	-1.912114	-2.683636	-2.421174	-3.591912	1.446644	-2.510362	0.520590
3.118035	-2.873020	-2.605960	-2.417606	-3.869825	2.988304	-2.571372	-2.439056
0.899886	-2.616239	-4.564780	-1.723568	-0.746517	2.525772	-2.556001	-1.649088
-0.491710	-2.910267	-3.543196	-2.037061	-3.497187	2.489649	-1.986849	-3.791307
-1.113054	-5.009506	-2.869909	-3.516585	-4.252935	0.589234	-2.509714	-2.191514
-1.828542	-4.650555	-3.583019	-4.217142	-3.635262	1.505525	-3.112896	-3.436506
-2.727173	-4.697911	-3.923426	-1.185730	-3.513968	-2.149076	-2.312995	-3.891986
-1.266346	-2.825276	-4.140333	-5.176853	-1.186854	-4.364671	1.356191	-2.186451
-1.517358	-0.995047	-1.718638	-0.886309	-1.186119	-1.148460	1.818062	-2.088803
-0.244707	2.769176	0.351756	0.876200	0.740737	-2.120844	0.066218	1.126160
1.232708	4.841394	3.891250	-1.279226	0.048712	0.877577	-0.983239	2.558136
1.856188	2.992508	3.119844	2.937011	0.653108	1.522303	-1.998409	4.319627
2.220636	1.537118	3.741435	2.365312	1.615224	-1.410867	-0.002090	3.660633
2.618654	-0.557173	3.015525	-0.593324	0.965260	-0.828134	0.667717	4.283254
3.047742	3.304633	1.035412	-0.147298	-3.384885	-2.514698	1.091915	3.331790
2.330803	-0.416660	2.086196	-1.222611	-0.697809	-2.958759	-0.847097	1.649541
1.585239	1.257346	1.777877	-0.392463	-2.062714	-2.558419	0.147782	0.555107
3.218951	2.772055	-0.271247	1.225546	0.716401	-0.004776	0.858455	-2.331910
1.391940	3.821065	-0.777075	2.930914	2.617436	-2.003133	0.076320	-2.262012
1.653309	0.094280	-1.790707	1.806842	0.443391	-1.550689	0.640381	-1.048198
-0.616841	-1.338202	-1.862146	2.002128	0.199366	0.649454	0.170836	-2.700167
-0.175109	-2.595577	-1.416489	-0.958428	0.246561	-0.074702	0.776489	-1.942319
-2.054693	-4.618346	-1.951139	-4.290626	-1.894324	-4.254660	4.785939	-0.829055
-3.654491	-3.509608	-3.194296	-3.565266	1.014211	-4.230218	4.069987	-3.484373
-3.328702	1.028040	-0.870859	-2.182550	3.465967	-2.667979	8.065535	-2.994674
-0.569824	2.010997	-2.247029	-1.936978	3.944243	-3.454042	8.768284	-1.155957
2.618944	1.422965	-1.534606	-2.737450	1.845640	-1.059408	8.047435	-1.317722
2.216704	2.948746	0.328209	-1.398366	0.559458	-3.249178	7.190388	-2.637669
4.213757	-0.174961	-2.304484	-1.523828	-0.620203	-0.356251	8.361946	-0.647198
3.297704	-0.483553	-0.168285	0.066865	-2.063242	-1.340528	4.875509	0.226293
3.434247	0.287771	-1.870095	-1.955488	-2.284160	-2.573410	2.408078	-2.911998
3.414987	0.108111	-3.347113	-1.355088	-1.309256	-1.422297	2.065855	-1.588868
2.824126	0.277469	-1.486539	-0.847534	-1.713229	0.919510	-0.600459	-1.984520
2.278365	-0.382554	-0.920375	0.296673	-0.768280	1.009511	-2.549064	-3.962651
4.237504	-0.216957	-2.561819	-2.653567	-0.517208	0.188306	-2.854157	-1.818361
3.577847	1.846262	-1.245073	-1.519855	-2.091212	-2.445106	0.063862	-2.691151
4.210193	0.585304	-0.396535	-0.766490	-1.302793	-1.805826	0.105794	0.199080
4.035943	-1.198030	-2.465507	0.075026	-0.208249	-0.786653	0.225042	0.009633
2.666500	-0.216039	-1.092688	0.654394	0.510819	-1.418989	1.354705	1.000907
3.201264	1.735978	0.530022	0.567313	1.507412	-2.034933	0.413485	0.954704
2.824536	-1.313576	-0.588578	-0.015817	-0.400369	-2.472086	0.310084	1.725923
0.493718	-2.292602	-1.079586	-0.277596	-3.387325	-2.494549	1.078003	1.591966
-1.245990	-2.762597	-1.346404	-2.171725	-1.113554	-2.364921	2.085743	-0.778969
-1.304986	-0.042861	-2.500831	0.370198	1.174844	-0.691604	1.669405	-2.866579
-3.037070	1.593509	-0.249466	3.175770	3.896170	-0.809997	-0.653410	-2.557266
-2.584040	1.126812	0.050789	3.154993	4.200223	0.440400	-2.731200	-1.379428
-1.451296	1.756252	1.985836	1.618966	3.713205	-0.021515	-1.984563	-1.924165
-1.862137	3.184828	0.772074	2.290889	1.893016	0.668059	-1.027400	-3.171276
0.903739	3.173143	-0.071095	1.799562	-1.964442	-2.463579	-0.763807	-2.006562
4.334331	3.995598	0.838727	-2.434316	-1.101971	-0.903329	2.279015	-1.181921
3.104242	2.471093	1.996941	-0.998543	-3.901468	-0.131792	0.385068	-0.854754
3.041071	0.893031	1.806548	-1.776721	-3.505834	-2.044567	0.265954	0.207241
3.302919	0.300413	-0.881952	-4.352849	-0.780167	-2.988454	1.414473	-1.307536
1.587588	-1.747759	0.523440	0.091573	0.710332	-1.100755	1.508928	-1.997386
0.358377	-2.148785	0.608427	1.137145	1.479066	-0.099670	0.228718	-0.696806
-0.984012	-2.457163	1.404407	1.600367	2.259634	0.909102	-1.565554	0.590903
-3.856479	-2.479892	0.895781	0.434138	0.024337	2.005261	-1.316787	2.573542
-4.248324	-0.748469	1.012450	1.015860	1.613177	4.199905	-5.307581	3.335811
-1.324345	-1.835295	-1.786085	1.200432	1.550553	3.397236	-4.157133	4.035611
-0.097543	-0.815666	0.452275	1.230255	-1.228033	-1.516848	-2.219143	3.335543
0.229984	-2.884582	2.248231	-0.672572	-0.022181	-0.870546	-1.891010	3.232207
0.842635	-3.167641	1.166183	1.366552	-3.682290	-2.176659	-3.557031	2.286903
-1.995889	-3.949043	0.165733	-2.398874	-2.654959	-2.236986	0.725693	0.427532
0.665813	-3.116284	-3.074519	-5.091748	-3.141587	-2.009228	0.412765	-1.940004
-1.863660	-4.933165	-3.258073	-2.771571	-3.893073	1.050015	-3.238015	-4.492606
0.262993	-3.242783	-3.013427	-1.512742	-1.079216	4.468844	-3.268146	-4.878273
3.907073	0.068663	-2.547082	-2.648461	-1.062416	3.415158	-3.655626	-3.213005
3.169380	1.909975	-1.967337	-1.035328	-3.283872	4.557457	-6.769554	-1.156800
3.960013	2.238653	0.124209	-0.530242	-1.350383	3.900841	-7.085930	-2.187557
0.853473	5.195100	0.422258	-0.841103	0.538553	0.803811	-5.086951	-0.541078
0.011160	3.859517	2.704608	1.308289	-1.894164	-1.372934	-0.243317	0.259641
-3.743326	3.370906	0.241263	-0.482664	-0.738432	-2.329894	-0.379927	0.067098
-3.627884	1.440467	1.740821	-0.383164	-0.860352	-1.127068	1.776120	-0.155205
-4.927515	1.628304	1.827984	1.509991	-1.165321	-0.950956	0.052726	1.632233
-4.333119	0.189016	-0.824447	1.745501	-0.190140	1.775841	-0.835110	0.931512
2.152205	-1.817195	0.023529	2.272467	1.614594	-0.110076	-1.448384	-0.643867
3.296456	-0.901726	-1.249087	1.796089	1.825481	1.886393	0.311502	1.545897
4.756634	2.036823	-1.432995	1.766768	0.278222	0.565949	0.645951	3.338004
4.689839	2.158155	-0.605793	2.359504	2.471718	-1.225909	3.988163	1.781756
3.308670	0.076970	-0.521781	-1.132102	1.610171	0.306120	7.593139	4.058353
-0.740872	0.482170	0.286143	-0.294149	-0.069419	-2.611464	5.927280	3.274896
-3.358387	-1.247943	-1.631621	-1.671037	0.992749	-2.901660	6.924588	2.110086
-2.838776	-1.960968	0.940229	-2.104665	-2.126423	-1.754869	4.391862	1.550723
-2.939340	-0.877503	0.778993	-1.642933	-1.010934	-2.647790	4.050304	0.998509
-2.570778	1.976953	0.574173	-0.194439	-1.122884	-1.680222	1.336314	0.838144
-0.279391	3.012602	1.665870	1.858317	1.077129	1.040134	1.014394	-3.502171
0.264921	2.128945	2.305886	2.492835	1.232006	2.063180	-2.265356	0.164465
-0.364843	4.886284	1.792920	3.597817	0.289549	1.120615	-2.975236	3.751653
1.974117	3.284821	3.868675	4.482964	4.556958	0.567440	-1.639844	3.627094
3.184800	4.988456	2.748751	0.956975	4.508134	1.340556	-3.533979	4.041689
4.186406	4.457692	2.583150	2.281353	4.640179	-0.049837	-0.379842	3.945239
5.257634	4.454730	4.268173	-0.563702	-0.042306	0.286062	-0.311730	5.694244
1.050884	0.875571	2.478121	-1.127889	1.986480	-1.342547	0.917555	2.589406
-0.264846	-2.396482	0.334997	-3.190908	-3.445262	1.025537	0.143316	3.206425
-2.365955	-5.157729	-1.890400	-5.735956	-6.989031	1.177815	-2.356649	2.480203
-4.260344	-7.544768	-4.745768	-3.391334	-5.054124	0.093886	-1.127537	-1.193459
-3.576614	-6.043797	-3.293305	-4.131440	-4.889042	-0.492448	0.860052	-3.408161
-2.008666	-3.658515	-5.309410	-3.360673	-2.093683	0.816014	3.647917	-3.992702
-0.450101	1.054780	-3.766482	-2.467332	0.281055	-1.897728	3.024060	-5.762280
-2.473919	2.548788	-0.609918	1.633083	-2.556928	-1.953474	5.832981	-3.464994
-1.332721	3.938913	1.117381	-1.652625	2.313271	-2.943321	4.667881	-2.401544
0.179092	4.252455	1.052019	0.229844	3.368951	-0.406171	4.132759	-1.599628
1.240519	4.858915	2.548995	-0.684908	4.439815	1.925579	2.501217	2.080955
5.105660	3.513996	2.016913	0.025119	5.172064	2.657530	-0.341946	1.255505
2.063412	3.887799	1.430772	-1.257973	3.985499	2.568581	-4.910629	-2.327875
1.053676	0.256724	0.392975	-0.805883	2.010421	2.694134	-6.223732	1.770014
-3.021950	-2.743525	-0.845676	-1.292910	3.745532	4.065790	-1.550555	-1.310725
0.561734	0.168251	1.436019	-0.617452	3.462133	2.582049	1.587303	-2.374593
-0.511674	1.398356	1.291863	1.314092	3.939725	2.632613	2.821342	-0.768187
0.910225	1.458089	1.469457	-1.950377	1.142509	1.511283	4.562962	-1.463506
1.119830	0.613054	-0.007597	-0.167258	0.084988	-4.199740	4.475663	-2.588850
-1.080860	-2.650350	-2.691698	-3.619449	-1.224338	-5.814156	2.925145	-1.380817
0.663954	-0.457720	-1.503344	-0.432848	-5.183268	-1.384862	2.008609	-1.550406
0.979372	2.204545	-1.324434	-0.861254	-3.147000	-2.316859	0.936854	0.717384
0.246090	2.240446	1.252335	-0.283267	-0.726532	1.442755	-3.641720	3.330154
-0.125191	0.979686	0.903663	1.602016	-1.999464	1.042181	-2.798912	2.626606
-2.138773	0.303064	-0.995046	2.075197	-1.170094	1.106121	-0.696522	1.948840
-0.163556	-3.378916	-0.359493	-0.985824	-1.007521	0.837275	-1.723851	2.944558
-0.658843	-5.758754	-1.819974	-2.974045	-3.222143	-2.387655	-1.914299	1.472961
1.304465	-3.663648	-2.676588	-2.754263	-3.688559	-3.532868	0.773534	1.929650
2.100267	1.503002	1.336866	-1.171779	-3.454268	-2.067862	0.542649	3.721927
1.358163	2.447699	0.363891	-0.766589	-1.983567	-1.347538	2.426844	1.097593
2.175249	1.789244	0.869987	0.698107	-0.744357	-0.964792	-1.533880	1.053048
-2.120074	5.527638	2.639158	3.633511	0.041465	1.413976	-2.861123	0.323395
-3.158908	4.514283	1.567504	4.996026	1.101200	2.408867	-3.101886	-1.240366
-2.371455	0.981680	1.686528	4.292252	0.602349	3.323083	-4.409969	-0.227534
-1.217216	0.587231	2.840531	3.351891	3.454313	1.473025	-5.420772	0.362794
-0.729192	1.005436	3.101316	2.618046	1.519195	1.443695	-3.253196	-0.434283
-0.257285	-0.726703	2.204883	-0.781583	1.425595	0.462695	-3.527941	-0.215862
0.017303	-1.640385	0.042535	-0.863093	2.614915	1.624525	-2.753007	1.918858
-1.300928	-0.475307	1.296974	1.231418	2.718857	2.646786	-4.400495	1.946878
-1.934781	0.192130	1.018402	3.368350	4.537020	2.579782	-3.301304	2.686999
0.479144	3.634129	0.768320	3.135107	2.550208	2.558613	-5.084837	3.180922
-2.468056	2.483890	0.779830	1.623190	0.841222	-0.699020	-3.260192	1.589449
0.930019	-0.885884	0.488135	2.731201	1.146662	1.152185	-2.562871	-2.517819
-2.016433	-0.332794	2.637635	2.894742	-1.685670	-0.183169	-3.009974	0.863920
-2.368115	-2.832437	1.931033	4.133115	-0.181172	0.060517	-3.402302	1.125666
-2.306727	-0.492112	2.544732	4.760021	2.268257	2.897047	-2.228554	1.533621
-3.174370	0.234182	3.476232	4.036063	3.675718	1.757121	0.818367	1.461086
-1.170247	-0.503453	1.459136	3.345442	4.502513	1.425142	-1.027237	-0.067938
0.421841	0.149282	-0.264355	4.505661	1.903943	1.639311	-0.034269	-0.576049
-2.525808	-0.742909	0.580962	1.609722	-2.287891	0.661929	3.047572	-1.668545
-1.426895	0.989373	-1.749512	3.434927	1.125714	0.517699	2.348884	-0.020327
1.904778	0.356130	-0.722474	4.025177	3.544058	1.271822	2.697567	1.908509
4.170810	0.305164	-1.254023	2.810876	2.381343	1.300199	4.533921	1.801162
2.771998	0.431075	-0.028957	0.509124	1.551569	-0.046666	4.381844	1.850034
1.991442	0.124065	-0.497774	-2.074375	0.542240	0.318127	4.724036	2.345626
0.431240	-3.989466	-0.876672	-1.489021	-0.744645	1.653880	1.429596	0.337441
-4.756810	-3.984916	-1.774549	-0.295009	-3.815984	1.602894	-0.703276	-2.453022
-2.670510	-3.936284	-0.765203	-0.504539	-5.398275	3.046773	-2.597583	-4.275460
-2.140861	-1.163568	-2.124232	-2.585109	-3.981117	2.998018	-0.992924	-3.633073
-1.763565	-5.371169	-2.192934	-2.723915	-2.169908	1.456730	2.788800	-4.475859
-0.764324	-0.725085	-1.425108	-5.270857	-1.404148	-0.372389	5.741588	-3.057517
0.982862	-2.222414	-4.187151	-1.230330	-0.609834	-1.336637	2.946039	-2.428646
3.122189	0.834044	-0.475362	-1.701334	-1.348266	-4.130311	4.680352	-1.468044
2.517058	0.537091	-1.806838	-1.872566	-0.007343	-5.421510	2.373426	-2.575011
6.208965	2.126727	-1.831878	-0.790724	0.168038	-3.360733	0.223460	-0.384544
4.054809	0.073453	-1.643779	-1.296205	-0.275522	-2.669376	0.127853	-3.035943
2.515388	1.450071	1.100159	-2.448408	-1.925522	-0.577939	-0.980095	-0.780407
0.590502	-2.303919	-0.857260	-3.403229	-2.890861	-1.372119	0.664214	-1.729734
-2.603752	-2.321715	-0.615935	-3.334866	-3.148238	-2.898515	-2.211121	-3.387223
-3.494976	-2.347418	-1.171564	-1.759618	-3.740150	-3.759623	3.204000	-4.350973
-2.430170	-1.880125	-2.800646	-0.571581	-0.601497	-1.724444	1.371275	-2.254582
-0.662138	1.129464	-1.822578	-1.646454	3.624922	-2.498073	-0.662297	0.908950
-2.360180	-0.739150	-1.424758	-3.665234	1.338310	-1.977010	-0.452217	2.582725
0.100302	-0.121366	-1.239485	-1.884218	0.851367	-0.679353	-0.802385	2.786243
-0.148493	-1.398483	-1.506056	0.133496	0.588394	1.034902	-0.917403	0.431107
2.585131	-3.027900	-0.600870	-0.256990	-1.711307	0.620854	-1.278473	0.250217
