X1	X2	X3	X4	X5	X6	X7	X8
-1.355910	-2.074286	-1.936632	-2.413449	-3.760270	-4.236295	-2.519125	-4.293023
-0.115233	-1.004897	-2.618390	-3.714383	-2.067614	-0.650816	0.812094	-1.721579
-0.681194	-0.649802	-2.208441	-1.260856	-1.678763	-1.747572	3.351742	-3.554471
-1.118594	-0.371800	0.136516	-2.755972	-2.254817	-2.152766	4.750720	-3.922102
0.152868	-0.839491	-1.505018	-2.240631	0.756421	-0.859200	3.238731	-1.420175
0.931391	1.346526	-0.555744	-1.649934	2.246051	-2.387976	5.244777	-3.082590
3.323377	0.313351	-0.831262	-2.317184	0.810670	-0.866795	5.426460	-2.944652
4.258924	0.684985	0.565829	0.253218	1.344677	-3.146760	3.731981	-0.964061
3.130233	0.272329	-1.958072	-2.476229	-0.070128	-1.507773	5.956143	0.211979
2.155304	-1.587718	-1.106364	-0.567726	-1.927349	-3.161636	5.106248	-3.892034
0.455738	-1.042355	-0.523547	-1.430875	-1.594686	-1.305752	3.512498	-3.124401
-1.768867	2.671619	-1.386622	-2.617578	-1.955542	-1.143522	1.928095	-1.224924
-2.193409	1.572304	-0.492087	-0.483936	-3.118817	-2.926948	-0.383460	-1.656207
2.336911	2.333500	1.019157	-0.138251	-2.445813	-2.528733	1.447737	-3.020751
1.036593	5.246608	1.027009	1.085977	-0.922032	-0.969678	4.427386	1.505341
-0.011162	5.859129	5.819971	2.701646	1.837925	-0.944387	2.356390	4.570669
-0.063155	3.960363	5.498842	2.641554	2.586056	0.162140	1.662550	3.435128
-1.453585	1.602910	3.899523	2.529100	0.021359	1.886700	1.323070	1.501819
-0.874353	-0.310729	-1.332788	-0.261618	2.418734	-0.845609	3.627450	0.464138
-0.267258	-3.635653	-1.683988	-0.133500	2.020178	-1.301189	3.067693	0.361683
-2.009100	-5.069963	-3.253379	-2.235849	0.692690	-0.020843	0.725701	0.225153
-1.049380	-3.562757	2.451739	0.210435	0.482568	-0.176972	2.704475	-0.543455
0.156303	-0.552636	2.678167	5.661850	-0.055489	0.544522	1.752617	-0.468542
-3.098451	-1.547699	0.940606	3.755495	0.528118	-1.695363	0.849130	-1.556511
-1.393743	-0.929945	-1.549147	2.527567	-1.383414	-1.372830	-0.443484	-1.388263
-0.363471	-0.322574	-3.517189	-1.538833	-0.940586	0.556719	-1.266224	-2.276100
-2.992237	-0.905285	-4.972521	-4.983707	-2.135499	-0.644817	0.333812	-1.239324
-2.639640	-2.067279	-4.029343	-7.551057	-2.005755	-0.567741	-0.084074	-3.176237
-0.936480	-0.626454	-3.867056	-6.536385	-2.517555	-1.322555	-0.684779	-2.905841
-0.317358	-4.249610	-1.858158	-3.491690	-2.052802	-3.299761	-0.870903	0.432063
-1.081472	-0.173347	0.433550	-0.805975	1.149804	-3.710660	0.911957	2.167072
-0.889824	-0.074464	0.040168	-2.035041	2.285561	-2.259655	-0.678397	4.512086
-2.150313	-0.384662	-0.771704	-1.280790	2.427368	-0.744348	0.723537	6.086402
-0.989739	-2.830038	-1.736965	-3.604422	-1.084778	-0.801341	-0.619641	5.308218
-1.258402	-2.221594	-3.485817	-0.308239	-1.217378	1.295565	-3.558126	3.132633
1.513298	-1.867728	-3.702458	1.667959	-4.299232	2.125767	-2.475819	2.060746
2.953660	-1.655340	-2.299389	3.842268	-3.371644	2.300363	-4.892417	2.000754
1.916685	1.695470	0.988090	5.012990	-3.034413	2.007251	-5.106617	2.457956
0.585673	0.353003	0.234480	3.884621	2.475658	1.828130	-1.185520	1.968050
0.647723	-1.801442	-0.950421	3.314861	4.245767	1.777197	-4.295622	2.545935
-1.903363	0.080037	0.875689	4.558009	1.483914	1.690151	-4.497421	4.524809
0.827013	0.053540	3.344709	2.935464	0.692496	1.463489	-3.728517	5.330171
2.084851	1.987367	3.983539	3.617323	3.668913	1.443510	-3.626306	3.849318
3.828352	2.522219	6.317279	1.834287	5.634463	2.275212	-1.109789	3.376251
7.290215	3.647696	4.565629	0.627953	6.689143	-0.063707	-1.497661	1.261867
5.938741	5.336098	3.109989	0.850221	6.070054	2.280651	-0.023123	1.243064
6.327029	3.710025	-0.224041	-0.793210	5.047493	-2.223815	0.706728	-0.505958
3.214580	0.353079	-2.635961	-0.329743	3.307759	-1.334109	-0.796206	-0.885002
-1.635808	3.140059	-1.701272	1.343723	0.622150	-1.871230	-1.530124	-0.511568
-1.639433	1.858165	0.746727	5.027986	0.745565	4.624518	-3.303525	0.453042
-3.867096	2.752199	5.089535	4.964244	-2.319398	3.194635	-6.379005	0.640426
-2.626197	-0.439240	4.006553	2.528997	-2.348939	3.934118	-8.306664	0.521985
-0.992037	-1.734152	3.356380	0.307143	-1.351761	4.753865	-8.549500	1.542715
-1.592214	-0.892935	-0.147183	0.682082	-1.944965	2.903175	-3.851211	1.841315
-0.342030	-0.693891	-3.948838	-1.932989	-2.142252	0.947347	-1.432996	1.258686
-0.319184	-0.199117	-5.093484	-2.172769	-0.444225	0.756778	-0.992652	-2.091176
-0.220177	-0.391316	-3.315121	-4.010860	-0.724883	-2.150833	-0.112279	-4.465070
-0.328508	-1.119385	-3.602350	-4.507464	-1.779629	-0.542188	1.373125	-3.440399
1.886022	-3.975124	-4.027571	-3.046381	-2.612264	0.944611	-2.626738	-4.208263
-0.459987	-3.855134	-3.641983	-2.392913	-2.122889	1.024063	-6.149866	-4.050264
-0.592234	-2.575515	-0.680187	-0.313760	-3.259307	3.319367	1.280942	-2.311103
-0.628321	-0.907565	-0.984584	4.011777	-0.869818	4.440720	-0.238212	-2.586581
-0.943147	0.114015	-1.168773	5.513095	2.923777	2.884421	3.614373	-1.921998
-1.652812	1.716525	1.835745	5.853195	2.400376	6.495469	4.805999	2.085842
-0.859317	1.228466	3.249870	4.677575	2.532477	4.882062	4.399568	2.615241
-0.072161	-0.412562	6.153601	4.263534	2.065979	2.541098	-0.036520	-0.151304
0.040556	0.363840	3.477739	3.259171	0.930581	1.529976	0.975438	3.375906
-0.868268	-2.332926	4.631283	1.892484	3.836382	3.230695	0.693743	3.048171
-2.858831	0.668039	4.967133	4.219774	2.111379	0.897753	0.824397	5.238490
-1.702435	2.386336	2.819789	3.920639	0.404872	1.967549	-2.105899	3.401560
-1.580079	1.569664	1.460849	1.584277	1.330360	0.841981	3.139157	2.966182
-0.232063	0.004023	-2.088585	-3.417112	-0.570859	0.398747	4.322365	-0.028546
-0.456487	-4.422085	-4.641515	-7.672829	0.802313	-1.507253	4.061229	-2.209124
-0.128553	-3.916762	-4.700041	-8.054475	-1.001724	-1.618020	2.210648	-6.092754
-2.366759	-1.466906	-4.094264	-3.115952	1.529928	-2.011557	1.184425	-4.891437
-0.133806	1.558281	2.641217	1.864140	4.179268	-0.815865	3.820661	-3.498374
1.563306	1.279500	5.301401	2.327099	5.854494	-1.066845	3.110657	1.346135
-0.787524	2.681752	6.388888	0.815226	4.317406	0.577803	4.591915	0.558289
-0.784594	-0.737065	4.373876	2.688218	4.574201	0.071675	4.858136	3.644186
-1.075207	-1.316749	0.627366	-0.373126	1.309979	-2.208827	0.919622	0.462626
-0.832161	-3.010601	-1.028243	-1.766406	-1.956062	-0.617907	1.649374	3.275208
-1.534557	-2.047421	-4.094951	-4.611723	-4.068022	-2.471465	0.109394	2.286431
-1.121495	-2.693109	-5.028260	-3.141978	-4.853404	-0.820302	-0.804318	2.569994
-1.181476	-3.697865	-3.458668	-3.551472	-2.243708	-0.889920	-1.165359	0.713896
0.122401	0.531912	-3.390378	-3.427407	-3.081936	-1.141619	-2.188529	-0.346864
-0.054264	0.574120	0.967611	-3.366483	-3.836188	0.960599	-2.714425	-3.849786
-0.227472	0.403460	0.259198	-0.140001	-0.461467	-0.349866	1.246852	-1.188672
-1.500323	0.485932	-0.443218	-0.324363	-2.584473	-1.975217	0.398505	2.565879
1.717183	0.533236	0.786463	-1.519968	-1.956707	-3.222654	2.691636	2.310664
0.723846	-2.034029	-1.933260	-0.883919	-0.862471	-2.187777	0.758644	2.549884
-0.113735	0.343537	2.753813	2.162185	-0.123966	-3.515989	-0.284868	-0.071163
1.844842	2.160735	3.745080	2.046942	1.190407	-0.216090	-1.562699	0.255322
-0.097626	5.001465	4.208042	5.106450	-0.531653	1.109119	-4.410847	-1.498360
-2.018238	2.979725	2.387897	6.803510	1.802153	6.272236	-9.330312	1.061488
-2.351893	3.392015	1.705146	1.709720	0.467323	3.992362	-6.614393	-1.031933
-1.236793	2.304037	-2.370914	-0.931220	-0.194044	4.745295	-4.397787	-2.395925
-2.241836	3.476989	-2.435381	-1.283712	-0.813348	1.972034	-0.608294	0.140512
-1.501425	0.542171	0.649941	-5.225857	0.027109	0.196778	1.262088	-2.659123
0.007842	2.402683	0.839454	-1.732755	2.477826	0.601626	-1.417040	-0.290531
-0.494335	3.147224	1.274357	-0.322108	3.358802	2.556777	-3.044177	-0.930512
-1.150057	3.717795	0.825647	0.587884	5.112336	0.937231	-2.247122	-1.591768
1.422575	6.469295	3.171626	2.182320	4.118526	2.369987	0.070327	2.495802
2.396963	3.824624	3.145691	2.933299	1.592172	1.113643	1.819270	-0.124305
4.251705	4.152281	0.089342	1.531620	-0.874827	0.248000	-1.151290	1.069412
1.663602	2.707267	0.783079	-1.251018	-3.183472	-1.727545	-0.289553	0.228752
-1.489147	-0.560620	-3.353500	-3.147516	-4.468365	-2.038591	1.677783	-1.246486
-1.980341	-4.114479	-5.084895	-4.140174	-3.633906	-3.341139	1.963018	-1.250503
-0.584681	-5.515611	-5.719508	-4.252695	-3.089697	-2.103391	2.087454	-4.352899
1.585233	-0.397416	-2.150739	-4.320077	-2.487838	-3.165546	0.740093	-3.500076
3.763801	-1.679494	0.326511	0.002777	-0.162430	-2.803807	0.478935	-4.380433
7.047323	2.646353	1.005541	0.069566	-1.106575	-1.914872	-0.053319	-0.411972
4.345899	-0.552874	0.340850	-0.595809	-0.891873	-3.539344	1.963433	-1.307093
3.004629	-0.300976	0.565437	-0.706751	0.553775	-2.941722	1.944692	-1.368497
-1.724588	-4.648454	-1.338699	1.133941	1.953868	-2.586108	-1.555741	-2.460785
-2.434451	-1.385807	-2.958358	1.912665	0.330804	-1.776402	0.487335	-2.864357
-3.634160	-1.715336	-3.133043	5.896220	0.130084	-0.818404	-2.228079	-3.799114
-1.752516	-1.554841	-1.340453	3.778605	1.481705	0.643084	-1.593781	-1.884057
-1.760619	-1.679124	-2.648990	1.743721	1.399268	3.423661	-4.676470	-2.118687
-1.151268	-2.092385	-0.097855	-0.124235	-1.660429	4.145728	-5.278845	-3.877004
-0.935964	-2.888723	2.623251	-0.225363	-2.171886	4.558084	-5.295205	0.497591
0.808794	-1.834941	4.544027	-0.445864	-3.635705	3.083228	-6.055049	0.155997
1.199404	-1.259237	1.410072	1.167661	-3.209386	3.461959	-4.799776	1.901414
0.496968	-1.717513	2.399385	-2.563588	-1.689130	2.837377	-1.353584	2.202841
-0.512615	-0.945669	-3.850436	-1.103513	-2.250437	0.278681	0.020627	1.306377
1.072756	-1.873606	-4.201390	-2.118614	-1.617809	-2.277729	1.566460	0.936121
-2.197121	-2.128324	-2.238380	0.951708	-0.078747	-4.330954	0.144914	0.868073
1.731856	-2.209125	2.730693	1.511351	-0.368350	-2.749195	1.916091	-0.445867
4.317486	0.131693	1.435629	0.538416	0.685179	-1.014352	1.321893	-0.358202
4.412769	-1.153673	-0.002573	-2.664798	-0.162158	-1.355525	2.702420	0.230569
0.323506	-2.258522	-1.855916	-2.345593	-0.560464	-2.079715	2.457173	-3.179955
-1.422104	-2.758356	-2.560000	-2.368470	-0.548639	-4.426823	1.218154	-4.325274
-3.246861	-2.302274	-0.019126	1.184172	0.054617	-1.739650	-0.049435	-0.513391
-3.193764	-2.180878	3.440405	0.735630	-0.250498	-1.820295	-2.216995	0.683296
-2.612913	-2.232468	3.860391	3.087605	-1.475283	2.047540	-4.398724	0.577984
-1.692409	-0.350445	4.093131	2.007896	0.221760	2.018456	-2.744721	-0.457826
-0.018851	-1.343009	3.240125	2.296301	-0.805069	1.967451	-0.610084	3.060864
2.313561	-1.554361	3.460770	1.586420	0.479129	2.475525	0.421187	3.740554
4.679927	1.910098	1.025366	1.354053	-0.378846	0.493278	0.111694	5.777443
4.123848	0.176368	0.096411	0.564397	-0.811494	-1.615592	-1.874962	3.163931
1.804222	-1.913952	3.613704	0.687353	-2.014017	1.920517	-1.530680	0.365116
-0.593449	0.417438	2.129345	1.027920	-2.008715	1.857002	-1.895459	0.623998
-3.220565	2.936936	2.317831	0.603998	-1.122188	-0.711037	1.085002	0.017977
-3.938827	2.457142	2.470462	0.832784	-0.163636	0.398701	0.693505	-0.164849
-0.799333	3.904056	0.688636	0.088979	-0.961161	0.812013	2.695750	-1.343881
-2.180084	4.312276	1.698352	-0.481919	-2.002063	-2.951199	3.230039	-0.548018
0.477720	3.695502	-0.661691	-0.299009	-1.105741	-2.629137	1.969773	-0.793263
2.846180	3.623834	1.730305	0.652607	-0.971098	-1.697802	-0.081046	0.032686
3.501596	3.853270	2.727040	0.124829	-0.903132	0.163007	-2.839919	0.907226
0.158268	3.218311	-0.804389	-0.679045	-1.731844	1.545289	-4.129643	1.771157
-2.039804	2.000555	1.922819	0.915685	-1.938435	2.005843	-0.632617	4.354678
-3.416219	1.314001	-0.972739	-1.445881	0.864796	4.619268	-0.859540	4.608290
-2.227376	0.407449	-0.026064	-0.647444	0.212147	2.723564	-2.065612	4.329689
-1.163676	1.767399	-1.324557	-2.265106	3.476919	2.753031	-3.978430	3.546677
-0.338719	1.928449	-1.727419	-1.119066	2.653411	2.621768	-3.275594	1.266653
0.151897	0.866999	-0.023952	-2.261926	4.868123	0.426874	-0.125802	0.553115
0.692771	1.358249	0.331544	1.515115	4.445156	0.481549	4.093547	-0.069937
-0.735697	2.764197	1.510166	4.398854	6.063007	-0.515208	3.718754	-2.991604
-1.976805	-0.848557	4.340415	2.680192	5.205279	-1.845397	0.605620	-1.648487
0.599247	2.306386	3.773987	2.375128	4.299670	0.689781	1.243047	2.147615
-1.450842	-1.129074	4.309283	1.223162	1.230680	-0.413275	0.922335	1.766599
-1.328470	-0.891239	-1.486799	-1.372509	0.494909	-1.415065	1.928086	1.681566
-2.105137	-2.467708	-4.222360	-5.054483	-4.232343	-1.456990	2.105702	-0.264486
-1.877943	-3.258082	-9.055802	-6.480862	-5.058575	-2.451250	0.751283	-3.436257
-0.160587	-3.704462	-5.184925	-5.691546	-4.741089	-3.462946	4.033931	-5.191148
-1.650969	1.414151	-2.798231	-0.954036	-1.671784	-3.441278	1.974446	-5.250160
-2.879088	2.900956	2.951678	0.233968	-0.162459	-3.360549	1.094731	-2.788493
-0.559344	4.292754	4.434602	1.418764	-1.074216	-2.398457	-0.658313	0.536153
2.320564	3.480643	4.556040	2.239653	1.667047	-1.335103	-1.684686	0.673975
3.568136	5.240623	6.358989	4.713034	1.017929	0.124511	-0.214386	2.965974
3.680074	4.503694	5.109950	2.806105	1.060630	-1.494315	0.256889	3.234349
3.305877	2.657254	3.931021	1.361468	-0.190249	0.192218	-1.339261	3.079899
-0.188054	3.759703	1.044400	0.677220	0.436292	1.734110	-3.667833	2.683224
-2.823818	3.204041	-1.414013	0.070262	0.985452	0.641460	-1.537928	1.476922
-5.279815	1.504466	-1.168920	0.859093	1.765832	1.695167	0.598257	-0.651706
-2.336844	2.104179	-2.753721	1.880413	0.659533	0.453131	-0.241376	-1.806362
-2.767904	0.239179	-0.069919	1.196820	2.609054	-0.030450	1.021272	-2.507446
0.113605	-1.918535	0.536187	1.300716	-1.193904	-1.833176	3.106204	-0.041759
1.455384	-2.488563	2.730895	1.491698	0.318759	-0.788447	1.814021	2.289299
-1.075367	-3.368505	4.204903	1.825866	-1.228857	-1.680266	-0.130176	3.612227
1.175055	-1.895863	1.726311	0.617721	-1.848050	-2.257231	-0.067485	5.433424
1.652948	-1.969537	2.438118	-2.583739	-1.053622	0.694555	0.009395	3.742889
0.660814	2.062173	2.919122	1.006387	0.375430	1.399192	-1.313034	0.858823
-2.429246	1.638367	2.707323	2.313397	-0.879696	2.902679	-5.233972	1.435124
-2.355132	3.227143	4.087819	1.987192	-0.180598	4.325816	-6.007117	-0.270008
-1.134242	2.657002	3.247310	1.254271	0.563124	3.791001	-4.279967	-0.457374
-2.277577	-0.737357	-1.463705	1.802133	-1.614029	2.723834	-4.767121	4.175026
-2.000634	2.691066	-4.423628	3.727978	1.226242	0.339913	-3.717177	2.173291
-0.704414	1.987870	-3.960660	1.650206	5.673139	0.994738	-1.173735	4.187821
-0.544716	-0.731145	-3.632701	0.099017	3.378063	0.462108	1.288807	1.789715
-2.535938	-1.930279	-0.940752	-3.629491	1.381013	-1.153177	0.073652	1.828772
0.144720	-0.775034	-2.728014	-3.595916	-1.479109	-2.164020	2.449499	-0.111608
-0.861441	-5.768908	-2.264788	-7.267860	-3.253403	-3.880821	3.562551	-0.131725
-1.437519	-2.227703	-1.966375	-2.439223	-4.257968	-3.731680	2.921709	-1.640680
0.722785	-2.511318	-3.445776	2.887894	-3.141604	-3.024199	2.927274	-0.687674
-1.222627	-3.264755	-2.557992	5.298593	-1.320509	1.391822	-0.235352	-3.111206
-2.621755	-0.578512	-2.893023	7.199571	1.865716	1.022780	-4.944667	-3.775178
-0.626896	-0.361192	-1.906370	4.766630	1.541374	4.336776	-6.793670	-3.071590
-2.510351	-0.886992	-1.267235	3.791969	1.207564	4.577209	-10.591561	-3.952142
-0.961818	-3.300215	-1.715217	1.361187	-0.475312	4.891177	-5.059136	-3.027135
-0.983197	-2.516660	-3.485317	-0.985516	-1.728954	2.823979	-3.903895	-3.729368
-1.336786	-2.972727	-2.683137	-8.502939	-1.930661	0.441014	-0.521936	-1.688444
-1.344084	-4.809617	-4.294177	-9.507684	-1.912932	2.169382	-0.374357	-3.236260
-1.813790	0.027371	-1.181837	-5.166950	-1.220365	2.475781	2.435342	-1.740619
-2.448704	-0.276864	-1.732019	-3.189937	0.624640	3.903110	3.924563	-2.501121
1.157476	-1.359822	-0.462222	-0.706145	0.398783	0.524868	3.646008	-2.506065
4.454850	-0.184502	-0.211548	-1.050175	-0.493233	4.089954	3.846779	-1.295952
5.326221	1.589794	-0.564697	0.736673	-0.287009	2.915967	4.996777	-1.666783
5.890488	0.853568	3.462731	0.679199	-0.570342	4.898606	6.979703	-0.121557
3.899654	4.185819	4.387235	2.139603	-0.471532	2.257669	3.257558	0.194525
3.338018	3.519547	4.469114	4.963585	-0.390178	2.132956	0.752646	1.316163
3.472483	2.724252	0.455968	-0.736555	-2.918879	3.319265	-2.075634	1.413357
4.796849	0.416734	0.131096	-2.131717	-2.371333	3.900996	-0.441979	2.290806
2.466817	-0.018007	-0.467401	-0.424201	-3.789539	2.989847	-0.943588	3.790511
-0.210411	2.666329	-0.307525	-1.092107	-2.097797	2.924517	-3.319459	4.750471
-3.948434	-0.229157	1.788624	0.481664	-2.845205	2.556005	-4.010592	3.090986
-2.477952	-0.179466	0.168847	-2.853786	-3.314861	3.039310	-1.254783	4.219556
-2.936163	-3.074897	-3.163658	-1.079759	-1.730465	0.501630	0.503368	3.231581
0.158835	-4.393150	1.084009	0.701046	0.153485	-2.188236	0.774362	1.888161
-0.888059	-2.081126	1.685348	1.416029	-0.604210	-0.852988	0.123302	0.078696
-0.324642	-2.400823	1.502359	1.322590	0.550050	-0.849628	-0.432512	0.905186
-0.652113	-2.095542	1.502042	-1.195371	-0.938031	-2.131957	2.592523	-1.418469
-0.430372	-1.483382	1.420895	-1.703654	-0.800754	-1.080277	0.541508	-0.817870
-0.037517	-5.031244	-5.038380	-6.014058	-3.864616	-1.967688	-0.770756	-2.098616
-1.076947	-3.602427	-5.846684	-5.030584	-2.365217	1.606408	-1.949067	-5.568306
0.458539	-4.058930	-7.851917	-6.658932	-2.503455	1.955210	-2.237723	-3.907442
-3.534157	-3.904753	-3.235780	-3.543500	-3.645028	1.874517	-1.995023	-3.105023
-0.984935	-1.563796	-2.718371	-3.253790	-4.593836	1.628928	0.384634	-5.100348
-0.587793	-2.263559	-1.093092	-4.545301	-1.970577	0.273541	3.088950	-1.390718
-2.643230	-1.268941	-0.613843	-1.257332	-3.229549	-3.129644	1.186427	-2.899032
-0.396245	-1.600043	-2.462123	-2.895084	-1.823351	-5.158929	3.220566	-2.900290
0.124764	-3.532862	-4.487032	-1.995857	-1.898282	-3.324315	1.195969	-2.822592
-2.327703	-3.126700	-4.602971	-2.554149	-1.524740	-5.199504	0.692836	-3.422439
-0.574445	-0.768955	-1.686039	-0.119461	0.385677	-3.403496	0.452470	-3.664728
-2.261459	0.682973	0.032865	0.814407	1.901469	-1.692993	-0.679327	-2.552361
-1.550146	-0.723517	-0.065661	5.114355	1.899239	2.779905	-2.870756	-2.581837
-0.698403	1.033078	-0.868616	3.640285	1.815887	4.225195	-4.286913	-2.887755
1.356970	-1.406643	-3.150799	0.858896	0.623616	4.514678	-1.445498	-2.122915
-2.387925	-2.022979	-3.622111	0.712089	-1.962673	1.549450	-1.031610	-3.108117
-2.483587	-4.580731	-4.127851	-3.652537	-3.501979	-0.862087	0.429055	-1.643761
-2.729816	-0.861196	-0.455019	-2.618280	-3.510199	-0.579237	1.975495	0.646354
1.382991	0.962125	1.091385	0.495160	-1.518034	-2.073099	0.118414	2.221029
4.067733	1.744834	3.383562	1.825382	2.072920	-1.013875	0.271113	3.690364
4.223014	3.026829	6.401912	2.674388	3.438563	-2.022766	-0.666908	3.469959
4.330432	3.806013	7.187936	2.862577	5.995797	-1.967374	-1.531746	1.031115
5.817991	3.227086	4.650233	2.100250	4.760025	0.829001	-1.173000	1.256432
4.232890	1.106548	2.837604	0.320108	0.851346	-2.355643	0.988330	1.746611
3.243231	1.614500	-3.769651	-2.363649	-1.403137	-0.346906	-0.070653	1.845653
-0.125185	-2.911557	-5.737230	-4.960421	-3.798923	-1.738590	-1.005748	-1.733842
-1.702856	-3.913123	-8.039935	-6.771007	-6.142710	-0.054296	-0.758555	-3.241373
-1.799883	-2.207497	-4.444063	-4.634407	-5.880796	-0.690725	0.169729	-3.980240
-6.605762	-3.344478	-1.909615	-4.474020	-4.296380	-0.022677	-2.339896	-3.079442
-4.162395	-1.693366	-1.093590	-2.285846	-2.156761	-3.156455	0.491573	-3.956978
-0.438979	-2.216460	-1.367187	-1.813684	-1.770037	-2.429359	2.509535	-3.507248
0.198087	-1.992659	-1.130607	-3.229934	-1.028906	-3.261289	1.455293	-2.534251
-1.020097	-2.201663	-2.663248	-3.305196	-0.577867	-3.182348	-0.813053	0.161214
-1.604029	-1.552170	-3.757909	-0.347969	-2.715918	-5.506836	1.454599	-3.254452
-2.752508	-2.076981	-2.317791	2.278648	0.252242	-2.149654	0.419150	-1.514749
-0.696934	-1.741294	2.252207	1.736255	0.948615	-1.587203	-0.388598	0.127624
-1.334704	-0.907309	4.591587	1.166553	2.280003	1.726517	0.084354	0.218368
-1.890020	-0.631624	2.760049	2.895342	2.428606	0.789403	1.368208	2.012484
-1.407178	-0.960439	-0.749107	2.587823	1.676726	-0.319344	2.490067	0.302873
-1.293679	0.146446	-2.602580	2.321596	0.440965	1.686574	4.070129	-1.385365
-2.112621	-0.226668	-3.240969	4.400061	2.320724	2.252456	1.737597	-1.711329
-3.127103	0.219521	-3.791973	3.834921	1.475505	2.208703	-1.370728	-0.763317
-1.865225	0.444412	2.027308	5.009374	2.561710	0.855312	-3.148546	0.151470
1.868814	1.427507	5.844175	5.705921	0.573739	3.554083	-3.685955	1.702435
3.798715	0.511407	3.286530	4.042164	0.553293	1.684415	-3.540954	0.730178
4.126980	0.959311	5.603072	3.130103	1.514876	3.035007	-5.639443	-0.078000
4.754309	2.156222	2.946803	0.304437	-0.240613	0.254560	-2.828721	1.029302
2.217402	3.507239	1.354123	-1.127231	2.499929	0.649971	-0.761586	1.189284
-1.991139	1.935764	-0.631066	-3.414602	0.673202	-1.284159	-2.395839	0.456149
-1.045213	1.274897	-2.214765	-2.941075	6.395308	-1.498332	0.570823	-0.334104
0.203479	2.002539	0.971729	0.046151	7.355548	-0.955648	1.899000	-1.385172
3.109240	3.844591	1.270115	-0.554423	5.216525	-4.654208	-0.071808	-1.870756
3.490569	2.857053	-1.067105	0.292402	3.450138	-4.199012	1.592201	-1.810154
2.319668	2.237926	0.528669	-1.601072	1.053889	-2.416061	1.005626	-1.957164
0.222137	-0.092589	-2.054361	-1.222145	-1.306021	-3.808255	-0.505130	-0.890987
2.129077	2.999609	0.925406	0.726383	-1.803589	-1.279895	0.163832	-2.432120
3.704289	4.537621	2.783269	0.352014	-2.285616	-2.901982	-0.405987	-1.025364
4.047672	5.183546	3.126131	3.517849	2.189000	-2.629716	2.206214	0.807984
5.646528	5.087687	5.248292	3.731787	2.974960	-0.179497	0.642036	-0.162475
6.656458	4.791642	4.292253	4.963429	4.308966	2.994974	-0.277022	2.203459
5.223262	4.265015	1.300314	5.560976	3.653519	4.529697	-0.927058	1.140088
2.673340	2.159004	0.265778	4.459329	4.358118	2.723671	-5.957372	2.957812
1.621093	-0.755890	-2.806356	5.017587	-0.742033	2.486397	-6.116963	2.761633
-3.018478	-5.439065	-4.928785	4.064253	-0.239535	1.043572	-4.438232	4.955252
-3.355373	-3.063221	0.411089	0.332226	-1.634086	0.007799	0.592523	4.578471
-3.071292	-1.936557	1.204670	-2.093592	-1.376085	2.482075	4.222901	3.595289
-4.431833	1.106026	2.484457	-0.726902	0.008569	0.030902	5.777004	4.556909
-0.212997	2.446431	4.437851	0.155697	-0.136325	-1.129122	4.896831	3.114731
-0.809084	1.000057	2.564354	1.448506	1.549837	-1.686896	8.348683	0.895557
-0.664292	0.666005	0.622566	0.196426	0.805554	-3.210821	6.096660	-3.642912
-0.633321	-3.720225	-3.410812	-1.702842	0.543627	-2.814397	5.947763	-2.916875
-2.068172	-3.392731	-8.578078	-1.061599	-0.336543	-2.860023	5.551591	-3.857832
-1.195043	-4.198713	-8.176032	-1.346844	-1.553355	-2.485301	1.847245	-3.777880
0.315465	0.467828	-3.565373	-1.915375	0.636991	-0.950129	-0.101976	-1.997319
3.632953	0.392995	1.513199	-2.539993	1.425497	-1.591008	0.346830	3.016853
5.038321	3.802487	2.100987	-0.884896	5.354263	-1.311538	-0.286638	3.076836
5.211270	2.485004	3.139391	1.072115	5.420689	-2.999519	0.207019	3.233331
3.305498	2.657248	0.949811	1.887742	1.657277	-2.380450	-0.048096	2.998241
3.664708	0.540318	-1.587351	-0.238215	2.542026	-2.087533	0.225914	-0.701935
0.184398	-3.039284	0.019005	0.183845	-0.308162	-2.036565	-0.153449	-1.377194
-3.621131	-4.707759	1.025181	-1.096878	-4.014187	-1.958048	0.320213	-3.232036
-5.293679	-0.839206	-0.201423	-2.810883	-1.055649	-1.485081	0.070002	-2.920461
-2.321745	0.348775	-1.101005	-0.497569	3.068553	-0.640664	2.971217	-3.154065
-4.205331	-0.671015	-1.111766	-0.667037	4.695519	-1.579696	2.318557	-1.545950
-1.219135	3.108624	0.672596	-1.424285	5.425850	-3.260478	5.596424	-0.702413
-0.922359	0.924692	2.529182	0.839987	3.988446	0.330492	2.277715	0.742547
2.010799	-0.443311	4.088792	2.300180	1.943908	-1.415588	1.365432	1.370030
3.750038	-1.563583	2.555228	-0.288106	-0.606365	0.855885	-0.813226	1.088338
5.198258	1.561174	2.923090	0.770530	-3.939173	0.105310	-0.294460	1.293372
7.452560	1.881462	2.180378	-2.522812	-5.274414	-0.454813	-0.577769	3.028632
3.839442	0.816781	0.051595	-0.567931	-3.640888	0.102118	3.604045	-1.707180
3.331704	-0.237470	-3.802860	-1.834627	-1.308497	-0.043898	4.434884	-1.709663
3.218048	1.580910	-2.692286	0.581001	0.273561	2.336740	5.043445	-2.613016
2.905271	2.982220	0.861618	0.811054	0.288386	3.129533	1.714829	0.632561
3.580175	4.404362	0.034052	1.577631	-0.700723	2.126281	1.406236	2.351570
-0.902141	4.673035	3.008418	0.414534	-2.025665	2.531986	-3.010036	4.380511
-3.413478	2.720840	0.572716	0.041962	-1.447441	0.932046	-0.014086	4.612086
-2.840835	-1.382225	0.146147	-2.867983	-0.536650	1.314564	-1.415716	2.829096
-1.635412	-2.043058	-3.656989	-2.366102	-1.936594	-1.746060	0.936075	2.292441
1.142589	-2.729660	-4.698290	-4.334494	-2.671170	-3.317026	2.988585	3.163622
3.745368	0.416770	-2.691458	-2.693258	0.335519	-4.568632	4.519914	1.578540
1.939726	-1.237870	-0.743590	-2.034394	-1.565126	-4.137578	5.617261	-3.123004
0.593361	-0.168378	-3.042886	-2.091601	0.911994	-2.987663	7.879426	-1.570209
-1.116926	-3.298756	0.079555	-4.091880	0.533979	-2.862786	8.259608	-1.055775
-3.318337	-2.267203	-1.923068	-3.871029	1.410030	-4.125247	6.505406	1.659999
-1.310371	-2.659719	-2.296754	-1.232849	1.430944	-3.351744	6.152720	-0.531285
-0.114028	-2.252204	-2.824901	-3.301639	0.312523	-4.849277	4.483048	-3.636327
-1.335611	-0.609560	-2.041610	-2.994299	-0.778935	-3.642745	4.453091	-0.989427
-3.585418	-2.057785	-2.011980	-2.033028	-1.589129	-2.681946	1.286746	-1.238684
-2.535051	2.056820	-1.415911	0.358475	0.651439	-2.113980	-1.754586	-3.830996
-1.198010	1.807753	2.103798	1.176408	3.706169	0.504955	-5.153707	-1.246965
-0.483595	1.843916	1.736447	3.023373	4.081260	1.736958	-4.619617	-2.851087
0.798892	2.833008	0.646437	1.853471	4.899213	0.587932	-2.085017	-1.325564
2.315151	2.734928	2.386168	2.263300	4.863025	0.645377	-1.887209	-0.694995
1.794282	5.970476	3.182540	1.486062	7.378797	-0.301905	0.185207	0.139022
2.376484	7.089152	3.901553	-0.153543	3.541027	1.344086	-0.758070	0.351186
3.883556	5.322055	3.600709	3.125585	3.810016	-0.582148	-3.607341	2.835198
-0.687302	2.744685	0.679006	1.667846	1.403761	2.212894	-3.095107	2.338358
0.139909	-1.325260	1.072546	-0.233259	1.267363	3.352613	-3.117469	3.269968
2.421887	-1.024878	2.984028	0.445870	-3.070179	4.135110	-2.397428	3.010127
3.854933	-3.887572	1.811053	-0.401068	-3.906168	1.269486	-0.821585	3.141736
2.303546	-2.194341	2.063421	-0.618871	-2.984002	0.689843	-0.866042	3.532795
3.354925	-0.698786	0.361732	-0.543240	-3.610084	0.159282	0.348402	0.617505
0.717069	-1.219408	4.304987	3.102226	2.082785	0.171004	-0.758356	-0.811834
2.914877	2.062393	4.551184	3.502526	2.484206	-0.460490	-3.839716	-0.321922
1.648448	1.605116	5.252025	3.138861	4.704275	1.744202	-3.601480	1.382041
0.346583	2.784660	4.514710	4.097031	5.174694	4.437781	-3.225748	3.082056
-0.132821	-0.151275	3.149338	2.671337	6.708459	0.239448	-2.777822	1.434423
-0.943364	-0.726391	2.312809	3.775977	2.533271	0.963905	-2.490403	1.355742
-3.019047	0.614612	1.326924	0.673352	-0.036373	-0.735648	-0.586292	2.514214
-4.685471	2.032534	0.316582	0.813463	-0.395873	-0.557108	-1.859090	0.838638
-2.164736	2.933573	1.925684	-0.202991	0.238470	-1.437274	-0.667998	1.441315
-3.262644	5.699028	1.349229	-2.242709	4.416754	-1.075645	-1.345717	1.490844
-1.001395	5.492000	4.412516	-1.138192	4.742478	2.306780	3.248351	4.048626
-1.065091	6.393086	3.047647	1.314660	3.945140	1.738103	1.437005	5.172560
-1.622932	2.268686	2.596521	-0.046952	4.473740	0.578426	3.094645	7.015147
-1.152320	0.085898	-1.321063	0.814671	-1.131024	3.531149	0.611468	2.212987
0.424945	-2.420677	-3.546704	4.978729	-1.210554	-0.036426	-1.338126	3.030779
-0.164138	-3.657541	-4.264304	4.486223	-1.996451	0.527703	-0.754839	-0.163476
-0.490371	-4.083795	-4.840661	2.230353	-2.737017	1.514636	-2.385571	-2.088579
0.455346	-3.525740	-3.669477	0.114317	-2.494652	-0.112523	-0.592223	-2.943230
0.931412	-0.853077	-1.800152	-1.221984	-0.743259	-0.789175	1.672602	-0.334630
0.604126	-0.048207	0.770414	-1.515049	-2.111839	-2.014317	1.629004	-0.890077
0.187386	-1.777932	1.955321	-3.956380	-2.048493	-1.528049	-1.100219	-0.321673
-1.807109	-2.076151	-0.123932	-3.184676	-1.869924	0.516732	-0.736767	-0.273818
-0.907358	-0.412167	-1.261045	-0.888837	-4.157332	-0.970673	-2.748742	-0.143712
-0.000464	0.516219	-0.164220	1.647736	-1.565519	0.987937	-2.663844	-2.145056
-1.432628	2.300807	2.679845	3.023344	-0.020588	1.524864	-1.157476	1.045450
3.102649	3.127595	3.366848	3.458585	0.494661	0.993209	-0.184538	0.340806
2.745367	4.515682	2.377588	2.281060	1.481226	-0.082026	1.565669	1.358211
1.360825	1.545367	3.534666	1.584069	2.419105	1.827860	3.423444	4.060864
0.740420	-1.586152	2.746581	1.932312	1.059295	0.829469	2.242884	3.212266
-1.718348	-3.866575	2.359232	-0.760613	2.286297	1.630202	1.581490	2.197716
-4.004479	-3.546604	0.641618	-0.779205	0.500807	-0.388339	-1.356540	0.700612
-1.716576	-4.457241	3.587239	-2.355664	-1.060575	-1.660553	-2.197707	1.759755
-1.846239	-0.634785	-2.042106	-1.895691	-2.920852	-0.450438	-1.966312	0.219844
-1.874369	-2.730440	-2.727217	-4.406886	-2.648326	0.287508	-1.227856	-0.697723
-1.714467	-3.355906	-5.863795	-4.951449	-3.585198	-0.482616	-1.553141	-4.281344
-0.845836	-3.893084	-5.260241	-1.634382	-3.812070	-1.681005	-0.891967	-4.289622
-1.265074	-2.203876	-2.910656	-2.085783	-3.460544	-1.627561	-1.143335	-4.201158
1.183915	-1.944683	-0.983140	-2.775254	-2.120922	-1.264380	1.538054	-3.221151
2.415232	-1.742706	-0.207794	-2.220694	-1.830305	-1.643762	-0.144002	-4.038702
-0.215025	-1.136147	0.445681	0.230595	-1.570296	-2.160905	-1.778703	-1.260013
-0.374958	-4.336607	0.370284	2.436713	-1.713697	2.676093	-2.409251	-1.845585
-3.858266	-1.650088	3.668714	0.007861	-2.063408	2.450733	-6.124846	-1.161118
-1.179352	0.305009	4.183471	2.337836	-2.458433	2.019816	-4.127289	0.175887
-0.450316	0.791483	5.133154	3.456740	-0.691073	2.502043	-2.950381	1.312629
-0.472060	4.301533	4.375061	3.667771	-0.725629	2.027017	-2.396923	5.689007
-2.084084	1.049756	4.563493	5.903129	0.541595	2.058638	-0.955716	5.502019
-0.404390	1.041151	2.555947	3.760013	1.590799	1.177608	-3.805361	5.491865
-1.020979	0.257118	-2.311277	3.207023	1.258480	3.479929	0.693242	3.985544
-2.151852	-2.165246	-5.718679	1.375359	0.117237	-0.541199	1.340591	4.360054
0.421090	-3.898742	-8.281462	-0.633781	0.245967	-0.965874	3.128387	1.316995
3.030746	0.834329	-5.120326	-0.958996	-1.275432	0.794905	-0.163373	-0.467435
2.009415	1.812264	-0.514571	2.255212	-1.564461	1.799340	-1.694788	-5.445537
2.831495	0.533064	0.754500	-1.094357	-1.935222	0.889632	-2.385560	-5.069512
4.081886	-0.391974	0.495287	-0.456303	-3.488417	1.240782	-5.085288	-6.861661
2.676987	0.506349	-2.136111	-2.312628	-0.691448	1.349491	-3.166374	-4.486986
3.628396	-1.215569	-1.778095	-3.703131	-2.206418	-0.585538	-1.949519	-2.777788
1.400412	-0.181829	-1.947866	-3.241114	-2.873827	0.395594	-0.847222	-3.386869
0.178835	-2.291433	-2.701926	-1.710878	-2.788979	1.264589	-0.678184	-2.133928
-1.104037	-2.480181	-3.776075	0.039278	-1.426674	-1.299251	0.080594	-1.442269
-3.691404	-1.958177	-2.490015	1.173553	-1.359715	-2.258925	1.847811	0.914208
2.081931	1.451380	-2.068247	4.500444	0.963996	-0.391233	-0.955032	0.870801
0.191769	4.396388	0.922629	3.664353	1.311557	-0.276673	-3.400437	5.221409
-0.648992	3.305944	3.154110	4.448278	1.372468	0.676857	-1.757503	4.981031
0.231747	1.120148	1.488996	0.895119	1.276724	0.265156	1.603569	3.506364
-0.474615	-1.554102	-1.336414	-1.169126	-0.127574	0.955027	-0.540722	-0.256292
-2.031978	-5.150607	-3.117122	-3.273257	-1.485730	1.468270	-0.725775	-0.561139
-1.810045	-2.920468	-0.049529	-0.944475	-1.027745	4.291286	1.720409	1.865021
-0.747815	-1.841888	1.160664	0.687519	-1.321320	4.125377	3.388430	2.843886
-0.385691	-0.170368	2.677756	1.086625	-0.165659	2.278843	3.151688	4.759856
-1.714772	2.194591	2.284545	2.317941	-0.876962	1.914286	4.970982	3.779629
-1.156859	0.650888	-3.056070	1.990467	1.629969	0.493906	4.336613	0.236303
-0.229855	-1.401479	-3.380889	0.556002	2.243631	2.701604	3.996081	-1.821424
-0.731659	-2.958512	-5.525415	-1.561555	-0.084077	0.390582	0.102385	-4.642054
-1.741872	-3.229511	-1.688948	-4.150805	-2.865457	1.477039	-2.057575	-4.900887
-1.079196	-4.320978	-1.035690	-8.052649	-4.456410	-0.791423	-0.393199	-4.638126
0.379569	-3.019316	-1.170941	-1.210888	-3.821939	-1.472103	-1.977085	-4.443172
-2.682279	-3.294124	-2.101904	1.946878	-1.839444	-1.598500	-4.315635	-6.504028
0.004661	-1.376204	0.224920	5.959647	-1.514729	1.526386	-4.367549	-0.587694
-0.630214	0.915142	-1.303669	4.052619	-0.427395	1.359956	-6.272925	1.049027
0.785197	-0.527487	-1.126474	1.378492	1.177158	4.051411	-5.743464	0.492834
0.880992	0.557307	-1.290695	0.652465	-1.075974	2.934152	-1.225165	2.949125
2.380271	-2.700576	-1.245033	-4.498862	-1.048092	2.467379	-2.656728	0.787598
0.448332	-3.752438	-2.505590	-10.273290	-2.320197	1.886092	-1.938654	2.056951
-1.411424	-3.137681	-3.463768	-9.952321	-3.290191	1.129593	-2.739140	-0.136618
-1.998500	-1.946605	-0.648667	-3.229255	-2.588775	-2.022118	0.422712	-1.618509
-1.900595	-1.853913	-1.929188	-1.773394	-2.739652	-0.516940	-0.145195	-3.557526
-1.424211	-1.035204	-0.882734	-0.298638	-0.473423	-2.610273	-0.863663	-2.697270
-1.869447	-0.776582	-1.403005	-0.200989	2.292711	-3.248116	1.810310	-1.645643
-2.502705	1.453854	0.997498	-0.294848	6.168348	-2.635169	4.683425	-2.028246
1.954214	0.702502	0.105072	1.947584	3.158986	-2.509431	7.152281	-2.058683
-0.499891	2.485961	-1.296082	4.869607	2.847225	-0.350303	7.649780	-0.391853
2.264681	0.956930	0.636733	3.446919	4.674562	-1.583182	3.970523	-1.691460
3.618228	0.615806	0.186416	2.058119	3.466296	1.296930	0.381410	-2.010706
4.857750	1.568090	0.289067	0.024805	0.222426	-1.338166	-0.223959	-0.703091
4.475447	1.023580	-0.193316	-1.596022	-1.931550	-2.639770	-2.915081	-1.111419
3.549316	1.351775	0.965765	-3.802865	-2.307734	-2.589380	-1.874156	-1.288491
-0.441941	5.117974	1.807309	-0.686625	1.787475	0.452402	-1.275684	-0.234109
-0.951227	4.536975	3.673516	1.671098	0.898373	0.494778	1.244137	2.455826
-3.212940	4.558878	4.364284	4.113902	0.666160	1.029447	3.268908	1.699111
-3.282983	4.324381	4.336711	4.101786	1.941935	1.936210	5.949330	3.866043
-0.511155	2.830584	6.096797	0.752350	1.423796	0.457666	4.352204	3.468823
-1.393057	0.008185	3.650640	2.427990	1.825242	-0.819184	2.188731	3.423246
-0.050189	-0.814716	1.345439	0.227908	-2.521728	2.285660	-0.373788	-0.564587
1.075948	-3.520322	-4.311107	-3.420600	-3.547016	0.041199	-1.752951	-0.242581
-1.458147	-1.121031	-6.365100	-3.428033	-3.291822	-2.622169	0.884843	-2.488335
-1.169274	-0.046447	-4.365139	-4.309493	-1.693948	-2.806144	3.964996	-4.510853
-0.391633	-0.249069	-0.536228	-3.455481	-0.431595	-1.547124	4.109607	-3.146036
-3.242325	0.555002	-0.034366	-0.723499	2.761936	0.261990	5.384780	-1.583987
-0.742450	-0.705936	2.451145	-0.683247	4.759144	2.133897	4.705216	-1.269706
-0.868308	3.112817	0.157304	-0.943228	5.930428	1.911298	4.995115	-1.039997
-0.438001	1.291459	2.866110	0.649959	5.188587	-0.265008	4.934280	-0.371960
-0.714228	2.810991	-0.553438	-0.340589	4.111919	2.928879	1.598912	-0.462599
0.061910	0.152311	0.772858	1.432628	1.042925	0.005260	-1.039587	-0.652514
-0.310287	-3.000582	1.464298	-1.436092	-0.462997	2.402433	-0.520916	0.745892
-0.159720	-4.965289	1.607580	-2.083250	-4.185948	2.037998	-2.225973	-1.079482
-2.899988	-1.835009	-0.982396	-0.340048	-6.243929	0.544155	-2.579356	-0.365439
-3.392292	0.555755	0.249669	0.109615	-4.597541	1.124305	-1.166664	0.427120
0.022167	3.254803	-0.233928	-0.041765	-3.851184	-3.410755	0.370406	0.753392
-0.690410	1.954135	-1.150685	-0.043688	-0.372459	-2.375423	0.628255	2.157376
-0.515024	1.362550	0.860495	-1.205955	0.909733	-3.516701	1.587385	-0.740929
0.272226	-1.409653	-2.188189	-1.045168	-0.336109	-2.470489	0.635198	-1.310427
-1.603862	-3.232374	-1.469638	-1.748527	0.099014	-3.544087	2.872796	-3.617418
1.625912	-4.612515	-0.853951	-1.710535	-3.092297	-3.525597	1.759780	-2.503405
3.158349	-0.324075	-0.533731	-0.166992	-0.237845	-2.453117	-0.264946	-0.940389
5.526548	-0.384356	3.136321	-1.482899	-1.443528	-0.880450	1.054619	-2.770573
3.372709	-0.173558	1.060906	1.810841	-2.439149	0.825204	-2.458924	-2.321857
0.960933	-1.928081	1.697021	-2.012871	-1.072508	2.630545	-4.660871	0.316556
-0.728582	-2.186126	0.617167	-0.691139	-0.450904	1.259873	-1.279421	-1.973236
-3.139835	-2.925794	-2.270958	-3.702461	-1.884940	0.308785	-3.146771	-0.133334
-2.068627	-1.527184	-3.463655	-2.721741	-0.931914	-2.549418	-0.509219	-1.918540
-0.442057	-0.280998	-3.884524	-2.506679	-2.368128	-3.054236	0.132136	-1.613656
0.474575	0.122763	-2.005366	-0.401277	-2.427482	-5.762672	-0.051302	-1.784184
3.191068	1.226501	-0.541983	-2.413035	-1.652377	-3.997526	1.841768	-2.470325
1.967023	3.758913	0.856726	-0.059255	-1.105913	-3.076297	1.429550	-2.295580
2.954339	0.911901	-0.012540	0.902461	-0.143689	-3.010889	0.003944	-0.894353
2.710517	-1.027737	-0.560382	2.516313	2.556992	0.338100	-0.399546	0.376256
-0.031544	0.875598	-0.553102	6.565098	5.310232	-0.359433	-0.110817	3.191946
0.865557	1.828908	2.377601	5.831917	5.658230	1.885913	1.304432	3.965213
2.196920	5.309391	1.755526	5.350867	6.484885	2.947736	2.832804	6.099558
3.741244	2.481347	3.732072	5.310248	6.911998	0.203934	3.685802	3.565078
-0.795670	0.986876	1.775439	3.614358	4.591467	2.398108	5.925727	5.187871
0.353078	3.085277	0.601826	1.038496	3.155394	3.225956	2.527084	4.616236
-0.785712	0.837551	2.050632	-1.184740	0.642578	3.841677	3.575473	4.508372
-0.360940	-0.764803	1.734657	-3.938350	-3.073181	2.685170	1.297999	4.406777
-1.316805	-4.948685	-0.139900	-0.639136	-4.657884	1.435334	-3.093137	6.310550
-2.435308	-4.788796	-1.366039	1.786500	-3.756430	-0.552532	-3.595032	3.991688
-0.399048	-1.552035	-3.463361	0.054659	-2.094220	-1.263530	-4.111983	2.856391
-0.851326	-0.889603	-1.868966	-1.259362	3.753347	-1.525460	-1.731488	1.405657
-2.054240	1.419401	-0.044255	-0.802264	2.845371	-1.383524	-2.475044	0.229185
-0.485492	3.276976	0.017072	2.749852	5.481751	-0.642922	-1.109347	0.367473
-0.313579	-1.156579	2.732215	0.455185	4.166688	2.237443	-3.395996	-2.507279
0.721997	1.870238	1.730372	0.575434	1.377382	1.403471	-1.401587	-2.366975
-0.561063	1.766525	-0.962156	-1.015903	-1.817468	0.148861	-2.533418	-2.518914
-0.088759	2.329784	1.346031	-0.070927	-5.376461	-1.683689	-1.321687	-3.972798
-0.434790	2.781713	-0.072668	-0.044939	-0.387296	-0.864280	-0.522089	-1.509928
