X1	X2	X3	X4	X5
-1.736255	0.155050	-3.060521	-1.966639	-1.660132
-2.521423	-2.803673	-1.028407	-1.273617	-2.094521
-1.763177	-1.265142	0.316310	-2.341226	-1.701277
-0.577520	-0.986059	-1.215771	-1.902067	-3.658800
-1.161154	-1.756223	-1.949850	-2.414840	-2.724895
-2.638878	-0.817438	-2.489028	-0.572546	-3.196663
0.716604	-1.558303	-1.309704	-1.110084	-2.937905
-1.200408	-2.629422	0.015920	-2.521554	-2.523926
-0.344817	-1.271494	-0.297255	-1.687058	-1.347925
-1.510923	-0.597321	-1.924531	-1.966594	-4.277107
-0.725829	-0.191105	-1.572807	-0.104563	-3.503072
-0.977535	-1.759546	-1.845885	-0.373965	1.003676
-0.700544	-1.533047	1.387136	-1.785001	-2.716864
-1.424357	-0.783408	-0.619444	0.321631	0.569006
-2.385076	-0.660231	1.201573	-0.486471	-0.403517
-2.397302	0.739983	0.833587	1.712093	-0.449134
0.210263	3.540233	1.532499	0.400725	-0.511448
0.473518	0.875217	-0.471693	-1.444877	-0.515361
-1.261639	1.928834	-1.446889	2.599187	0.329525
-1.015010	-0.020817	-1.134289	3.175419	1.490709
-0.993296	-2.716738	-0.295393	4.414516	1.821787
-3.455898	-1.479629	-1.534701	3.552381	0.389358
-0.270719	-3.077092	0.280385	3.886813	0.495720
2.165440	-0.617228	2.505466	1.523311	-0.039929
0.577378	1.931861	2.017141	0.763176	0.731709
1.806293	-0.135825	-0.259390	1.305208	-0.062768
1.087283	1.955112	0.932574	0.749108	0.143238
-0.986353	-1.465028	2.018330	2.855674	0.470624
-3.094217	-1.465948	1.262280	0.966708	2.788990
-2.524010	-0.283848	1.163923	4.839210	-0.433767
-1.833333	-3.409329	1.217559	0.250679	-2.935049
-3.668989	-1.035593	0.778287	1.170816	-3.375457
-2.618779	-2.484540	-1.338392	0.431521	0.955606
-3.668705	-0.118372	-1.990980	-1.017206	2.853239
-0.551967	-2.222189	-2.216475	-3.123365	3.017339
-0.673968	-1.635893	-0.998179	-2.984055	0.276005
-2.581109	-1.426985	0.002908	0.626624	-0.997164
1.431708	1.063634	-1.257513	-2.978929	-0.401771
3.579283	0.165563	1.014556	-1.770113	0.029183
4.437313	1.395002	0.564517	-0.748227	-1.037005
2.199397	1.070548	0.925768	0.306728	-0.716935
0.781534	-0.766998	1.787609	0.325053	1.908690
-0.279278	-0.011037	1.914441	-0.618952	3.304369
1.726960	-0.556572	2.745663	1.275213	2.795600
1.170645	-0.187602	3.141775	0.407749	1.863181
4.983378	2.195572	1.793577	-1.755745	2.313011
5.021956	3.243049	2.379868	0.205232	2.250088
4.568778	3.452927	-0.370951	-2.145120	-0.766389
3.246642	1.837207	-1.123681	-1.627601	-2.984923
0.568648	1.502087	-1.060621	-0.309710	-3.825613
-0.866907	-2.273434	-1.068772	1.748553	-0.318764
-3.647723	-0.811856	-0.615035	1.550288	-0.808674
-4.353102	-2.047980	-0.149608	2.685395	-0.071247
-4.223846	-4.105507	-0.523092	2.824175	-0.248884
-1.640354	-0.636437	-0.989388	0.623828	-1.150986
-2.173230	-0.847072	-1.722795	-1.478946	2.369446
0.911426	1.105789	-0.377714	1.347153	3.578410
0.502413	5.536844	-0.282344	2.418126	4.624504
1.097929	2.947793	-0.750786	2.199072	2.459627
-1.225828	3.928236	-1.825540	-0.051507	-1.749222
-1.723257	1.181271	-1.274906	1.390287	-4.666744
-0.299960	1.527198	1.295317	-1.853543	-1.971542
2.384360	3.844917	-0.329073	-3.204199	1.006484
4.591704	1.283926	1.003525	-0.571880	3.585833
4.417870	4.650427	-0.075988	-3.287086	5.205703
6.524156	3.716317	1.388586	-0.636217	4.715193
4.177463	0.004397	3.443947	0.251829	6.065001
4.479687	1.092366	1.582096	-1.363750	3.695327
5.499829	1.935624	1.613233	-0.268354	6.422969
4.203988	3.048970	2.555457	-0.101381	3.592926
2.952661	0.599304	-0.114931	-1.573131	2.923697
2.983849	0.206925	-1.023032	-2.153805	2.966280
-0.052750	0.780434	-1.444146	0.250897	4.014475
0.399462	-1.200971	-2.381972	3.157477	4.001780
0.077686	1.850311	-0.040112	2.356533	0.841995
1.376920	3.375779	-0.263864	3.621667	4.315517
0.904962	3.893533	1.529971	1.415078	2.763247
0.595413	3.946873	0.105893	0.511166	0.909782
-0.875830	1.780799	0.463601	-1.349568	0.150223
-0.878866	-1.645491	-1.524103	-2.574224	-1.397733
0.336002	-1.442095	-1.736421	-1.460103	-0.826186
3.668875	-2.900915	-1.878452	-2.038804	0.788863
3.881551	0.617250	0.357503	-1.355528	-0.098988
2.076430	0.697200	0.006345	-0.032873	-0.840438
0.738310	-2.247366	-0.449327	-2.581640	-0.952590
-0.550509	0.219153	0.964788	1.028871	1.109857
4.027071	2.057755	2.038889	3.193660	3.697300
2.425451	3.092742	5.043977	5.389827	3.748039
2.386728	1.728413	3.338550	4.963372	3.304574
1.784703	3.944268	1.908610	4.498395	-1.435298
-0.871525	2.658406	1.152355	2.250596	-4.256876
-3.028058	0.171029	-0.772013	1.108975	-6.524162
-2.568595	-3.797665	-1.712296	-2.849668	-6.768756
-5.178239	-3.540374	-3.366794	-3.664933	-4.941260
-3.097088	-4.845000	-3.122805	-2.915620	-4.031473
-2.136845	-3.425542	-1.793932	-1.566029	-3.206698
-1.577210	-3.350800	-1.156672	-3.758461	-3.059035
-3.419583	-3.825273	-2.790828	-1.553615	-3.066884
-2.179665	-1.553163	-0.310899	-4.249491	-2.613647
-1.787857	-0.946168	0.556415	-1.837691	-4.104225
0.957140	1.105110	1.876214	-1.671513	1.760183
0.256726	1.226474	3.404098	0.308842	0.851975
2.164301	3.880821	3.174466	1.468173	2.277550
2.857863	4.013753	3.823819	1.929382	0.755707
0.785112	1.089470	3.383555	1.008666	-2.543854
-2.335752	3.676672	0.569076	-0.389273	-5.072533
-1.439330	-1.788342	-3.057519	-1.164037	-4.118133
-2.136123	-2.306370	-1.643431	-1.554025	-4.585053
-3.306731	-2.424313	-2.464459	-1.837437	-2.721195
-2.718255	-5.374371	-0.520404	-3.024674	3.255042
-2.178796	-5.710043	-1.751766	-1.767237	1.541656
-2.058852	-1.755729	-0.180945	-1.748125	1.097446
-3.562227	-2.698029	-0.083441	-0.548938	-0.356688
-2.686619	-2.888044	-1.701255	-2.619478	-4.892947
-3.116929	-3.052972	-2.994786	-1.485045	-3.377231
-0.500258	-1.614013	-2.656636	-2.249538	-2.293242
0.310994	-1.174868	-2.586404	-0.598659	-0.345780
2.424027	1.682964	0.487310	-0.862707	3.036454
3.145039	0.704183	-0.409895	0.721916	1.535459
4.687431	2.642289	-0.006519	2.182011	2.414636
4.838401	1.646983	1.091138	1.343777	2.846482
4.861151	-0.178536	2.895875	-0.420886	0.537298
1.594179	2.855333	4.167892	1.238021	-0.919118
0.309884	-1.149710	3.299689	0.696697	-4.013666
-1.150533	-1.512964	1.929966	-1.694357	-5.667946
-5.158673	-1.747231	-0.703778	0.139357	-1.561960
-3.526736	-4.579508	0.419857	0.880239	-2.644208
-5.861523	-2.191997	-2.822030	1.096289	1.253109
-2.849834	-2.590997	-2.597539	1.458005	2.147190
-4.653070	-3.275108	-1.047169	4.755789	1.150035
-1.882530	-1.901229	-0.918322	4.383038	1.878944
-1.500715	-0.365761	-0.113298	2.371852	0.433114
-3.196426	-4.910403	-2.009797	3.573131	-0.980654
-1.784263	-1.637656	-0.941920	4.706374	-1.337061
-2.865126	-1.957318	-1.831967	2.854981	-3.035608
-3.467715	-0.913790	-3.088538	1.050250	-1.704495
0.791269	-2.404272	0.040666	-1.565919	-2.658824
-1.111575	-2.344064	-1.642255	0.380674	-0.879794
-2.289346	-3.973265	2.578598	-1.139272	-2.398208
-2.134844	-1.289676	1.176125	-1.171258	1.179836
-0.230571	-1.661195	4.788026	1.494315	3.799535
-2.509226	1.167876	4.034899	1.431247	3.345989
1.136690	1.858638	4.225145	5.056337	6.225998
4.357077	4.037091	2.582163	6.868884	7.791960
3.205935	4.697635	2.083953	4.443188	6.834776
3.643964	3.244171	0.451014	5.609947	3.709443
5.308462	3.547398	0.088845	3.763062	2.999762
5.200630	1.579515	-1.407554	2.645531	2.252732
4.383267	2.197825	2.724317	4.674853	2.091452
3.265574	0.330225	3.548657	4.647328	1.634721
2.366550	1.344017	2.636065	3.146954	0.462238
2.502494	2.415200	4.547541	6.632432	3.426703
2.591106	2.055875	3.515085	5.350361	1.862315
1.136987	1.841540	1.768795	5.088738	2.129974
0.946135	3.496397	4.026472	1.908865	0.039677
-1.426550	1.986445	3.166514	3.616939	-1.741675
-0.538367	-1.940515	1.162022	1.890460	-3.769382
-2.273318	-2.724185	-2.585506	-2.816373	-5.988447
-3.310502	-4.455564	-3.505870	-2.201261	-2.892170
-1.326119	-0.903853	-1.484271	-3.752004	1.414249
1.234129	0.761550	-0.350610	-1.906903	2.804609
-0.179358	3.170643	0.949514	-2.100960	4.013108
0.833621	4.540626	-1.056601	-2.018176	2.944047
0.999765	3.083099	0.541145	-0.849650	0.198724
0.635974	3.100562	-0.548549	-2.115884	-2.418561
-1.292953	-0.069185	0.103317	-1.157479	-4.472110
-1.467616	0.215958	-1.897659	0.117564	-2.516623
-3.128715	-2.713110	0.114223	1.638144	-0.929701
-2.259251	-2.962290	-2.625537	1.190161	-1.473544
-1.892223	-0.893280	1.499259	0.043014	0.485646
3.281067	1.012518	3.708912	-0.927099	2.786569
5.269720	5.034004	1.800420	1.475621	3.658523
3.968735	6.674278	1.782982	-0.019425	3.910009
0.955312	3.600239	0.348299	-2.110440	1.692824
2.342450	3.480788	-0.954632	-0.717623	5.373569
-1.856951	-0.345577	-0.737709	-0.659477	-0.041557
-2.961690	-2.337055	-1.239335	-1.367102	-0.198056
-2.503269	-6.998647	-2.410211	-1.913898	-1.418028
-0.593588	-4.034154	-2.942735	-3.249867	-4.699173
4.060552	-1.064876	-1.320910	-2.204110	-2.148894
2.867153	0.598687	0.353263	-0.736928	-2.485790
0.548112	1.751635	0.772785	-0.724721	-0.591663
0.521730	2.940566	1.563154	-0.701690	3.851887
2.278707	3.030880	3.034269	1.326963	3.090660
2.450341	5.567577	2.759930	-0.577863	3.588353
2.999833	4.664656	-0.575964	1.425133	6.096666
3.967783	3.678017	2.445286	0.648448	2.753699
1.513889	5.843459	0.303080	-0.021518	4.343651
2.870752	4.902881	0.006016	0.231234	3.553520
2.233072	5.818984	-0.043905	0.122703	2.955707
4.092247	2.948765	-0.966086	0.806888	2.766409
3.435777	1.485325	-1.298727	-0.809612	1.548527
2.944563	2.767064	2.478872	0.850603	-0.502140
4.085003	1.174679	6.037009	-0.980369	0.802206
1.198897	3.245972	5.945685	0.930771	0.492766
2.721545	4.889440	3.120897	2.427423	0.748137
-0.635353	4.598784	3.673645	2.307685	-2.674680
-1.440998	2.037203	2.357029	0.602157	2.101114
-3.501491	0.177296	-0.865952	-0.404162	-1.580282
-2.452631	-1.845739	-3.101100	-1.454074	-3.120970
-3.787319	-2.345100	-3.463015	-2.487778	-2.446549
-0.441356	-3.152890	-5.279097	-2.282677	-3.761421
-4.506942	-5.312709	-2.478349	-3.214970	-4.069585
-3.048378	-1.765058	-1.732869	-2.268159	-0.821744
0.509237	-3.042938	-1.498061	-2.257944	0.409702
0.256802	0.112551	1.365777	-1.970828	0.599754
-0.022284	-1.854692	1.268443	-1.070609	-1.561691
-0.465221	-2.137968	-0.111164	-1.244990	-1.121033
0.536190	-0.573778	1.557655	-2.823771	-0.386272
1.000049	1.534278	0.610300	-1.565452	-0.305310
1.159856	2.437097	0.066370	-2.682336	-1.567546
0.856011	3.496281	-2.065337	-0.470423	-2.036783
-2.323188	2.076527	-2.583820	-2.774613	-2.600319
-2.407941	-0.883465	-1.176481	-2.476707	-2.264356
-4.057347	-3.039096	-2.280421	-0.563407	-1.484395
-3.244709	-4.980267	-3.830039	-3.253912	4.659064
-1.053325	-2.553878	-0.838639	-2.882025	2.416720
0.648804	-0.315732	-3.262919	-3.901446	2.354473
1.384677	0.945472	-1.877780	-2.443175	1.065321
1.882293	-0.217567	-0.857225	-1.955613	-4.666635
0.496053	0.544149	-1.808353	-3.301162	-5.385696
-2.983545	-1.893580	-1.691465	-1.288422	-7.847163
-4.437200	-1.783455	-3.217462	-2.146193	-4.350736
-2.260812	-2.088278	-3.508344	-1.880978	-0.995816
-1.594784	-0.431849	0.095786	-1.887275	1.969396
3.244886	3.031632	1.750830	0.887513	4.995601
3.685996	2.995162	2.727885	2.292286	3.538197
3.719147	3.926041	0.938351	3.285943	3.724485
1.396738	5.401769	2.371627	3.644184	0.229763
1.963368	0.413444	1.901913	3.475207	-0.473369
-0.962463	-0.113135	2.249108	2.776612	-2.838311
-0.766556	-0.183269	-0.123290	1.240898	-2.061563
-0.780010	-0.560158	0.645720	-0.444135	4.731073
3.120073	1.520496	1.317436	3.134311	5.036999
4.298194	0.955193	3.330558	3.016536	4.382712
4.375351	1.192931	2.092284	3.483439	5.249013
3.108845	2.209910	3.484915	4.780320	2.626402
-0.166225	-1.324371	2.473549	5.145077	-2.338822
-1.506159	0.980686	-1.022514	3.099711	-3.755560
-1.561259	-1.662518	0.148125	1.670919	-2.693710
0.791577	1.386014	-1.747935	-0.434798	-3.624975
0.709147	-1.149617	-1.500595	-1.583442	0.358747
0.829650	-1.080014	0.006646	-1.377412	0.347755
-2.411712	0.576624	1.956485	-2.752710	-0.363052
-0.083441	-2.739704	3.242223	-0.178637	-1.965274
-2.193038	-2.768101	3.746058	0.251708	-0.253210
-3.429102	-2.117066	2.620891	0.377623	-5.184262
-1.630634	-2.714200	-0.062181	-0.472793	-2.221528
-3.711835	-3.414204	-1.383257	0.856160	-2.805210
-2.940904	-1.413779	-3.213337	1.021681	1.972792
-1.428143	0.813273	-1.894124	4.503370	2.782280
1.847049	2.759753	1.244283	3.433626	4.847551
2.110171	2.647860	0.242283	6.026447	5.242107
4.619823	1.067491	1.323775	4.836234	3.354747
4.474105	1.770148	0.035359	3.704286	3.343871
5.888215	1.944328	-0.439267	2.214502	0.840179
3.153154	3.212632	0.513898	1.227982	-1.344829
3.197121	1.622158	0.086053	-1.337776	-5.923353
-1.356283	-0.292295	-2.281003	-2.449472	-7.206092
-1.529160	-1.773927	0.464829	-1.760006	-4.736747
-2.803010	-3.913538	-3.825751	-2.767080	-4.669018
-3.030032	-2.193831	-2.695643	-3.070393	-3.087205
-3.274928	-1.887805	0.178351	-2.736447	-3.439408
-3.183198	-2.305262	-1.546569	0.902058	-2.490926
-3.289942	-1.811201	-3.105203	-2.045479	-3.256859
-1.080960	-0.864824	-1.617553	-0.482658	-0.757108
1.339448	-1.569932	-2.610318	-0.209780	-3.352872
1.604780	-1.595525	-3.087099	-2.262047	-0.743751
-0.471662	-2.114903	-0.834598	-1.455657	-2.856845
-1.676581	-1.460168	-2.927313	-0.278513	-1.153553
0.143325	2.217480	0.604553	-2.243815	-0.414376
0.442955	2.264541	1.206201	-1.508163	0.423787
-0.390891	2.440013	-0.281169	-0.890057	1.894235
-1.076114	1.346696	-0.055760	-1.230200	-0.552730
-2.470515	-0.907011	-0.704670	-1.673091	-2.515409
-3.011092	-4.050307	-1.886501	-1.547431	-4.048501
-4.454947	-4.433795	0.149147	-0.863020	-3.793906
-3.717480	-4.919474	2.510973	0.599840	-2.619624
-2.340090	-2.828944	4.075977	-0.662351	-1.577055
0.293921	-3.077507	1.950059	0.887507	0.849002
-1.164347	-0.745663	1.903418	1.839113	3.214247
0.758807	-2.213712	1.050653	0.067265	0.339981
-1.078218	-0.309555	-0.818836	-2.037436	1.041403
-1.652523	-3.161593	-2.027350	-1.625991	-3.871886
-1.330107	-3.283926	-3.369788	-2.633000	-5.053685
-3.239571	-1.429854	-2.458952	-2.350666	-4.814995
-1.253115	-3.346178	-3.957142	-3.177588	-5.751214
-2.065140	-1.603598	0.386142	-2.204366	-2.691644
-3.216244	-3.074814	-0.968401	-0.812202	0.199418
-2.193230	-0.917628	-2.489472	-2.907096	2.676370
-2.384596	-0.504240	1.092630	-1.538649	4.822914
2.078356	0.296551	1.106704	-2.277062	1.027150
2.975027	2.446643	-0.265751	0.224266	4.697678
4.367416	3.864437	1.406165	3.085332	5.020099
3.681924	1.466731	-1.365548	2.568937	1.808012
3.471249	1.833926	-0.371591	4.000579	2.092919
4.217992	0.623122	-0.491164	1.138559	-1.414380
-0.736048	0.371917	-0.805369	0.730874	-5.710685
-3.099470	-4.222788	-0.882404	-1.472674	-3.721196
-2.417575	-2.156494	-1.958871	-1.958288	0.656489
-2.939264	-2.266001	-3.091569	-2.449267	4.130668
-2.638336	-2.683510	-1.735400	-2.063913	5.059344
3.545609	-0.391520	-1.907064	-4.128326	5.336115
2.376569	2.506169	-0.526061	-2.632307	4.066883
5.045946	0.678255	0.262008	-1.595456	4.190548
4.873038	3.310438	2.293444	-2.191775	5.598709
5.717346	4.044619	1.100045	2.291136	2.878769
3.651069	1.759697	0.917512	0.083776	1.008326
0.221407	0.560172	0.227643	2.877345	-4.883418
-0.655341	-0.554057	1.180139	3.013141	-1.963964
0.294827	-1.239489	1.169999	3.896664	1.210889
0.481108	-1.175826	4.069223	4.451814	2.840042
0.963504	-0.819266	3.536410	3.557989	3.698494
-0.470887	-1.456011	4.905560	5.372188	2.226246
-1.088064	-1.580160	3.959073	3.842612	2.132299
-2.456628	-0.988314	1.420548	3.266758	-0.529948
-2.376678	-0.947273	0.012585	3.194927	-1.441494
-2.441116	0.215963	-1.587117	5.514218	1.281761
-0.835641	1.898394	-0.215257	4.920229	1.761217
-0.501354	-0.395481	-1.798337	4.212261	-0.317024
-0.091855	1.743138	1.702843	2.860211	-0.638964
0.544256	4.331652	1.549084	-0.450620	-0.084502
2.014278	4.535759	1.285384	1.403667	-1.644337
-1.774988	2.945860	1.133544	-0.467130	-2.382469
-1.092544	1.820255	-3.045638	-2.238111	-3.459699
-3.382589	0.088843	-0.839361	-1.466476	-4.440526
-1.653224	-3.187276	-1.804226	-3.459228	-3.251349
-2.715048	-4.471002	-2.679534	-2.687465	-3.687570
-2.564364	-3.659535	-2.535983	-3.301791	2.265114
-2.624669	-3.166376	-1.690976	-3.003504	1.506201
-2.380666	-3.463424	0.043587	-1.913506	0.022891
-2.096054	0.469220	-2.406093	-2.259898	-0.635415
1.004866	-0.862344	-1.605717	-1.508181	-1.873217
0.745694	2.715884	-0.692386	-2.688556	-0.445815
0.037029	1.997403	1.711101	-1.270723	-1.444109
2.856372	2.161013	3.130642	-0.996083	0.915701
2.885321	4.561715	2.858938	0.771963	1.551314
6.016677	2.943708	2.184887	1.448613	3.006132
3.614439	3.065991	1.983290	1.965468	1.591653
6.007506	2.890665	0.104747	0.217525	0.309578
3.572779	2.940329	0.096756	-1.333415	1.288606
4.505756	3.958283	-0.015283	-1.473053	1.106938
3.200437	3.174727	-1.297169	-0.236691	2.713973
5.103623	4.320660	1.199996	-2.471530	4.487611
5.066711	5.938182	1.949812	-1.493570	5.200853
3.631502	4.130394	0.173380	-0.128612	5.091297
1.915896	4.941294	2.662097	-0.224757	4.981243
1.402992	1.407682	3.562465	-1.147206	2.846792
-1.777512	-1.628942	3.217683	-0.076361	2.832842
0.131186	-2.856578	0.968349	0.532779	1.322694
-1.816116	-1.127327	-0.621235	2.270812	2.943448
-0.717919	-1.059489	-1.390672	0.103237	4.053702
-2.234422	-2.644964	-1.800360	-1.677846	0.386957
-2.177227	1.454547	0.615000	-0.237639	1.576812
0.278166	-1.202056	-1.998794	-0.569443	0.930466
-1.071244	-0.325073	-0.919540	-1.869358	-0.009580
0.260643	0.640195	0.611959	-1.039385	-0.359928
1.338226	0.887947	-1.112195	-2.976726	-3.254177
0.547405	-1.205016	-1.684004	-2.291082	-1.525729
-0.128922	-0.448596	-0.085968	-2.427252	-2.058385
-1.986255	-2.300491	-0.372088	-0.351739	-2.859343
-2.351195	-0.781904	-1.597863	-1.742143	-1.697506
-1.785742	-3.006635	-1.654295	-2.529466	-2.980675
-2.655897	0.183516	-1.150383	-1.480807	-1.290048
-4.358760	-1.235851	-1.028229	-2.422668	-4.235329
-2.138034	-1.692037	-1.071932	-1.390851	-2.404816
-2.209018	-1.755843	-2.477493	-1.211255	-2.116111
-2.251913	0.256331	-1.996013	-1.996383	-4.355615
-2.249720	-0.545115	-1.436491	-3.580434	-0.897429
-0.446339	-1.393083	-1.671629	-1.390111	1.684046
1.855127	-0.685973	-1.789527	-2.357413	1.660211
0.189479	-0.534886	0.455014	0.231458	-1.967737
-0.307484	-1.206122	-0.555405	1.921501	0.257601
-1.001963	-3.540381	-1.220885	3.046615	4.479126
-2.725660	0.522435	-2.293028	4.098600	4.381035
-2.730075	-1.264875	-0.790232	1.832254	3.169827
-1.748008	-2.067310	-2.937499	1.194876	0.027302
-2.253962	-1.937372	-3.389230	-1.099835	-3.095641
-2.269136	-1.828561	-2.314724	-0.796179	-7.137904
-4.151832	-2.157579	-2.008982	-4.059757	-6.898188
-0.322352	-1.807925	-2.023105	-3.097672	-1.533194
0.496205	-0.075902	-1.253493	-2.400823	1.209976
3.142137	0.244292	1.428253	-3.343111	2.707922
4.325243	0.858553	3.666633	1.799062	2.731842
3.267022	0.932383	3.720647	2.929696	2.446535
1.055973	2.530780	4.200493	3.808690	2.433699
1.712595	4.006742	2.976772	4.774342	2.353434
-0.233214	2.305070	2.212483	3.238151	0.130637
-1.813354	1.125161	2.250225	3.397718	-1.583292
0.686873	0.209116	-0.651202	-0.354460	0.035644
1.380767	1.281034	-1.541698	-0.764283	-0.814055
0.937725	-1.435588	-0.467265	-2.806352	0.723709
1.772248	1.768851	-3.093702	-4.104268	2.696134
4.316233	1.499449	-2.619311	-2.694032	1.566218
2.653479	2.537506	-1.331291	-2.404245	3.750661
4.742986	2.531219	1.315657	-2.437808	1.042561
4.983152	4.012889	0.008632	-2.138621	2.454215
5.702275	2.003014	0.711134	-2.530587	2.707023
3.964354	1.111393	-0.684138	-0.692705	3.982982
0.244589	0.061524	-2.316784	-1.578477	4.105892
-1.221723	-1.508792	0.120895	-1.502603	2.766349
-2.715882	-0.815358	0.624399	0.275415	1.537753
-3.266490	-2.455675	1.227226	-0.451023	0.467501
-4.770649	-0.542344	0.051178	0.059281	-3.938608
-0.896759	-0.839565	1.370353	-0.868673	-6.113276
-2.735323	-2.663541	-0.491250	-1.893986	-5.279404
-2.452541	-0.520472	-2.276130	-1.867458	-4.072896
-1.178015	-4.248060	-2.734789	0.263808	0.017148
-2.243946	-1.165206	-2.779627	1.261712	1.044426
-1.300236	-2.224012	-1.237645	2.956954	1.982735
-1.161686	-1.328478	-3.883042	4.840532	1.157473
-1.675199	-1.457005	-1.542621	2.225146	-1.624161
-2.692574	-0.491696	-1.648480	2.752594	-2.811269
0.057685	-3.687552	1.203279	0.753776	-1.372253
1.466879	0.124927	2.796356	-0.396309	0.808684
0.325704	1.920938	2.698951	1.111138	1.010641
-0.150740	-1.218419	1.158362	-0.562684	-2.401385
-0.148654	-1.328747	-1.017911	0.409725	-1.358196
-0.959242	-2.509146	-2.869368	-1.185637	-4.441893
-1.799303	-0.023418	-2.227410	-3.054670	-2.426878
-2.684040	-1.239264	-3.401137	-4.046275	-4.400755
-3.170555	-2.730386	-2.732850	-3.001054	-2.474924
-1.575048	-0.550485	-2.318450	-3.493806	-2.647989
0.708078	-0.540063	-3.090136	-1.375533	-1.675551
-0.432278	-2.015621	-1.575710	-2.147436	-3.030912
-2.093918	-0.432661	-1.293472	-2.866114	-2.840375
-2.039344	-0.887084	-3.110923	-2.703570	-4.352242
-2.117956	0.157508	-1.499463	-2.186804	-2.896615
-2.686958	-1.631986	-0.004892	-3.329016	-4.098096
-1.749749	-2.951867	3.940388	-0.703708	-3.394787
0.786066	0.118862	2.697178	-1.518080	1.716709
-0.014012	-0.394300	4.392377	-1.869633	1.564690
-0.117385	-0.986354	2.550383	-0.590368	-0.710246
-0.075957	0.583297	4.318498	-0.394786	-0.879701
0.026773	-0.282346	1.815320	0.465813	-2.719678
-1.497498	-2.390487	1.276348	-0.141872	-5.640578
-0.694771	-1.957027	-1.362818	-1.431142	-2.745905
-2.156549	-2.595767	-1.066978	-0.155098	0.019340
-0.522633	-0.280908	-0.366833	2.890260	2.733654
0.853675	0.173346	0.083216	3.518431	3.108436
0.319873	0.101996	0.502370	3.418415	-0.215917
1.162561	0.215639	1.762827	5.120309	2.094992
-1.265365	1.568674	3.073387	1.240914	-0.495139
-1.822906	0.293299	4.239649	1.146030	-1.225811
-1.734164	-0.892488	3.925913	0.026455	-4.114728
-1.385040	-1.296388	3.943478	1.487488	-1.307591
-1.958337	-1.202503	3.955945	4.252329	-0.987803
-1.176456	-2.252434	2.483511	2.771277	0.324735
-3.061399	-2.587283	0.840377	2.721232	-0.816681
-2.747667	-1.874352	-0.150657	3.329693	-0.894152
-2.752963	-2.091742	-2.505193	0.426759	1.498719
0.125011	-0.414155	-2.642831	-2.320870	-0.431470
1.150355	0.609908	-0.307171	-1.041396	0.562879
-0.443035	1.882144	-0.838613	-4.194818	0.099664
0.663240	4.115352	0.211440	-1.546338	-2.721318
1.051279	2.537131	0.717790	-3.192857	-5.268668
-0.199321	0.007079	-0.425464	-2.028074	-2.773990
-1.566061	-2.229305	-3.127524	-2.458490	-1.405484
-1.971044	-3.172424	-1.910189	0.875994	-0.681154
-2.358170	-3.273379	-2.482560	1.712877	-0.456201
-2.038342	-2.676571	-1.415738	-0.401242	-0.764628
0.016938	-1.385603	-2.464823	0.420538	1.650664
2.981369	0.966325	-2.016715	-2.395585	2.613371
5.890248	2.344611	-1.934216	-1.182211	4.653493
1.838074	2.567353	-1.152325	-0.272341	6.515127
4.868245	3.523049	-0.319543	0.748825	2.762971
5.427160	3.437598	-2.280272	1.254585	4.070222
5.255615	3.199599	-1.141710	-0.418759	-1.244721
4.862811	2.266549	-2.401059	-3.809111	-4.174360
0.168144	0.135248	-2.398420	-2.406168	-6.991397
-1.063287	-1.842706	1.705608	-2.800834	-5.387335
-2.440184	-2.311816	1.286123	-2.019507	-4.038575
-4.488149	-2.672681	-0.221474	-2.734288	-4.620919
-2.969983	-1.617005	-1.754885	-3.613979	-3.279869
-3.858688	-1.206187	-1.901810	-2.948379	-0.240227
-3.248866	-3.018331	-2.346250	-2.484890	2.746805
-1.804519	-1.211037	-2.458204	-3.601512	1.944325
-2.434849	-2.498307	-1.959674	-0.035744	3.663332
-2.593158	-4.090742	-2.278160	-1.678889	5.980923
-1.103846	0.647256	-4.093963	2.531754	3.606296
-4.297517	-2.349014	-2.242683	4.988584	0.973751
-2.207571	-1.410754	-3.978821	0.693600	1.881385
1.268589	-1.051165	-1.111477	1.145502	1.548296
0.671362	2.956351	2.200848	1.694390	1.850183
1.284146	3.094794	4.252853	4.129062	1.514544
0.382639	4.213661	3.973339	3.319819	1.442377
0.918140	3.629452	3.004004	3.232860	2.710281
0.080446	2.556065	3.522548	2.661983	3.109755
-2.151343	0.912198	1.648171	2.911890	1.657296
-1.434630	0.537651	3.697871	0.089378	0.371402
1.345983	-0.612378	3.061949	0.759549	-1.669026
0.944496	0.773909	3.565003	2.415100	3.242108
1.779505	2.456112	2.639334	4.427332	3.420204
3.430911	2.617029	3.627140	1.610244	3.022560
4.314810	2.931458	1.045421	2.938836	5.457274
5.845901	1.769300	-0.353124	1.793007	5.622546
5.259083	3.405452	-1.738594	0.316756	-0.076326
3.339754	0.271713	-1.316292	-0.197416	-1.296344
1.542012	1.397581	1.230883	1.393089	-5.464808
-0.218245	-2.774343	1.898731	1.528571	-2.579320
