X1	X2	X3	X4	X5	X6	X7	X8	X9
-1.367950	0.872453	-2.554184	-4.263101	-2.390724	-3.289248	-1.300127	-2.941284	-2.875146
-1.405813	1.137341	-2.296530	-4.495788	-2.177656	-3.729558	-0.990202	-2.652362	-3.184185
-1.934194	1.778699	-1.743740	-3.411803	-3.477779	-3.345679	-2.429597	-1.183500	-1.783437
0.087807	-0.313178	-1.470813	-2.222749	-0.296095	-3.038612	0.433389	-0.398096	-0.369203
-0.510909	-2.041590	-1.252450	1.007475	0.610598	-0.542658	1.569456	0.722648	-1.409184
1.287457	-3.607041	-3.225451	0.524766	2.896198	-1.155121	3.215304	1.338631	-2.444182
2.979004	-1.643131	-2.230016	-1.118175	3.731606	-0.135400	1.727035	-1.162545	-2.010197
1.293634	-1.237464	-0.876644	-3.249451	1.709621	-1.049798	-0.565052	-2.942382	-1.383932
1.475345	-0.161541	-1.461436	-1.253362	0.868942	-1.873216	2.121544	-1.112280	-0.869786
-0.969762	0.285036	-1.298392	-4.417010	-3.021429	-2.804056	0.043223	-0.385639	-2.098262
-0.876688	-0.165734	-1.628911	-2.877495	-2.056494	-0.307119	-1.183313	-1.446758	-1.723160
-3.008333	-1.693655	-1.713893	-0.589918	-0.480353	0.255294	-1.289565	-1.220939	-0.016482
-1.833197	-1.187827	0.038961	-0.607080	-1.015506	-0.233020	-0.584631	-0.950982	0.178673
-1.680580	-0.687853	4.774451	1.626317	-1.352853	0.362939	-1.007012	1.386914	-0.408699
-1.625282	-0.566934	4.966879	0.977272	1.010605	-0.635732	-3.097207	2.720949	0.550303
1.988597	1.751229	2.870244	2.952485	1.517569	1.077167	0.763485	4.881723	-1.143522
2.119456	2.204833	2.121546	0.987555	2.647839	-0.445265	0.886864	5.700034	-2.609476
0.525495	0.464577	2.811585	1.686380	3.458513	-0.978931	3.489331	5.867685	-0.041759
2.334715	2.305060	0.184062	1.043259	2.356992	-2.397831	2.225086	4.147174	-0.816872
1.244716	0.536180	0.045676	2.164292	-0.692023	-0.891767	3.372831	4.116902	-0.457417
0.307596	0.942935	-0.538972	-1.219122	-1.039134	-0.481940	1.128964	-1.597531	-1.245794
0.432456	-0.611675	1.799618	0.911315	-2.123241	1.708549	0.597188	-3.177825	1.243596
3.056597	0.078848	4.003047	3.407502	-0.515743	3.289199	-0.763898	-2.505680	1.341852
2.463317	0.788502	2.197214	3.060939	1.937159	2.936708	-0.612893	1.148105	1.690774
2.232518	0.982387	3.584620	2.652925	0.974865	2.523175	1.620304	-1.071671	2.193560
-0.661202	1.639501	2.432164	1.145458	1.286476	2.069199	2.269392	0.474794	2.226011
-1.362943	3.807343	0.621648	1.892739	-0.082710	2.854379	-1.854626	-0.154902	3.017224
-3.176503	0.832712	0.125872	-0.887636	-2.522691	1.812414	0.176449	-1.769356	5.324599
-1.804084	2.318808	0.339235	-3.497265	-1.577569	2.033002	1.575818	-0.944469	5.322337
-3.028486	1.975128	-2.851561	-2.753251	-3.981644	1.779943	0.589881	3.687858	4.658935
1.576592	1.437772	-0.147518	-2.735393	0.900186	2.861636	0.451239	2.143428	2.487094
-0.692350	-0.620660	-0.592033	-2.294794	-0.325681	4.179279	0.582392	3.927240	2.839412
0.874987	-0.964569	-1.275008	0.367646	0.114455	1.665672	-2.833458	4.702795	-0.504011
1.984104	1.900043	-2.895441	0.473927	1.822696	-0.286786	-0.987612	2.237993	-0.361175
3.114200	3.528676	-1.507333	0.025246	-1.208761	-2.207097	-1.217969	-1.840865	-2.203281
4.418076	7.501629	-1.559283	-0.972896	-2.503114	-3.574962	-3.539028	-4.617379	-3.270630
4.284831	6.038603	0.157209	-0.221000	-0.768663	-0.947480	-1.931689	-4.948448	-1.024621
2.054465	9.280895	5.394444	-0.272669	-1.361209	-0.804154	-2.765652	-2.318972	-1.180357
2.266279	5.342807	4.465322	0.289699	0.255248	-1.318483	-1.542815	-2.331549	-1.756236
0.189872	4.845936	6.796643	-0.698099	-1.749391	0.074930	-1.626278	-0.916780	-1.142460
-3.048755	1.468684	2.335608	-0.551563	0.434773	0.816986	-1.179840	2.592136	-0.768830
-2.471002	-3.938951	1.771717	-1.249094	3.120341	2.224284	-0.455202	1.413000	-0.322044
-1.327571	-8.150269	-0.857629	2.385607	4.470412	1.945522	-0.689563	-0.291987	2.263996
-3.221359	-11.729869	-1.331731	-0.034861	3.612787	3.072600	2.207779	1.820876	2.874389
-1.213968	-12.239952	-3.568688	1.984002	5.307565	5.549517	0.210523	3.255089	2.056636
-3.166897	-15.598019	-3.689799	3.249994	4.144547	4.858972	0.115469	2.626052	4.142136
-1.883946	-9.211669	-6.376465	3.826914	3.429733	3.800566	0.246020	0.210167	1.162889
-0.138916	3.975297	-4.322183	4.543763	2.905422	3.215396	0.838274	0.554635	2.144494
-0.008405	7.632881	0.340344	1.231238	-2.285784	4.299663	0.065233	-1.884444	2.997152
-1.405415	7.811681	0.106819	2.444540	-3.704587	2.851365	1.180396	1.475531	1.245062
-1.191445	6.503598	1.028042	1.602767	-2.522885	2.090902	3.326766	2.865361	2.114023
-1.088094	6.658633	3.219612	1.647918	0.472621	4.382674	1.985141	4.207347	1.416336
-0.429163	8.168985	1.612531	2.301293	-1.336269	1.508479	0.715022	3.861690	0.333400
-2.172252	6.655254	3.099798	2.732491	-0.010655	1.222818	0.465511	2.453090	0.025516
-0.805061	2.719042	1.674815	-1.171390	-1.359736	-0.282211	-3.400794	-0.259851	-0.327718
-0.351489	1.998648	1.580481	-1.631449	-4.105612	-4.658107	-0.522690	-2.208332	-0.723101
0.316064	0.479973	0.806898	-1.821587	-3.509383	-2.473073	-0.036079	0.095447	-0.679533
-0.200203	-2.029183	-2.166636	-3.333006	-1.069749	-3.165007	2.801842	-2.258213	1.613286
0.624112	1.329381	0.296082	-0.753307	0.105090	0.926389	0.656771	-0.353510	-2.078645
4.264907	2.760366	-0.467649	2.087211	2.065435	-0.587785	0.361810	1.366756	0.771574
3.761084	1.667972	-1.754729	4.640246	2.414785	0.872870	1.861560	1.285586	0.274844
3.973742	1.471000	-2.673157	2.571598	1.730541	-0.396345	2.280219	-0.080018	0.922964
-0.197419	-1.491649	-2.246932	0.610465	1.936503	0.953667	0.765289	-1.833856	-1.772865
-2.126197	-4.639976	-3.908454	-0.344253	1.479471	-0.950792	-1.914830	-3.038927	0.173756
-1.131894	-3.992277	-5.565122	-0.679957	0.065146	-2.052224	-0.960037	-1.997429	-1.006873
-2.762009	-1.335554	-3.789737	0.036153	-3.029673	-3.200528	2.061268	-1.680561	-2.814452
-2.525142	-0.831605	-3.096298	-1.320725	-3.345684	-1.874806	-0.050815	0.018377	-2.065180
-0.431893	0.321072	-2.773505	-3.704991	-2.155189	-3.397457	0.925115	1.558187	-2.733958
-0.610960	1.911576	-1.553556	-2.310446	-3.103486	-1.562383	0.394457	0.420269	-2.658785
-1.601246	0.892610	-1.070452	-1.385490	-2.807375	-2.602683	-2.189587	-2.289875	-3.375562
-2.614348	3.388174	-1.706392	-4.800425	-1.198456	-1.942658	-0.456217	-3.837444	-2.122088
-2.640167	1.321769	-2.573476	-3.166451	-1.914229	-0.969707	-3.371534	-2.716437	-4.206663
-1.502702	-0.095903	-1.992004	-2.402168	-0.050594	-3.643833	-2.444636	-2.073053	-1.855688
-1.936354	2.981159	-1.488274	-2.468879	-1.461849	-1.450434	-1.428524	-2.171390	-2.819061
-0.895323	5.228456	-0.101088	-0.016382	-1.668696	-2.002112	-1.905197	-0.682349	-1.208984
-0.603207	4.922989	-1.812643	-2.022080	-3.346432	-3.173366	-1.829255	-1.721027	-2.724155
-2.049307	1.756260	-0.168641	-3.346872	-1.052859	-2.303597	-2.264897	-3.217923	-1.594174
-0.084322	-2.148229	-1.434580	0.862940	2.366824	-2.224705	-1.349624	-3.092037	-1.915242
-1.078252	-4.655978	-3.736060	2.367256	3.246217	-0.687990	-1.447935	-1.980468	0.664842
-1.535498	-8.635885	-2.828081	2.041275	3.853522	1.603147	-0.464431	-2.088113	1.592278
-1.952858	-12.619648	-0.412942	1.319696	5.444237	0.980606	0.197490	0.716927	2.953866
1.339467	-15.470266	-0.040943	2.899919	5.931065	0.989186	1.090628	-0.558745	4.656207
1.395879	-4.789737	1.970215	0.223744	1.754104	0.022188	2.157882	1.696271	5.241700
3.772576	0.713240	6.376735	3.313868	-0.817645	-0.023989	2.357453	0.141176	2.192547
3.236360	1.231368	4.640515	2.020792	-1.745181	1.059255	3.274841	0.000672	0.455946
4.573330	4.348247	5.564557	1.565614	-1.812504	-0.059380	2.853946	0.180559	-0.626600
3.409387	4.374480	5.506560	2.580935	-1.798413	-1.241794	1.434168	-1.075162	-3.539793
4.577432	2.887468	2.540124	1.826254	0.659792	-1.781289	0.832508	-1.257488	-0.612932
4.346164	5.531413	3.492952	0.626069	-2.391689	-0.864864	0.533365	1.113080	1.658383
3.547684	4.009217	1.502541	0.426480	0.044344	-0.364018	0.702439	0.443044	4.483853
2.537193	2.709182	0.156093	2.216286	-2.423907	0.635046	0.392331	0.354606	4.420678
2.296390	0.945810	1.431608	3.348788	1.062257	5.721930	0.410541	2.632865	5.183258
0.047875	-2.705698	1.780087	3.095483	3.748138	3.577933	1.337469	2.676424	5.043894
-1.632450	-8.822939	4.221329	6.468071	3.739335	5.368655	1.051414	2.797383	1.826286
-2.950286	-11.136712	2.046235	2.870752	2.762548	2.055095	-1.018122	1.190643	1.622834
-2.284632	-8.790014	-0.396995	2.105625	3.200080	0.568454	-2.571341	-3.224394	0.028538
-2.060287	-5.451944	-1.094861	0.221489	-1.129871	-1.270169	-1.373843	-4.671128	-1.380201
0.285748	0.985500	-1.985863	-2.121356	-5.193704	-3.196174	-2.129026	-3.624358	-1.134982
-1.372727	1.631121	-1.244700	-4.506412	-6.187318	-3.432361	-3.879691	-2.174582	-2.395306
-1.592810	5.125921	-1.128872	-4.395778	-4.857313	-2.047331	-3.281839	-1.610299	-4.939071
-0.951102	7.898002	0.445121	-2.842856	-3.798088	-4.249583	-1.197469	-1.143009	-2.073979
-0.932401	5.718965	-0.758321	-1.275946	0.302057	-0.677018	-1.483182	-1.867010	-3.028627
-0.135309	2.432914	0.621003	-2.210149	-0.159077	-2.407237	-1.872577	-1.375102	-2.613517
0.719277	0.064349	-1.148108	-3.459466	-0.470590	-2.735338	-1.722455	-2.535383	-1.876347
3.623855	0.660674	-1.212654	-0.561397	-0.279381	-0.274223	-1.133015	-0.811653	-3.680918
3.417527	0.107991	-0.459233	0.547857	1.719750	0.026308	0.010742	-1.255010	-1.752528
1.811092	-3.711099	1.334653	2.147195	3.243704	0.707955	-0.080384	-1.422254	1.153223
2.134152	-5.824192	2.681005	3.247017	3.654181	0.590819	-1.968093	-1.016484	-2.253666
-0.738294	-8.529288	2.506324	2.889122	3.061682	1.155198	-1.214286	-2.959598	-0.395793
-3.612545	-11.853282	2.327608	2.804209	4.742207	2.844792	-1.484062	-0.815297	-0.952758
-3.362201	-14.131375	2.297659	3.184477	5.037257	2.466202	-0.199421	0.454822	0.589639
-2.270561	-14.978262	5.381376	3.156426	2.865632	3.168726	-0.157065	0.950958	0.524298
0.428675	-15.070942	3.419959	3.253055	1.846233	4.345766	5.430807	1.653713	1.662720
-0.715392	-9.995112	3.784608	4.687664	1.384060	4.200920	3.318895	3.249388	1.225906
-1.377762	-8.124670	3.520524	3.765751	1.431714	0.980788	4.119299	2.591783	1.656355
-2.137236	-4.532915	1.244806	1.459516	-1.445104	-0.691729	3.650818	1.674599	-0.904931
0.015789	-1.824642	-0.537746	1.468358	-1.295895	-1.556233	3.471251	0.811137	-1.387653
-1.329588	-0.298451	0.122268	-2.447223	-1.122957	-3.589423	4.106199	2.803098	-2.527510
-1.011367	-0.662139	-2.279851	-1.426329	-3.090490	-5.289999	3.828961	1.885782	-3.917802
-2.637947	0.619796	-2.552104	-3.293360	-2.567393	-2.629362	2.716738	1.504691	-4.311128
0.574372	0.623458	-1.756892	-3.115616	-2.010967	-1.566113	0.894428	0.323024	-2.334288
0.369391	-2.210453	-3.249813	1.572701	1.479291	0.666650	1.396631	-2.824617	-2.172182
-2.656190	-1.522433	-2.708969	1.378091	0.513679	0.189425	-1.465253	-1.327732	-0.897508
-0.966970	-2.153180	-1.808259	1.691653	0.297299	0.247912	-0.305525	-3.603219	0.798633
-0.704449	0.412207	-1.675283	0.566586	-0.784949	-1.687989	-3.596884	-1.991780	-1.194759
-2.192627	1.029732	-2.590443	-0.901710	-2.376863	-1.168179	-1.718431	-0.444011	1.460417
-0.395403	2.272297	-1.281237	-3.660036	-4.342745	3.166043	-0.259967	-1.250815	-1.328038
1.676823	1.397804	-1.957166	-3.852394	-1.345793	-0.350424	-1.939292	-1.963588	1.639876
2.671252	2.255755	-2.406730	-3.999483	2.800894	-1.525180	-3.015707	-1.061832	-1.397742
2.193783	-1.436748	-3.262230	-3.130105	2.775516	-1.386825	-2.329111	-1.780445	-1.519989
-1.148582	-4.215001	-5.237666	0.292439	2.408373	1.953340	-0.844206	-1.233428	1.611633
-0.503643	-2.092204	-2.726238	-2.378350	0.046565	4.467514	-0.271992	-1.529178	0.219725
0.973501	3.721247	-2.700446	-0.858374	-1.736205	4.397699	0.020531	1.651803	1.738588
0.619549	7.386254	2.489909	0.558965	-2.194939	3.848193	0.980662	1.484617	3.372922
1.132701	7.125518	3.220128	0.446269	-3.519235	3.881495	1.690801	-0.797536	4.323828
1.244360	8.112243	2.843609	1.292235	-3.242793	2.967907	1.043547	1.142544	2.952404
0.084024	6.921830	1.854252	-0.316938	-1.636912	4.009327	0.810900	1.147357	1.380153
-0.397305	3.675582	0.860258	-2.364249	-2.026193	0.335755	-0.653441	-0.637495	1.284475
-3.133728	1.170400	1.226825	-0.402200	0.408466	-1.160109	-0.667876	0.469288	-1.412431
-0.589644	-3.136712	3.895654	0.599008	-0.024535	-3.150566	-1.105907	1.094705	-2.358264
-2.325552	-3.922554	5.027743	-0.301026	0.383605	-2.092915	0.969867	0.863557	-2.146024
-0.735452	-2.084622	3.021092	0.731798	-1.590515	-1.438158	2.084345	1.220144	-1.402310
-2.504744	-4.740415	1.846802	0.487979	-0.301693	-1.776695	3.073627	1.770568	-2.025122
-0.607528	-2.133130	3.132471	1.928015	1.619971	-1.641825	2.853111	1.288027	-1.230360
-2.540002	-1.490165	1.373698	-0.357293	0.574278	-0.507250	3.231897	2.726322	-0.246123
-1.350267	-0.657419	-0.455216	0.205552	0.006127	-2.462569	2.982085	3.183354	0.843088
-2.825122	-2.071690	-2.119872	-1.511549	-1.246380	-1.151084	4.462974	1.651622	1.717975
-2.281767	1.002426	-3.675970	-1.982898	-2.626544	-3.824894	0.827563	0.544027	3.308637
-1.030001	1.320529	-2.881912	-2.402095	-2.514963	-1.661499	-1.453948	1.625768	-0.406825
-0.429525	0.093922	-2.288898	-2.034543	-1.903638	-2.196201	-2.052960	0.765647	1.103788
-2.157137	4.756007	-0.924528	2.205060	1.554232	-0.625700	-4.293873	3.539563	-0.459022
-0.380537	5.916885	0.113296	0.577310	-0.829852	0.662104	-3.593389	3.006415	1.469344
-1.713626	7.078559	1.287675	1.396609	0.794510	1.210511	-0.940507	3.717205	4.334287
-2.312002	7.389230	3.843708	2.660654	1.447918	-1.652580	0.572771	3.124232	3.753206
4.118334	9.087601	2.701693	6.143144	2.157372	1.821831	1.336745	5.345196	5.855303
1.212884	7.824573	2.118131	3.551580	4.376174	2.177143	4.218114	4.769698	3.942977
3.865247	3.123547	1.351820	4.623959	2.854323	1.534056	3.249477	4.107136	4.061828
3.316623	1.412726	0.931760	2.586081	2.193720	3.212570	1.044035	3.117512	4.146658
3.378214	3.778912	1.327150	2.884145	-1.672935	1.976584	0.475085	-1.707476	3.350765
3.131919	0.022006	-0.009711	-0.697551	-0.133541	-1.014403	-3.571672	-6.693326	0.692250
3.104338	1.199009	1.313276	-1.291607	2.282601	-0.459091	-3.211437	-6.634640	-2.627887
5.085073	2.399024	1.522812	0.888476	1.383293	-1.723179	-3.108911	0.910283	-1.167145
5.257823	4.914652	4.002394	0.642996	1.203633	-0.311670	-0.354595	4.091342	0.930776
2.369088	3.332894	5.893222	1.746353	1.546924	2.761937	1.354210	3.168438	3.473875
1.663769	2.485153	5.164895	1.927746	1.154365	3.576142	1.184105	4.273470	3.465953
-0.628334	0.321230	2.734112	2.469473	-1.384045	2.480743	3.263888	3.262137	5.624810
-1.069520	0.451425	2.408573	0.753833	-2.536103	2.843841	3.777758	-0.298059	3.706046
-3.128190	-2.308158	-0.534324	-0.139674	-3.520211	2.467335	3.336416	2.363980	3.174961
-2.429642	-2.154720	-2.103380	-0.143150	-0.576568	-0.279875	2.904659	2.132553	3.368356
-3.237778	0.202342	-2.322995	0.043004	-1.961974	1.498409	2.530788	3.986462	2.463029
-2.753196	0.416928	-2.138270	0.376087	-3.120028	0.960188	-0.122299	2.214905	2.668683
1.248604	1.184941	-1.322307	-0.364902	-0.826931	1.547861	0.116498	-3.441218	1.591616
2.844621	3.991781	-3.185807	-3.196064	-0.542582	-0.453072	-2.810521	-4.510507	-1.205472
5.610756	3.232250	-1.697969	-1.978300	-1.277081	-0.480312	-3.766658	-3.341562	-2.087480
3.587710	5.947548	-0.842897	-1.193913	-3.347729	-0.520260	-1.781314	-3.423985	-2.514309
4.458583	4.815178	-0.053990	-1.601201	-0.608523	-0.510916	-0.881688	0.968826	-4.175557
3.384674	3.924739	1.212851	-2.073968	2.796734	0.476321	2.777918	-1.831132	-2.294826
2.021783	0.532334	0.833524	-1.666113	2.411944	1.050548	2.383504	0.005642	-2.209116
-1.259688	-1.238138	-1.688972	-0.692539	4.466906	1.785066	1.215069	1.234047	0.915875
-2.592839	-2.800173	-2.397038	-2.577146	4.063221	-0.762926	0.451211	1.939683	-1.047156
-3.579272	-5.552373	-1.103276	0.201264	4.232088	1.078571	-0.284268	4.731450	-1.735406
-2.210284	-5.138336	-3.628185	-1.126210	4.761209	1.859058	1.693728	4.952946	-1.098677
-3.538477	-8.879661	-2.614167	-0.055268	3.519781	4.604033	3.252401	4.451871	1.497932
-0.823951	-9.802346	0.587975	1.876287	4.320807	3.133497	2.995650	2.057326	0.835520
-0.840004	-12.064392	0.735042	-0.485745	2.604985	3.084248	1.138273	0.330708	-1.707313
-2.287737	-10.618398	2.115532	0.621434	1.890816	2.323686	2.246169	-2.928182	0.169934
-0.930450	-8.149863	-1.254756	-1.417577	0.173999	2.216811	0.993339	0.996655	0.579260
-0.318643	-4.194085	-1.026223	-0.277379	-0.258065	1.593322	0.027382	3.109818	0.087164
-0.308415	-4.173066	-2.252771	1.943127	-0.559077	-1.579782	0.392296	6.254107	-1.434152
-0.617167	-1.658203	-4.762301	-0.581061	-1.196336	-2.439800	-0.420718	3.718421	-4.190189
-2.663398	-0.296296	-3.877214	-1.318045	-1.653943	-2.606334	-1.884362	0.310560	-1.791848
0.506891	0.375855	-2.381612	-1.590024	-3.085898	-2.730283	-1.930537	-3.049378	-2.483028
-3.832099	-0.325450	-3.259796	-1.940301	-1.508402	-2.319249	-1.292042	-4.278292	-2.065330
-2.888568	3.696091	-1.128866	0.353723	-0.220753	0.516068	-0.188179	-5.128984	-4.500754
-0.495617	6.232577	2.372875	1.487046	1.012647	-0.706932	0.433252	-0.482655	-0.229500
-1.839445	6.546509	3.243626	5.236169	2.926699	0.662050	-2.415650	2.434696	-1.254568
-1.236152	5.957587	1.985687	6.232188	2.073202	1.737913	-0.655685	2.527167	1.039441
-1.689438	3.360911	2.240054	6.156404	4.008455	1.126757	-0.919955	2.688458	4.574828
-1.151504	0.022883	2.107329	2.460014	4.592459	-0.250117	-1.258659	-1.994833	2.761091
-0.350449	-0.903199	0.830007	-0.925683	3.844014	0.800388	-1.750499	-2.910305	2.094432
-1.620573	-2.536433	2.727590	-0.845588	1.866719	-2.495027	-2.053475	-4.782961	3.734748
-1.153376	-4.478621	5.286774	2.033197	-0.123727	-0.139963	0.051012	-0.273199	3.664541
0.974241	-4.474861	1.645460	4.530872	0.044977	0.527180	1.006862	1.502778	1.743110
3.236178	-2.520954	2.182444	3.159935	0.707630	2.773501	-0.471526	3.655070	3.292654
4.425337	1.540601	0.303726	4.464684	0.917532	2.009599	0.624048	2.808776	-0.171026
3.821415	1.960102	0.463605	3.352118	0.966882	0.581575	0.939882	1.421695	-1.371432
3.208714	3.975551	0.379379	2.869436	-1.446520	2.185528	0.259977	0.528227	1.236537
2.531633	5.841447	2.537547	3.463536	-2.377475	-0.753943	-0.823068	-2.276230	-3.060020
1.669472	5.321490	0.901206	-0.611482	-2.585883	-1.243238	-1.920755	-2.824576	-2.792803
1.945032	3.159779	2.016857	-2.591521	-2.683344	-2.588958	-3.287382	-3.837812	-1.310613
0.609211	4.239315	1.466096	-2.604381	-3.188359	-2.133102	-1.880752	-2.211438	-4.371950
-2.423990	4.380797	1.731824	-4.058465	-1.625428	-2.562573	-2.139464	-1.139657	-1.266514
-3.115971	7.184525	0.522038	-0.887973	-3.184653	-1.480669	-1.512919	-2.061668	1.596893
-2.291633	7.141899	1.819437	1.484493	-1.016033	-0.957692	-1.583117	-0.789773	-0.603027
-1.336176	6.224217	2.474919	-0.756867	-2.275669	-1.877141	0.847840	-0.733372	0.793023
-1.080999	5.995381	3.845183	0.512943	-1.198161	-2.031118	1.454653	-0.133266	-3.358255
-3.502003	5.486588	1.649728	-0.376876	-2.858111	-2.806123	0.474921	0.173943	-2.356364
-0.466789	1.857939	1.857652	-3.453526	-2.900519	-1.997555	-1.822456	-3.317245	-4.425303
1.353444	2.375734	-0.515046	-3.294609	-2.492385	-3.470916	-2.131279	-1.125730	-6.507472
3.893296	4.012071	-0.427369	-2.202426	-1.445610	0.573693	-4.103549	-1.605815	-3.619873
3.638165	4.418450	-0.286016	-4.200279	-0.526394	-0.658526	-2.454565	-1.026399	-2.162506
4.099053	5.259270	0.412409	-2.459568	-1.192740	-1.092975	-2.973629	-1.135084	0.582129
3.205859	5.590631	1.348507	-1.102795	-2.108046	-2.596555	-0.713540	-2.065671	3.024430
0.801882	3.025132	1.376975	-1.373461	-2.587014	-0.970465	-0.950099	-3.556260	3.298398
-1.068278	0.490172	-0.255689	-3.901668	-0.271445	-1.273006	-1.244207	-1.919453	4.147232
-3.621321	-2.445949	-0.914984	-3.397517	1.418861	-3.504378	0.211536	-1.601349	2.411131
-3.592446	-3.034433	-0.683314	-4.970010	-0.750697	-2.610382	-1.932870	-2.071852	1.779994
-0.278156	-5.106480	-2.789780	-2.287647	0.111379	-2.079818	-3.297026	-1.868660	2.424222
-0.238749	-0.559791	-2.090282	-0.410431	0.060691	0.548013	-2.279131	-1.172876	1.621412
3.610274	1.873833	2.197878	3.865538	0.675736	1.569112	0.677613	1.313701	3.479766
2.018713	2.129192	3.173998	4.127659	2.505513	4.755978	1.341206	1.551668	5.123381
2.398467	2.271883	3.168276	4.776229	3.476023	3.591910	0.846249	1.879226	4.842857
1.350937	-0.959393	4.877912	2.783648	2.254163	1.992408	-1.043860	-2.819828	-0.014807
4.473521	-1.725938	1.293405	0.989715	4.515734	-1.646727	-1.174620	-1.769893	1.014290
0.316919	-0.357253	1.832751	-1.902772	3.644833	-3.487097	0.983067	-0.960270	2.072745
2.367733	0.916361	0.969751	-2.435915	2.379362	-3.824902	-0.075297	-0.377162	0.942959
2.254759	2.802403	-1.678596	-2.000314	-0.151383	-4.192142	0.871986	0.324432	0.254630
-0.141200	2.088072	2.200006	-1.688270	-2.453601	-3.580318	-1.679183	-0.019289	-1.609143
-1.314746	1.488767	1.518058	1.013214	-2.400693	-1.175229	-0.387106	2.864874	-2.354659
-2.287679	-0.785413	1.162558	1.735539	-1.474160	0.494724	-3.269181	3.364119	0.803079
-2.678400	-4.224570	0.111904	-0.593498	1.206096	0.000941	0.193990	2.569646	1.751472
-2.198008	-5.896905	-2.126905	0.519502	2.773974	-0.122379	-2.544492	1.224654	3.118019
-1.982204	-8.419919	-4.530669	0.550339	3.162475	0.366665	-0.199829	-0.691358	1.544117
0.250411	-7.149713	-5.613391	-0.006589	2.576896	-1.391629	-2.428019	-2.246791	1.119468
-1.792162	-2.404288	-5.021372	1.054617	4.749937	0.781341	2.247337	0.524354	1.047769
3.428476	-0.092046	-5.185212	4.616655	2.850297	0.029872	2.636839	0.712477	-0.579680
3.345224	1.323812	-2.327713	4.460325	0.193474	1.844366	2.520886	1.235576	-0.745079
1.107683	1.317484	-2.723377	5.686725	1.205368	2.796622	1.723679	3.578551	1.251669
-2.058149	-2.801430	-1.854104	4.039955	1.785777	0.203640	0.946117	3.681401	-0.611836
-1.831071	-4.172932	-3.639596	3.432813	0.742701	2.095919	-0.672100	2.346824	-0.221894
-1.793983	-2.996124	-3.300054	0.658898	1.887838	-0.339041	-2.151871	-0.686179	0.402493
-2.414687	-3.884906	-4.506579	-3.389990	1.204788	-3.379839	-2.071497	-3.727111	-2.519576
1.112918	-4.508780	-3.585771	-3.089554	3.354449	-3.226476	-0.597979	-1.843571	-5.276101
5.102931	-2.075348	-4.284034	-5.690394	4.332420	-2.416653	0.967085	1.229339	-3.091684
6.136551	-0.765611	-2.678566	-1.454410	5.569601	1.070931	3.008493	1.295919	-1.389626
3.448880	1.891130	-1.689370	-2.719705	2.832789	2.077675	2.290246	0.037968	-1.121927
1.932215	-0.201726	-2.926846	-3.095679	3.958284	1.005180	2.378044	-0.167016	-0.040689
1.923957	-0.145782	-2.242796	-2.223332	4.858585	1.925344	-0.102813	0.667368	2.720687
2.143306	1.667362	-2.784420	-3.271667	1.550691	0.297169	-0.537325	-3.124582	1.796900
-0.475940	-0.447396	-2.237020	-2.862883	3.555900	-1.325647	-2.127293	-3.182466	0.609149
-2.502480	0.899142	-0.359296	-4.143382	-0.444988	-2.375203	-4.447416	-3.052686	-1.320066
-0.782914	2.722475	1.174951	-0.774465	-0.600476	-2.624500	-2.083094	-1.473842	-3.808048
-0.428543	3.467403	2.016220	-1.114332	-1.548363	-2.329237	-3.211827	-0.759935	-4.255396
-0.131468	4.089722	3.070009	1.642716	-2.325751	-1.069516	-0.714715	-0.104665	-0.629813
-1.099488	4.636432	3.019318	3.599077	0.918959	2.236265	0.774342	0.730066	1.783100
-0.223504	3.130732	1.259647	2.851152	2.887266	2.144105	1.451044	1.161459	2.292843
-1.239117	-2.865381	-0.291506	0.649639	3.361168	2.973903	0.110890	2.858811	1.190715
-1.570826	-6.253507	-0.671142	0.752838	3.076464	2.997360	-0.051017	3.480723	2.183414
0.018968	-8.714548	-0.800060	-1.836953	3.602354	0.992176	-0.895180	-0.611907	-0.011862
-1.259835	-10.442906	1.058538	0.739466	2.367236	0.617351	-0.922897	-1.434079	-0.813712
0.088165	-5.422081	-0.746549	-1.651405	-2.258191	1.147983	-0.840669	-0.340793	-0.356739
-0.544334	0.430024	-1.612721	0.070133	-1.672129	2.641975	1.802205	2.113449	-0.814543
-1.291131	-1.416792	-2.885379	1.991479	-4.353777	-2.201876	-0.252375	3.387347	1.455175
1.668974	1.930170	-2.711624	0.408332	-3.873239	-3.773468	2.127990	2.141200	0.676712
2.969380	4.906909	-0.279755	-0.867707	-1.799713	-1.623403	1.502802	1.040607	2.228568
3.999387	5.396023	0.676326	1.055659	-2.537103	-2.061679	3.757360	1.296769	2.224942
3.678795	4.057510	0.164419	0.954232	0.307492	0.298203	5.593264	3.216783	3.524732
2.499003	5.474570	1.360623	0.439010	-0.433130	3.498043	4.049515	3.450850	0.820937
1.617712	3.156700	1.737138	-0.044708	-1.192671	2.110140	3.708613	1.167669	1.684557
0.784220	0.605200	0.271364	0.504979	-1.897331	3.376196	3.127757	1.176539	-0.609911
-1.839072	-0.057932	-0.717800	0.297170	-2.189711	4.067909	1.572849	-1.016740	3.973932
-1.233164	1.301602	0.722045	0.468064	-2.500012	3.570380	2.874588	0.658431	2.212286
-1.468957	0.055103	-1.019100	0.720562	-1.512737	2.188909	1.948475	-0.477248	2.487548
-1.814252	-0.908333	2.259864	-0.436938	0.242915	0.543195	1.627409	0.237321	0.807818
-2.319147	2.084594	3.073037	0.513964	-0.294357	-0.003861	0.658492	-1.864261	-2.110806
-1.116944	1.044083	4.618518	0.151669	-1.088456	-1.852859	-2.260177	-1.895996	-0.172525
-0.732543	3.157232	2.701408	-0.218725	-1.109182	-0.252900	-0.497198	-0.847683	-0.814440
-2.757343	2.184140	2.890306	-3.782317	-2.987336	2.163717	-0.910069	-0.993024	2.247547
-1.106545	2.349506	0.954812	-1.321708	-4.064718	1.657891	-0.126592	-2.692018	0.689635
1.522950	3.509429	-1.824574	-1.234897	-3.388831	0.919523	-0.442765	-3.105167	2.408622
0.913844	5.495207	0.508247	-3.269786	-2.018276	-2.137588	-2.236689	-2.044971	1.298708
2.529834	8.214639	0.877877	-0.562674	-1.045252	-0.196041	-0.626463	-0.323430	-2.083009
1.637623	7.235125	2.065814	-0.884962	-0.593462	0.961463	-1.017286	-1.840645	1.344570
-2.330092	3.997563	2.678259	-1.137949	-0.835807	1.507225	-0.715759	-2.109416	3.114043
-1.320609	2.892951	1.204312	-1.133135	-1.228386	-0.995056	-0.502382	-1.497944	2.967109
-3.172430	0.517689	-0.399227	-2.492222	-3.280202	-1.515279	-1.167953	-3.073629	3.678666
-2.056553	-0.177223	-1.386758	-4.118008	-4.778156	-0.461845	-0.915573	-2.092472	3.708214
-0.488380	0.683511	-1.120981	-3.403493	-2.407948	-2.616354	-2.702141	-2.853373	2.633950
-1.263310	0.058093	-2.613696	-3.161878	-2.177379	-1.853305	-3.080957	-1.634332	2.201374
-1.714943	-2.053079	-0.657202	-3.231163	-1.796350	-2.351998	-3.336221	-2.677051	-2.097616
-0.212779	-3.545907	-2.630699	-2.019047	1.037437	-2.789935	-2.477632	-2.308229	-2.307821
-1.004019	-4.079491	-2.066987	-2.135331	2.353282	-0.961114	-1.990290	1.341634	-4.880643
-2.938363	-3.952232	-2.978965	-3.027414	0.132184	-1.917935	-3.434095	3.710536	-2.880783
-0.184710	-3.141731	-3.162434	-0.781296	0.395143	-0.481899	-2.138046	2.196278	-4.938042
-0.241060	-1.480088	-2.862993	-2.085577	-1.172944	-1.917006	-1.134343	2.340859	-3.365222
-1.080914	-2.761605	-2.704041	-0.545557	-2.666977	-0.080655	-1.051085	2.411479	-4.398124
-1.885171	0.303117	-1.424178	-1.043335	-2.276056	-0.254447	0.991727	3.092937	-0.261450
-1.791332	0.433479	-2.001703	1.414989	-1.838483	-1.522081	0.547095	1.788733	-0.857001
-1.635696	-0.633021	0.788483	-1.067786	-3.150058	-0.193658	-1.368282	-0.548133	-0.922978
-2.610264	1.072016	-2.486118	-1.495758	-2.994283	1.917122	1.298796	-1.565661	-2.385083
-1.983735	-0.121310	-1.185505	-0.988327	-2.007357	4.405459	3.251231	1.364748	-0.472417
-2.282109	-1.352000	0.614121	1.660907	-3.059482	3.431654	-0.744277	2.715994	2.910818
-3.205387	-0.780354	0.262661	0.614944	-0.317159	2.937407	2.112972	2.851576	1.756721
-1.623068	1.524226	-0.263984	0.830285	-1.401688	3.351316	0.105578	0.335295	1.594192
0.027448	-1.197858	0.871687	-1.808270	-1.302771	1.837583	0.147142	-1.482650	1.906627
-2.027838	1.467291	2.401875	-1.632420	-2.573207	1.808207	0.059163	-4.166360	-1.063474
-1.474828	0.117773	-1.407720	-1.025265	-2.820398	-1.043812	-0.985456	-3.845234	1.832388
0.087080	2.398889	-1.963798	-3.297804	-2.716144	-4.051173	-1.041917	-2.625572	-1.001389
-1.510115	3.126237	-1.681256	-4.063137	-3.270046	-5.084777	-2.031618	-1.424175	-0.579807
-1.974012	-0.132283	-1.798195	-3.227063	-2.344105	-4.368824	-2.275360	-2.267043	-1.840066
-2.290711	-0.496071	-2.312613	-1.975782	-4.529921	-1.902814	-2.470541	-1.286477	-2.111468
-0.617213	2.313773	-2.485209	-2.755393	-4.491195	-1.861747	-0.851962	-1.877276	-1.100414
-2.093216	2.419547	-2.876283	-0.804395	-1.222428	0.045178	-0.337422	-1.399141	0.369893
-0.624021	-2.760247	-1.034834	-0.807789	0.642280	-0.061641	-0.663221	-1.184271	2.034653
-0.673128	-5.998110	-3.968060	1.993928	2.547428	0.770097	-0.821458	0.098532	2.055165
-1.088536	-7.302643	-3.978961	2.708954	4.147515	0.821792	-3.183833	-2.122331	0.585127
-1.028445	-10.467846	-4.341435	2.701892	3.262442	0.607044	-0.488845	-1.076060	0.497237
-0.897454	-12.861918	-4.420782	-1.726658	4.095807	-0.286947	-0.903595	-1.595655	-1.138405
0.252635	-12.176960	-5.356500	-1.830095	3.715010	-0.161281	1.443819	-0.518718	1.367899
1.374925	-8.798672	-7.701788	-2.644120	3.827050	3.399242	1.247897	1.876153	0.293447
3.152314	-1.974653	-4.811845	-1.191330	1.927427	2.154621	3.360438	1.526258	-0.203762
3.142203	-2.478605	0.855530	1.601975	3.626041	1.496156	4.703345	4.411295	1.538972
1.280693	-3.938626	2.523739	1.065795	3.535391	1.960248	4.254316	1.897465	0.816646
1.134884	-5.755517	3.370482	1.529132	4.703876	-0.515203	2.835653	2.012768	-0.950441
-1.886825	-10.521778	-0.093039	0.644086	3.763896	0.702002	3.219356	3.256103	-2.111390
-2.541931	-12.968608	-0.258922	-0.046741	4.339951	-1.951337	3.980524	1.451372	-3.431003
-2.880137	-9.890308	-4.773968	-0.524250	0.756540	-2.115120	3.985460	3.039473	-1.391980
-1.519840	-5.236776	-4.954173	0.031362	-2.176437	-2.409347	1.065462	0.013606	-3.661124
-1.308841	-2.104414	-2.907437	-4.313906	-5.266480	-2.107218	2.058832	-4.086328	-2.966635
-0.501040	0.687881	-2.891958	-2.209352	-5.898791	-3.001433	-1.843930	-3.116030	0.200486
-1.352135	0.996407	-1.864336	-1.323775	-4.218068	-2.112393	-0.832123	-5.365900	-2.836064
-1.737227	-0.221536	-1.226468	-2.904375	-1.058113	-1.656897	-3.042348	-1.179637	-4.276285
-0.755116	-1.191445	-3.241253	-2.466450	1.041374	-2.518645	-2.953904	-2.524842	-2.936579
-3.056000	-7.758122	-2.950189	-0.765500	2.814193	-0.518738	-0.463991	-0.951415	-3.350546
-0.198080	-11.456665	-5.073676	0.642877	3.199644	-1.310476	-1.042007	0.330444	-1.458489
0.557245	-8.702275	-5.297311	1.647482	2.747526	1.467941	-1.587153	-3.637364	0.713692
1.080275	1.599750	-4.434694	-0.789485	0.179039	-0.431388	-0.407028	-1.711641	-2.177605
3.496610	1.215510	-0.100922	0.860577	0.411283	-0.506861	-1.938232	0.009715	-1.518380
3.349851	4.389205	2.814306	-1.004629	0.620159	1.171820	-1.915265	-2.551097	-0.535336
4.349199	3.659536	1.788292	0.314595	-0.023436	-1.451045	-2.884025	1.399223	-2.007774
4.230654	3.702803	4.536736	0.987453	1.304200	0.315045	-2.050713	3.696276	-2.020294
4.262815	4.529408	4.598542	1.777744	1.046066	0.817488	-0.418028	2.593460	-0.811797
5.349484	4.000550	5.868610	1.859769	1.690963	0.755486	-2.527769	3.043777	-0.901986
4.700561	3.759932	6.485342	1.816331	0.889789	0.160837	-1.315637	0.537326	-1.133661
3.372147	4.193752	2.883640	0.339830	-1.306355	-1.563959	-1.334531	-1.502193	-0.838924
2.503841	1.965213	4.405705	1.246866	-1.653669	-1.187901	0.350549	-4.659779	-0.669275
1.537844	1.314715	2.525540	-0.654658	-3.691253	-1.539691	0.018605	-0.550333	-2.696416
-1.357343	-1.626842	1.817945	-0.370843	-0.361608	-0.286228	0.877036	-0.617155	-3.263048
-4.093220	-1.997056	3.308023	0.256114	-1.561933	0.903588	2.457842	3.231856	-1.502271
-1.246187	-1.683427	0.558375	1.524313	-1.160128	2.371856	4.380525	1.919199	-0.686589
-1.746743	-2.011753	0.852103	1.004056	-0.436794	4.210876	5.578484	3.232675	1.966600
-0.656188	-1.767535	4.749909	1.357344	-1.867331	3.867848	3.849420	1.657683	2.422293
1.120279	1.351830	0.517194	2.549677	-0.479138	4.388671	1.982534	-0.691876	0.835689
0.539159	4.498142	3.028260	0.097457	-0.860915	0.876946	0.869925	-1.669802	0.697488
1.558750	6.333702	0.031110	-0.275816	-3.152663	-0.230628	-2.971306	-5.270295	-1.563812
-0.342045	6.651311	3.155345	-0.860439	-1.112981	-1.351752	-3.976458	-3.700855	-0.323212
-1.286827	7.128271	3.417566	-0.925212	-3.174170	-2.647325	-3.130031	-3.636283	0.525788
0.779005	6.825981	2.130175	-0.207234	-1.921628	-2.693949	-2.879125	-0.782177	2.134385
0.980751	5.768044	2.881675	-1.599103	-1.705757	-2.964922	-1.670739	-3.618238	2.915479
3.977811	6.892760	1.668667	-0.818719	-2.013456	-2.509946	-1.456673	-1.271066	0.836570
4.069287	4.774831	3.287152	-0.139580	-1.958024	-3.723521	-3.514826	-0.009560	-0.160045
1.916478	1.424857	-0.187566	1.576815	0.214437	-0.600147	-1.375799	-1.016222	0.626734
-0.891515	-0.828760	0.946912	2.491166	-0.165271	3.032776	1.062110	-0.963449	-0.857194
-1.049592	-4.942620	0.326991	2.584876	1.686752	4.061447	-0.559900	-0.260943	2.165571
-2.164952	-4.250720	1.707970	0.069144	1.421505	3.012866	1.619972	0.738997	2.211226
0.020505	-2.758760	-1.126048	1.047673	-0.434011	2.240432	-1.505973	-0.367729	3.136071
2.699979	1.417061	-0.012461	2.734063	2.598104	3.046845	3.537364	-1.011221	1.026805
3.914271	1.009445	2.944333	3.597016	2.624251	3.627305	2.881285	0.124921	2.604028
3.446781	1.644394	1.120035	2.553032	2.826829	1.969411	0.533589	0.465497	0.431837
4.469910	6.293107	0.783648	0.936512	2.298038	0.360663	-0.304922	-1.084293	1.168933
4.028558	4.393086	1.929073	2.713559	-0.335020	-1.186839	-2.723350	4.493052	-0.879785
0.173625	6.851334	2.727311	1.933571	0.408653	-0.095096	-1.456693	5.200331	-2.539819
-0.350889	6.115850	3.320366	1.828952	-0.360040	1.423392	-3.728750	4.390345	-0.512769
-2.909682	4.884537	2.930538	0.866902	1.301799	0.328324	-2.409023	3.446094	-1.336837
-3.576656	4.484395	2.980230	1.833721	0.806270	0.259101	-0.839309	3.067177	-1.513522
1.051692	6.698826	3.111943	1.144512	1.160976	-1.193480	-2.262310	-0.499804	-1.505627
-0.980240	6.467932	1.988179	0.521174	-1.741786	-1.980117	-1.546424	-2.674650	-0.192451
1.019149	6.106113	2.891439	-1.396391	-2.433413	-0.316812	1.643949	-2.715261	-2.183295
1.073260	4.430271	3.410427	0.705218	-0.803706	-1.831964	3.151410	1.229963	-1.320561
1.993393	4.845807	1.528543	3.581603	0.621735	-1.378675	4.016657	2.841623	-0.223949
-0.772552	1.471223	0.358589	2.334063	2.226811	1.471155	4.179293	1.126119	-0.731160
-0.734075	-4.733780	0.094868	4.521200	5.266623	1.171126	1.677117	1.051350	0.454006
-0.434875	-9.904101	-1.269420	3.978015	4.491770	1.824238	1.588530	1.361117	0.319447
-2.766552	-13.951638	-5.512873	1.622709	3.761353	1.308289	-0.004069	3.539720	-0.702937
-1.450006	-11.651391	-6.314088	4.161083	2.296672	3.015180	-3.109178	1.945060	1.771253
-3.284437	-1.978656	-6.170264	5.170538	2.795427	2.349009	0.114703	-0.259965	-0.435183
0.279356	0.929866	-2.924099	0.820274	-1.704080	0.724276	0.356473	0.049747	-1.640746
-0.166128	1.040977	-2.400592	-1.836607	-3.692650	-0.679118	1.875434	-0.719504	-1.444637
-1.171787	0.069079	-0.505140	-2.663405	-5.199882	-5.403076	2.127186	-0.657319	0.220043
-1.151723	0.775572	-1.829043	-2.798519	-4.293575	-1.187896	3.519628	0.187202	-3.045305
2.144466	-0.619941	-1.217398	-2.735147	-2.314730	-3.550781	2.723062	1.615361	-0.078184
2.049379	2.397540	-0.662004	-1.551189	-1.515446	-2.864530	2.440488	-2.043943	-2.408493
1.907017	4.820418	1.634041	-0.993745	-1.770623	-0.526444	-1.770495	-3.101011	-3.405633
0.503280	4.598792	0.057539	-0.780013	-1.729259	0.538376	-0.586185	-1.576141	-2.099705
2.042967	3.313266	1.099690	-1.942792	-1.726856	0.162231	0.690417	-1.270634	-2.579809
1.187779	1.075739	1.272398	-2.325382	-2.893811	-1.673881	2.351313	-0.788589	-1.406746
0.698916	0.105514	0.705163	-1.357682	-0.321825	-2.861261	1.157802	0.419393	-4.742116
0.271978	-4.787709	-2.080114	-2.922492	0.659903	-1.913408	-0.373416	-0.915187	-1.851620
-3.133834	-4.001228	-3.052830	-3.145210	-0.280328	-1.691524	-1.452540	-3.856329	-3.470859
-2.507022	-2.768641	-2.749884	-1.485136	-0.017715	-1.295809	-1.862669	-5.500934	-3.746933
-1.035184	-4.195448	1.105326	-0.639268	1.300141	-0.273664	-3.436605	-1.461100	-3.289242
-2.292422	-6.850547	2.643101	-0.452408	2.437040	0.798612	-0.649445	-2.487729	-0.818487
-0.758634	-4.835937	0.630942	-0.195953	2.888583	-0.364784	-1.807590	-3.740619	0.364331
-1.880421	-4.080216	0.884251	-1.642104	1.233272	-3.657351	-0.374040	1.149029	-1.229387
-1.272483	-1.404184	0.515329	-0.989458	-0.328395	-3.174891	2.358106	-0.214685	-1.888544
-1.049020	4.113461	-0.945022	-1.679017	-1.920616	-1.943803	1.770048	1.615540	-0.196237
-0.598932	4.990520	1.291999	0.571720	-3.154591	-2.004689	2.380486	0.965804	-0.678570
-1.098819	4.737095	0.315694	-0.990445	-3.111620	-3.235149	3.674621	0.581806	0.105659
-2.081381	2.727286	0.671264	0.461788	-2.905101	-3.074483	-0.167448	-1.920353	1.367049
2.586581	2.583795	1.171610	-2.414481	-1.797134	-3.568193	-1.139119	-3.559974	-1.113501
3.512168	3.442323	-1.327366	-2.099751	-2.988519	-2.357780	-3.643393	-2.474455	-0.294290
4.299479	3.159271	-0.103764	-1.668822	-0.145156	1.036757	-2.344269	2.927703	2.517480
5.050414	5.007241	1.079319	-0.393594	-2.112343	2.426717	-0.003147	2.772799	3.874209
3.147273	4.318532	0.056883	1.143835	1.376520	2.721798	0.251773	2.793335	3.293997
1.642656	4.587647	0.659929	2.626665	-0.698167	3.535500	-0.604509	2.373610	3.108844
-2.022538	3.698387	-0.235340	-0.180605	-1.364302	1.194823	-0.412891	1.881925	1.017949
-1.266208	3.306852	0.662975	-1.118173	-1.466287	3.058465	0.296625	-3.669722	0.506312
-2.010656	6.164944	0.442976	-2.521540	-1.589919	1.487327	-0.521260	-5.008929	1.647833
-4.558780	4.652064	2.029064	0.397296	-2.653398	4.230806	-1.114745	-2.040996	2.334811
-1.581183	5.093212	0.840341	-2.478166	-2.076025	2.255403	2.225270	-1.322524	3.809946
-1.823763	2.443390	-1.367593	1.015775	-0.467697	2.921217	2.599885	2.611487	3.919138
-0.933821	3.239599	-0.277137	2.358819	0.759385	4.440947	3.599700	4.751539	1.704286
-0.775958	1.012439	-1.325389	2.710966	2.522822	3.420193	3.315616	5.091029	2.471691
-0.887873	-0.725088	-2.010349	2.133216	0.694914	2.496052	3.109432	5.410160	2.024651
-0.795068	-0.682182	-1.526716	1.748371	1.101063	3.050926	3.487949	5.726930	-0.090933
-0.505643	-2.497141	-0.121489	2.121429	0.836468	2.146113	4.400368	6.508140	0.380339
0.252802	-5.538465	-0.819366	1.387192	2.739331	-0.821288	1.910888	2.347590	-0.896334
-2.111633	-9.687354	1.039653	0.170558	4.005052	-0.641678	-1.738790	0.093280	-3.048251
-1.920650	-13.158805	0.942368	0.503530	4.614731	-2.192857	-3.011467	2.614309	-2.061114
-1.198048	-10.361919	4.372481	-0.093395	3.607770	-1.951626	-3.922941	-1.140621	-2.525123
-0.376028	-12.380895	3.771192	0.391986	3.369168	-0.695186	-2.317613	-5.058012	-1.730976
-2.007290	-14.836731	0.656503	-0.302529	4.121827	-2.760037	-3.336383	-3.510063	-1.963176
-0.253635	-13.974728	1.077013	-0.509839	3.308246	-2.934381	-1.648249	1.148726	-2.867621
-0.340064	-11.583784	1.041524	0.571956	2.058128	-1.455718	-2.271613	1.648755	1.053688
2.475323	-1.939299	3.552037	0.070356	1.872871	-0.620149	0.131027	-0.462977	-0.010950
4.758225	2.674327	4.470451	0.793861	-1.262322	-1.297375	0.178169	0.728532	-1.075033
4.147143	4.406696	5.298568	1.557071	-1.860252	-2.079296	-1.284484	-2.718120	-0.691463
1.075074	3.308508	2.400887	-0.198615	-5.001217	-1.196514	-1.031334	-3.895831	0.019860
0.158519	4.168663	1.944011	-2.063895	-3.143318	-1.429929	-1.778580	-4.309003	-1.935763
-1.190023	0.186662	-0.235462	-3.708071	-2.860853	-2.900042	-0.631221	-5.334535	-1.270433
-0.736554	-0.229894	0.584571	-4.158642	-5.257822	-2.953455	-2.189759	-1.001928	-2.117750
2.627128	2.723295	-1.877692	-1.787609	-1.877624	-2.111566	-2.445091	-1.846480	-2.688913
2.419820	2.240029	-0.821949	-1.316971	-1.512159	1.073521	-3.207019	-2.699893	-2.519524
2.374223	0.475109	-0.494701	1.621272	-1.177625	0.090307	-3.271143	-0.564366	-2.802182
1.974735	-0.102065	-2.689945	-0.496682	-1.740523	-0.501409	-1.671761	-0.039500	-1.740487
-1.084444	-0.219992	-0.900484	-0.917531	-1.890751	-0.295328	1.834626	-0.139094	-0.810239
-2.077115	2.484227	-1.299415	-0.870376	-0.771008	-1.195351	-0.944981	2.464152	-1.397838
-2.294379	3.508794	-2.519739	-0.883418	-2.104395	-0.460979	2.888717	0.433837	-3.511585
-0.835337	2.108408	-0.503656	-3.042857	-0.866910	-2.465012	3.128621	0.854162	-3.659080
-1.412489	6.782170	2.297635	-0.998692	-0.718253	-2.076452	2.388731	-0.885474	-1.373021
-0.989136	6.109680	0.247333	-0.678624	-0.725123	0.319101	1.543946	0.414229	1.142790
-1.170679	7.474738	1.589440	1.541546	1.469681	3.344245	0.517968	1.531572	2.056453
-1.532818	4.060744	3.407955	2.712219	2.708459	2.411281	0.518397	1.593053	3.253369
-0.025356	1.601599	-0.163822	4.320294	1.504413	3.564506	0.389832	-1.032726	2.528637
-1.646692	2.386902	-0.421491	2.393771	2.597242	1.132021	-0.991027	-3.652966	3.937158
-2.641627	1.553854	0.557448	2.968449	3.462748	0.533425	-0.485879	-5.589267	0.722331
-2.482963	2.471654	-0.349304	-0.256072	-0.317269	-1.098085	-0.604823	-4.581630	-0.473543
0.629700	5.090303	-0.485248	-0.122492	2.335893	-1.330207	-1.956261	-1.237853	-2.029465
-1.475538	4.743001	1.490616	-0.537311	1.096433	-5.117744	-3.370492	-2.932238	2.368966
-2.541680	2.636547	2.047388	-2.866430	0.294553	-3.329196	-3.195515	-0.053484	3.062949
0.344374	4.386242	1.348669	-2.547750	0.884453	-2.887964	-0.878230	1.060008	3.231685
-0.531577	5.319486	2.357757	-1.472970	-1.888866	-1.455149	0.604662	-0.004662	3.838273
1.002867	6.127878	1.361652	0.405009	0.289397	-0.803452	2.705661	4.087007	0.202514
1.099804	4.941418	-0.318845	0.735686	1.261643	3.021727	3.036969	3.162014	0.117207
3.136733	2.044706	1.812165	-0.443539	2.877872	1.454386	4.792885	2.110959	1.955353
1.549153	-5.373158	-1.167118	-1.707066	3.136886	2.766025	5.931108	-0.758358	-0.650949
-0.346837	-9.013574	-2.864195	-4.853796	3.615684	-0.357458	6.497040	0.501962	-0.475497
-2.852037	-11.388742	-3.077865	-1.792530	3.045668	-1.197462	1.870380	0.922721	-2.777893
-1.270549	-10.018464	-4.541129	0.391533	0.594539	-1.215890	1.610129	-1.360183	-1.810137
-1.503874	-8.442039	-3.556489	0.308691	-1.181703	-1.561442	-0.487514	-3.403250	-2.938027
-3.460213	-5.502467	-5.531343	3.822945	0.052444	-1.427318	-1.231448	1.580421	-1.442465
-0.318467	-3.950348	-5.712492	2.517794	-1.305821	-0.084720	-1.258473	1.689829	-1.716349
-0.435437	-2.661385	-3.668338	0.875337	-2.050995	1.693351	-3.041190	3.517774	0.260419
-1.624923	-2.219775	-3.448380	2.335973	1.156221	2.801894	-1.725998	3.045156	1.242941
-2.720228	-0.783021	-1.232319	3.627703	0.886928	3.595910	-0.247196	1.073574	3.872716
-1.079452	-2.282622	-2.552255	2.312625	1.306429	2.496296	0.568215	0.825430	1.134943
0.187304	-1.966778	-3.590990	1.384240	0.486822	2.837152	-0.992765	1.403721	2.068624
0.200138	-3.169492	-2.267524	1.559646	-0.861790	0.595377	-2.475136	2.108150	0.746259
1.981450	-2.503662	-2.640057	-0.873956	1.166092	0.786570	0.632103	0.560214	0.066847
2.624238	0.005911	-1.846090	0.354532	3.459071	0.555430	0.040851	1.425914	-0.085612
4.713202	3.024725	-1.134024	-0.462390	1.653546	-0.231444	-0.445191	1.660651	-0.085517
4.425340	6.194781	-0.784360	-0.579423	-0.921281	1.981448	2.601777	2.101823	-0.111369
5.248551	6.741278	0.944401	1.107433	0.563490	1.968204	1.842355	4.445431	0.892334
4.013334	5.276615	-0.591640	0.732978	-2.853439	0.836124	2.302642	3.263574	-0.368310
-0.651512	2.245692	1.038614	0.732410	-2.564667	0.963307	-1.745460	-0.460748	0.077399
-1.601388	-0.776793	2.316964	-0.029270	-0.365795	-2.354848	-1.612253	-3.295034	-1.395437
-2.045896	-1.408839	3.105407	-0.924364	-2.673920	-1.293542	-2.968035	-2.521985	-0.131619
-3.135337	-1.613148	2.767144	-0.527072	-1.587541	1.733924	-1.202907	-2.558302	2.479653
-0.425411	-0.400519	2.669173	-1.839794	-1.676559	1.213949	-0.438468	0.069416	2.768879
1.472880	2.570645	6.563493	-1.308831	-1.604772	4.635332	0.976280	-1.101131	3.738560
