X1	X2	X3	X4	X5	X6	X7	X8	X9
-0.139292	1.026292	-2.425624	-3.704709	-3.678184	-1.584365	-0.549602	-1.867561	-0.596117
-2.028517	-0.642455	0.132415	-4.211660	-1.575731	-5.506692	-3.298289	-0.762837	-1.164165
-1.538491	1.622754	-1.123098	-1.240767	-2.322416	-2.809246	-0.615036	1.305230	-0.955733
-0.930216	0.817520	-2.146865	-2.566433	-1.030940	-2.209928	2.874659	0.266041	1.018978
-1.263590	1.313846	-2.006583	-2.083257	-2.130505	-2.802841	4.632097	1.678596	0.447067
0.767986	0.212837	-0.086954	-0.985841	-1.042512	-1.752585	2.324379	1.925096	-1.436268
0.855412	1.078593	-0.198375	-0.618385	-1.210063	-2.340961	5.077805	1.876641	-1.696528
0.055890	1.066219	-1.517448	-0.579491	-2.085158	-2.377772	3.017277	-1.902570	-1.765313
-0.639182	-1.448283	3.635728	0.051340	-0.836100	-2.502819	3.759595	0.526265	-0.140126
-1.669802	-0.707410	3.386355	0.641608	-1.133589	2.148798	1.098462	0.937345	2.997633
-2.915470	-0.021559	3.078132	1.607212	1.737774	1.564376	-1.825723	1.059571	1.074063
-0.236787	-0.523228	0.905660	-1.548049	-1.939614	1.356615	-3.429758	1.264343	-0.100039
-0.378051	0.105087	0.480639	0.738723	-1.056053	-0.085788	-3.331441	-0.516038	-0.663672
1.172537	1.791987	-0.682329	-1.347470	-3.235644	-1.841334	-2.364873	-2.216473	-0.405038
5.279878	4.430377	-0.379745	-2.406132	-1.717089	-3.240423	-2.617752	-2.863062	-1.821240
2.354772	2.336458	-0.570507	-2.822461	-0.838089	-2.386158	-0.302876	-0.913303	-2.710577
2.150119	2.712734	-0.720716	-0.937660	-0.549044	-0.681739	2.014554	0.756203	-3.288751
1.871521	1.450507	-0.509570	0.182972	1.418343	0.571631	2.094741	5.595558	0.256137
2.462176	1.755879	-0.342068	-0.726066	0.086673	2.833951	3.200485	3.782560	0.130885
3.184886	1.576855	-1.951510	-0.340376	-1.065457	1.896721	-0.751512	2.474010	-0.721809
3.706051	2.825636	-0.101896	0.484143	-1.894348	0.494538	0.136450	-0.245591	-0.372644
3.494372	2.879125	-0.631724	0.800590	-1.631500	0.369102	-2.159527	-3.977542	-1.497223
1.324748	0.924524	-1.534494	0.208564	-1.099714	-0.148490	-2.137743	-3.941745	-1.308348
2.908981	1.006037	0.597695	2.834764	2.601609	-0.226938	-3.767896	-4.279398	-1.071718
-2.046630	-1.014433	3.643144	3.710190	2.881066	1.575755	-0.629985	-2.400200	-2.405237
-2.436783	0.298215	4.720253	4.765142	4.553759	3.911690	0.120190	-1.168153	0.253996
0.542321	-0.861516	3.599324	4.512019	5.681285	1.581763	0.195032	0.382645	1.113878
1.650184	-0.373723	3.749658	3.532120	5.200944	0.008875	-0.012059	1.753094	1.243008
0.156305	0.592297	0.605654	1.992645	1.917934	0.482523	0.641418	-1.316705	4.865685
1.526785	-0.645254	-3.321185	1.489394	-0.261845	-1.601494	1.110864	-2.136253	2.597507
-0.509274	-0.080573	-2.020859	1.964566	-1.255793	-0.393178	-2.157119	1.508951	1.744374
-0.478774	-1.403158	-1.180867	5.386960	0.612887	2.722972	-0.883731	3.099708	0.807383
-0.212412	-4.060306	1.460191	2.947576	1.674796	3.013752	0.937729	3.528717	3.028033
-3.203690	-3.415915	4.222418	4.511814	3.734732	1.958262	2.068464	3.973379	1.428723
-2.276005	-4.472182	6.017613	5.200274	5.530195	2.560100	2.357673	5.192795	1.904251
-2.070157	-5.704205	3.569178	5.072955	5.539883	3.920765	1.349858	3.825065	1.344616
-2.168247	-7.069880	5.603414	2.416756	6.797097	1.670555	0.397520	4.070089	0.430817
-1.565672	-7.542107	2.993922	1.971778	6.683235	0.884470	0.503360	1.886568	-0.914348
-1.419633	-6.500782	0.850302	-0.781080	2.321296	-1.389992	-0.224321	1.480301	-1.814681
-1.852029	-4.270603	-2.390143	-1.632319	-1.442920	0.616967	-2.170921	-0.883710	-1.296582
-2.392759	-3.590668	-2.813814	-3.402237	-2.854713	-0.515254	-1.242040	-2.917065	-1.424953
0.206077	-0.864174	-3.237408	-3.624937	-6.332885	2.112644	-1.084476	-3.347364	-2.021996
-1.078920	-0.660118	-4.674926	-4.594017	-6.366836	-1.748440	-1.143029	-3.956007	-1.635112
-0.446549	-2.680599	-2.250565	-2.888479	-4.414768	-2.468408	-2.036797	-1.309492	-2.760203
-1.108110	-0.612915	-2.961924	-4.234522	0.187921	-3.168561	-2.838979	-1.646421	0.175231
0.176599	-1.758262	-1.116004	-3.752147	0.308228	-2.491501	-2.531274	-0.702392	-0.690713
-0.802023	-2.686939	-0.801301	0.272747	2.837154	-0.527128	-3.208181	0.025196	2.304564
-1.306674	-2.644844	-3.796416	2.494258	2.418998	-0.696745	-0.074999	-0.076858	1.769761
-2.009654	-2.807774	-2.876047	2.438188	3.345958	2.035449	1.102874	-1.541953	0.049776
-2.024962	-2.594827	-3.423293	3.849235	2.098136	0.377251	1.864938	3.227211	-0.210491
-0.881597	-3.129901	-1.544853	5.131400	1.668229	2.326259	2.046595	-0.305765	-1.051844
-1.229059	-1.290093	-3.275726	2.349182	0.221138	-1.374726	1.940545	-3.472581	-1.522582
0.794254	-3.051902	-0.572709	-0.269918	-1.488838	-1.148607	0.861090	-1.559637	-0.630807
-0.360458	3.035174	-0.243403	-3.640001	-3.426399	-2.038384	-3.172969	-3.098431	0.643078
-1.842295	1.136538	-0.299506	-5.182667	-0.191746	-2.386760	-3.945931	-3.475364	-0.027327
0.273345	1.220791	-2.010217	-5.716715	-0.551679	-3.331034	-3.203995	-2.054636	-1.400323
2.138463	2.977636	0.511065	-5.540647	3.093001	-1.726009	-2.969560	-2.481645	-1.939013
4.213258	4.058775	2.143043	-2.979261	0.815793	-2.241286	-2.572824	-1.776991	-0.849997
2.335233	3.865109	2.409116	0.109442	-0.380801	-2.648465	-2.466687	0.104225	-1.913477
3.781087	2.800641	3.106386	0.015362	-1.347784	-2.459249	-1.272248	-0.555995	-1.100855
3.466722	3.612772	-0.081546	0.630398	-1.936255	-3.310738	-0.107405	0.758649	1.864469
4.257239	1.528105	-0.456878	-2.734048	-3.446114	-2.724233	2.556643	-0.202942	2.027893
0.481737	1.435341	-2.032109	-2.353677	-4.772863	-1.080036	-1.055204	-0.694169	1.047415
1.274119	2.068581	-1.171738	-2.991389	-2.389200	1.075852	0.235257	-1.204731	3.657134
-0.155215	0.344829	1.953837	0.378816	-3.793628	2.399030	0.683825	1.178373	0.021849
-1.745765	-1.548814	3.543315	0.574838	-1.610745	3.301296	1.930002	0.509842	4.264258
-1.580129	-2.221847	2.502600	1.315877	-1.153552	2.119151	2.983489	0.744479	1.156360
-2.497406	-4.111168	2.798992	2.634733	3.946850	4.182091	3.693088	2.135282	1.955954
-1.962096	-2.664875	-1.514308	3.531707	2.001361	2.944918	3.032398	1.064852	2.050238
-0.575198	-1.426467	-2.256199	-1.269702	3.016782	4.471128	2.680922	1.519191	1.536411
-1.461211	1.456959	-1.651978	-0.194994	-0.181089	1.204221	0.620560	0.096297	1.909872
-0.508334	-0.177296	3.015354	-2.630868	-2.847051	4.088197	1.390814	0.173172	2.991519
1.460834	1.620069	0.378700	-1.303325	-0.485505	3.409653	1.920184	0.392416	2.755951
2.669694	0.784256	2.421560	-0.850464	-2.897250	1.571589	0.410371	-0.460570	-1.494934
0.569246	0.201067	2.409637	-0.280286	-2.709187	1.889604	-0.747023	0.432613	0.440564
-0.578908	0.468403	-1.170370	-0.108489	0.049683	3.570496	0.094702	0.648767	-0.633457
-1.331668	-1.058535	-3.905958	2.537525	0.415962	2.508965	-0.025552	2.214392	2.273502
0.444867	0.159055	-5.679727	2.632857	0.478447	2.343809	-0.005285	-2.735713	4.221140
-0.924102	-2.281725	-3.872775	1.179608	-1.623159	0.538328	-0.110395	-1.445445	5.440954
-1.927774	-0.934274	-2.148701	-0.649923	0.571642	1.681420	-0.435481	0.193194	2.973645
-0.369647	-1.001291	-2.198603	1.311864	1.815050	3.312285	1.413557	1.061506	1.570011
1.585078	-2.313875	-0.661782	4.512269	1.114365	1.233621	0.880520	4.074091	1.184051
0.829402	0.708276	-0.389634	3.536894	2.660588	0.893327	1.979410	5.109649	0.533863
3.425528	0.476664	0.527740	4.656637	2.102318	0.854103	-1.090572	5.279481	-3.266754
0.717455	0.592189	0.858343	2.680399	1.245955	2.635048	-0.448126	0.094788	-1.551400
0.470284	1.020452	-1.337525	-0.423420	-0.821602	-2.606241	-3.081051	-3.781131	-2.849778
-0.086084	-0.031245	-2.152163	-4.491120	-1.913651	-3.329162	-2.556145	-5.453975	-1.330488
0.067853	-1.880501	-0.612869	-3.789400	-3.519993	-3.143219	-1.600509	-5.414844	-0.954431
0.602994	0.640285	-1.772442	-7.155561	-3.715828	-3.097410	-3.576439	-4.757837	-3.031008
-0.897458	1.837715	0.521619	-5.127802	-2.506556	-4.204738	-4.078437	-2.193053	-3.059520
-2.191204	2.734688	0.402315	-1.878624	-1.520678	-1.333903	-1.583101	-2.143292	-1.053170
-0.058042	5.028707	2.277347	-0.911525	-2.147092	-2.244007	-2.852130	-1.899355	-2.134857
-0.715672	4.664072	0.957017	-1.447107	-1.775999	-2.679849	-1.577923	0.823761	-2.102582
-3.373392	3.831684	0.662025	-0.963068	0.668302	1.090469	-0.185980	-0.691846	-2.604347
-2.962001	5.217744	1.705573	-0.686809	-0.881991	2.014246	2.009202	0.718126	-0.281053
-2.577900	4.176354	1.814062	-1.852030	-0.868176	2.591682	3.779821	0.306677	1.714800
-4.218986	3.398513	0.624992	-0.929229	0.860647	3.654274	0.668880	0.545807	0.716110
-3.142659	-0.231177	0.391366	-0.615609	0.362576	3.463324	3.827178	2.893116	1.762076
-2.805119	-0.292115	2.258483	2.052933	0.395414	3.368030	3.961518	1.737606	-0.645402
-1.912564	-0.725501	-0.380754	0.485396	-1.726741	3.853190	5.001899	2.187376	1.494175
-0.702893	-1.960134	-2.390246	1.728380	0.815713	1.941205	4.871423	1.305427	-0.289395
-1.664406	-0.596013	-0.937190	-0.459215	-1.788326	-0.980827	2.438790	0.385760	-0.909912
-1.785702	-0.668337	-3.541886	-0.891588	-2.142156	-3.813306	-0.372198	1.445274	-1.926377
-2.787579	-0.972806	-1.675533	-1.449039	-1.615278	-3.567133	-2.838242	-2.507129	0.586109
-0.469238	0.154681	-2.578429	-3.730169	-3.852492	-1.912008	-4.123741	-4.191950	-2.350255
-0.717277	0.040424	-3.868175	-0.673477	-1.765896	-2.749234	-3.418393	-2.289288	1.421931
-3.381895	-1.679676	-1.737969	0.825837	0.658008	-0.262110	-2.932298	-2.709043	4.458365
-2.402892	-0.969118	-3.247809	5.288073	2.095522	0.008463	-0.991556	-0.763014	2.120747
-0.315067	-3.633402	-3.928196	2.686131	3.138344	0.906685	-0.768865	1.483699	1.922577
-2.223318	-2.720828	-0.451228	3.611111	3.043777	2.062854	1.780475	1.727097	2.176853
-2.103946	-2.031495	0.952996	4.012714	3.735220	1.663870	1.431964	0.481179	0.437475
-1.780449	-1.543702	1.900676	2.033740	1.516472	2.452932	2.051004	1.241347	0.186942
-2.327927	-0.359450	1.396514	-0.877812	0.945135	1.469039	1.756195	-1.485199	0.626153
-1.905779	0.995163	-0.475290	-3.184541	-0.297791	3.726592	-0.717362	1.214240	1.102309
-1.017104	2.797935	-0.651034	-3.407747	-0.612906	2.224689	1.218933	-2.749434	1.210407
1.929899	1.287269	-0.531319	-4.441130	-1.115010	-0.834171	-1.554820	-2.474321	-0.710452
1.683831	2.867563	-2.192443	-3.168091	0.943597	-1.464988	-1.519419	-1.733521	-2.557269
4.014891	0.905518	-3.549005	-2.708828	1.880916	-1.925162	-2.532464	0.741167	-1.478344
4.003882	0.964935	-3.476605	-1.047142	2.917648	-1.408295	-4.068755	2.669643	-2.114478
5.269203	0.851413	-1.190942	0.832967	1.804992	-1.723386	-2.931991	3.705007	-0.367772
3.804956	0.143253	0.140885	-0.019300	-0.765851	-1.107337	-1.494471	6.194659	-0.653726
4.265140	0.796355	-2.121924	1.667556	0.248719	-1.308647	-0.419595	2.906401	-2.927740
2.101858	0.143818	-0.227168	0.184335	-2.985697	-0.599119	-1.146563	-0.264468	-3.747515
2.854209	0.140443	2.190454	-0.827762	-3.332900	-0.767951	-0.207474	-4.589747	-1.704351
0.578794	3.824830	2.720443	0.127665	-3.979388	-2.323245	-0.759728	-4.010436	-2.503049
2.762414	1.937679	1.466699	0.361015	-2.233361	0.090699	-1.419024	-2.997435	-0.951109
2.266269	5.993389	3.526622	0.618688	-1.529719	-1.107120	-2.945662	0.718957	-2.142931
1.826561	5.440461	2.660514	1.434785	-0.924262	-0.484302	1.911258	1.719741	1.164184
1.918289	3.986695	0.534574	3.751806	-0.091289	-0.278347	3.763338	1.838716	-0.509664
0.858555	3.180290	0.905604	4.969551	2.309301	0.922143	5.605276	3.167983	0.574826
1.442958	2.554846	-1.089596	5.132819	1.855007	-0.376031	3.698874	1.968541	2.920251
-2.301700	-0.087937	-2.110325	2.998911	2.449330	0.896029	-0.512268	1.589193	2.954213
-2.361818	0.546240	-4.489884	1.762727	0.546972	1.073424	-2.703850	-0.450163	2.245111
-2.404297	-1.028521	-0.249671	-0.697934	-0.064769	-0.145246	-2.610072	-2.225225	1.217246
0.414864	-1.226423	1.472314	-1.094770	-0.816291	1.716116	-3.242433	-1.740494	-1.905284
1.137266	-0.070065	4.562571	-0.184184	-2.137094	-0.898688	0.893167	-1.024769	-1.397578
2.774410	-0.318547	6.243301	0.270427	-0.625877	1.956941	0.669428	0.956350	-2.527237
3.899095	-0.349971	4.552504	-1.431939	0.407759	-0.165799	2.222650	2.390763	0.409040
2.790523	1.411765	4.356780	-0.687481	1.945417	1.286494	3.820834	2.330371	-1.714847
3.085694	-0.488341	4.820831	-0.205400	0.602495	-0.561582	3.670279	-0.822725	-1.502199
2.369708	-2.525590	2.838056	-0.653195	0.979295	-0.283226	3.069686	0.536674	-2.010715
-0.582733	-2.781781	2.998955	-0.074767	0.721517	-2.307840	1.667155	-1.459732	-1.364196
-2.137031	-3.748116	4.923029	0.653484	-3.928238	-1.133223	-0.934814	-1.467541	-2.144741
-1.769584	-2.363294	2.190678	1.353859	-2.664070	1.695223	-3.557222	0.983946	-1.344350
-1.167991	-1.639117	2.500403	0.832858	-1.815378	0.756699	-2.037567	3.499329	-0.562224
-0.638053	-2.627585	-1.091297	1.884279	-0.709362	-0.660895	-0.783150	1.587410	-0.407561
-2.092469	0.543601	-0.665021	-1.002476	0.690779	0.131939	1.052929	-0.506913	0.504937
-2.216738	0.650642	0.611432	-0.523309	0.947146	-2.216497	-0.958930	-1.744038	-1.773428
1.214239	4.193935	1.581760	-0.699418	0.847439	-0.989006	-2.039027	-5.740965	-1.703657
0.004764	3.942880	2.210165	-0.065905	1.701158	-2.099486	-1.805662	-2.362494	0.528650
0.903236	4.201977	5.236146	-1.390868	1.762505	-2.851439	0.937265	-0.895324	0.667995
1.580155	4.312025	0.570404	0.694790	4.569280	-1.076364	1.274554	2.205444	2.583677
2.906223	5.274122	-0.233161	2.450272	3.931683	-0.264263	3.162105	4.012211	0.866496
2.065240	3.793169	-0.943750	2.999576	1.787415	0.250866	4.062717	2.450477	-0.723747
1.408605	4.480064	2.541339	3.155102	-0.204123	0.279421	3.945491	0.482642	-1.232651
1.251219	2.805906	2.694804	1.388550	1.086770	0.213202	2.839027	-0.972092	0.301482
2.431182	2.066295	1.099346	1.985021	0.604094	0.765510	3.280123	-4.276527	-0.325445
1.598195	1.076930	1.676365	0.526513	4.081349	1.211743	-0.308019	-4.224362	-1.800833
-0.219642	1.249809	-2.480738	0.014227	4.031937	0.873601	-2.714201	-3.264596	-1.363881
-2.810630	-1.739669	-3.172565	-1.149738	5.099258	-0.781115	-3.002723	0.540771	-0.808390
-1.439867	-1.736303	-3.957015	-0.617580	4.405713	-2.676706	-1.249984	1.013939	-1.008757
-0.671754	-6.056796	-6.860689	-3.250202	3.681702	-1.486473	-1.394885	-0.805792	-1.897283
-2.555591	-6.128449	-5.930985	-4.282002	1.494926	-4.385415	-2.756627	-0.540421	-1.822868
-1.682177	-5.695262	-4.970705	-5.572682	0.728686	-3.016132	-1.937809	-2.932149	-0.735010
-1.685912	-3.305536	-0.501949	-2.668540	-3.302617	-1.229526	-1.740533	-1.544175	-4.000610
1.485803	-2.617974	4.109784	0.384122	-2.147084	-1.926996	-2.176197	-2.452398	-0.605166
1.318970	0.578625	4.743893	-0.964496	-2.374912	-2.429742	-2.728404	-2.388319	-2.450878
2.019387	0.344159	4.926778	1.185007	-1.999701	-1.869165	-2.686353	-2.544138	-0.944946
1.272856	1.085327	6.176939	2.635830	-0.998352	-1.148265	-0.977244	-2.306453	-1.895968
1.587575	0.315927	3.830875	3.560973	1.697838	0.771258	-1.048378	0.532935	-1.200444
2.293746	-0.160641	2.827186	3.698635	2.759169	3.235504	2.677644	2.844126	0.249727
-0.809732	0.702721	4.054473	2.264818	0.686141	3.091573	3.543322	1.932821	2.103745
-2.270959	3.022712	2.690535	0.975519	0.976356	4.799864	4.052156	0.749920	0.454511
-2.325434	3.802330	3.076871	0.891940	-2.540287	2.625177	5.191344	1.058623	0.021026
1.743342	5.150775	2.479381	0.150379	-3.057385	3.063113	1.313388	-1.324170	0.128291
0.481968	5.160644	2.526965	-0.982962	-0.971839	2.165670	2.539785	0.662342	1.156506
-0.254154	3.181038	-1.241777	-2.653386	-2.161248	3.596148	0.071535	2.838658	2.472073
-0.201425	1.718453	-3.591346	-0.918091	-2.659211	0.346949	2.056639	2.639579	2.946691
1.177755	1.018990	-5.045042	2.481023	2.900173	0.987370	3.818294	2.993106	2.518963
-1.748215	-2.822154	-4.485766	3.749054	1.860105	3.042213	4.884801	3.461137	0.425289
-0.938234	-1.758280	-4.974117	3.144003	0.436786	0.600676	7.110259	1.996475	-1.531331
-1.535002	0.740411	1.740603	1.231669	0.589815	1.824561	3.868268	0.627718	0.117705
0.005780	2.068917	4.724694	1.114452	0.032794	1.852466	4.004626	0.701267	0.360998
-2.928787	3.674337	5.038057	-0.356647	-1.942776	0.282992	1.559932	-1.491478	0.975949
-1.201105	3.587769	4.974689	0.593070	-1.046794	-0.199763	1.591788	0.592784	0.014658
-2.219872	4.116112	5.867392	1.881604	-1.425460	0.676703	0.012390	3.354452	-1.825674
-2.188390	2.634864	3.198964	2.978054	-2.396374	-1.218911	0.641940	1.994727	-2.695945
0.243041	1.718824	3.167805	0.773920	-1.435733	0.538195	2.542135	-0.136891	-1.521054
-0.899878	0.263290	-2.825986	-1.331698	-1.566238	-2.889579	0.097576	-0.798903	-0.478900
-0.739549	0.560961	-4.096109	-3.992901	-2.833987	-2.017034	-0.875438	-3.617406	-2.864783
0.140229	-0.108965	-6.041364	-3.717988	-2.845480	-1.975770	-1.225809	-0.340403	-2.978402
-1.266144	0.284310	-4.392153	-2.347659	-0.614516	0.068314	0.248063	1.264409	-1.407854
-1.112869	-0.774014	-3.200276	-1.288016	-2.596995	-0.958483	1.164177	1.603528	-1.637040
-1.213447	-1.829340	-1.632232	-1.125359	-2.280515	-1.385362	1.571233	1.348955	-1.143857
-1.566977	0.448330	-2.691124	0.367414	-2.375475	-0.590821	0.184729	-0.622509	-2.396706
0.591140	-0.748404	-0.819652	-4.927200	-3.635376	-1.216962	-3.737736	-2.713065	-0.121284
0.080304	-1.307745	-0.763015	-1.600600	-4.091015	-1.934084	-4.091661	-2.099812	-3.036190
1.255014	-3.103494	-2.062316	-1.056385	-3.285093	-1.185988	-3.927549	0.227849	-0.784024
-1.244830	-1.054753	-2.986953	-1.548458	-0.236109	-0.361574	-1.691100	3.642719	0.962415
-0.506728	-3.496123	-4.104629	0.724083	0.658339	-0.452242	1.336285	5.144198	-1.595470
-0.478081	-3.300006	-1.119044	-0.057163	0.360050	2.420508	2.132006	2.717087	-0.368779
-2.876589	-3.221105	-0.802098	0.861104	1.103427	4.272676	4.806261	1.544285	1.492089
-1.872652	-2.088419	0.771208	-0.875317	0.390368	3.789262	3.773049	0.145893	-0.943864
-1.213172	-1.917452	3.436273	1.250775	-2.997524	-0.188136	3.181569	-1.604990	0.667163
1.957052	-0.778605	2.814496	2.627179	-3.245949	-0.587915	2.010521	-3.812863	-0.120129
2.141019	-0.765379	0.495878	-3.008306	-1.266606	-0.563478	-2.885497	-4.316725	0.107961
1.800528	1.064123	-1.983184	-2.294578	-1.228395	-2.758223	-3.500185	-2.665077	-2.440865
3.987380	0.885900	-3.145389	-0.714940	-2.980315	-3.397952	-5.817344	-3.002519	-1.616907
2.880373	-0.676749	-0.907339	1.387610	-2.356865	-0.029264	-3.380776	-0.745251	-0.973962
1.818007	0.502273	1.635466	4.540371	1.578356	0.280240	-0.324682	3.513929	0.518570
2.876882	-0.201635	3.457225	5.726943	3.335748	-0.148739	3.482338	1.665019	-1.336109
2.274796	2.477125	2.997638	2.800125	1.269213	1.640998	3.139183	0.957721	-0.708198
3.110151	4.354651	3.586903	1.783517	1.694650	-0.443048	1.136252	-1.666066	-0.195495
2.583944	4.967742	2.906319	-1.200780	-3.299340	0.310521	-1.480257	-0.891242	-0.058600
1.630576	2.987096	2.410487	-1.097568	-1.943955	0.198606	-2.547245	0.634993	0.149589
-0.854455	4.902511	0.606805	0.533654	-1.515596	-1.830994	-2.069912	1.583740	0.488473
-0.206348	4.103385	1.214672	4.357885	1.564039	1.738722	-3.653459	2.038100	3.880054
3.744595	3.696617	2.141287	3.599926	3.485250	0.483454	-1.097188	0.549371	5.415833
3.359675	4.054805	3.540951	4.924475	4.860538	0.536000	-0.046300	-3.888446	3.347811
3.595290	2.890748	3.228561	2.837834	5.285903	0.913161	1.735705	-3.554650	1.911690
1.507140	1.469842	2.440517	-0.121099	2.490446	0.462538	0.230826	-3.331342	0.965471
1.629424	-0.863912	0.144218	-2.525224	1.267568	-0.980872	-0.287940	-3.322722	-2.709845
2.163041	-2.615418	-3.965436	-2.440041	2.870569	1.665234	-1.696492	-1.934688	-1.155356
0.546892	-2.705376	-7.915447	-5.618350	1.918850	-0.601447	0.386769	-1.512242	-1.833561
0.975275	-4.492189	-7.236115	-5.725850	2.291911	0.420487	-0.277760	-1.218083	-2.342459
-1.872010	-2.605857	-3.522842	-3.461944	-0.328547	0.580034	-0.741778	1.707490	0.318152
-0.272364	0.143416	-2.521027	-2.006530	-0.585023	3.159695	0.745813	3.610575	3.730674
0.514312	0.388230	2.702727	-0.040009	-0.381817	4.175570	1.311113	4.208975	1.195006
-0.157782	2.591082	4.545521	2.364119	-0.286928	4.125159	3.579919	4.780687	3.757052
2.854253	2.151472	6.228052	4.123954	-0.969757	5.025460	4.313331	6.423314	2.238711
2.059117	3.066597	3.700021	3.475496	-0.749602	4.761974	3.079749	5.101355	1.252086
3.268308	1.719156	4.082527	3.460444	0.654138	2.547302	2.449671	6.025409	1.383878
0.867126	-1.375254	-0.660932	2.142198	0.252962	4.972241	2.638795	3.849378	0.560687
-0.483029	-0.699633	-0.542056	1.400958	-0.586129	1.800694	2.437222	0.890161	1.789917
-0.071759	1.752717	0.206453	-1.475076	-3.042435	0.852358	-0.382450	-3.370241	4.411967
0.776637	3.177794	1.216195	-2.762304	-1.753655	-1.170865	-1.735323	-6.770529	5.087939
1.509856	4.058497	0.955069	-2.258727	2.172612	-2.762077	-5.673496	-4.571802	2.171335
3.658400	3.547923	0.211075	-1.242144	0.957865	-4.614777	-3.677672	0.240740	0.956055
3.573066	1.885671	1.799710	-0.748457	3.101305	-3.021066	-3.627150	-0.058803	0.067901
4.452954	1.880141	3.361374	0.070536	3.471833	-0.950343	-2.140632	-2.053731	-3.433325
1.420464	2.042229	2.376067	-0.606766	3.322648	-2.461409	-0.580619	-1.942544	-3.924123
1.682295	0.106635	1.254487	-3.630464	5.035351	-0.937865	-0.745413	-3.109941	-3.105890
0.569946	-3.997444	-1.407366	-0.659657	2.757243	-3.765010	-1.715912	-2.603323	-1.768227
-0.584784	-3.656008	-3.388694	-4.804046	2.703123	-2.173644	-3.176820	-2.405188	-4.129831
-2.740395	-1.452759	-3.929798	-4.386931	-0.939808	-3.432169	-2.205037	-4.758238	-0.695902
-0.255888	-2.333098	-2.928878	-3.763211	-2.294150	-2.723983	-2.445663	-2.014672	-1.362137
-0.367564	-2.546728	-2.663335	-3.259488	-1.997502	-2.754988	-3.455800	-1.595490	-1.447436
-0.983023	-2.630550	-0.683470	-5.106361	-1.915565	-3.276384	0.507652	0.163508	-1.959298
-0.765667	-3.819264	-0.799985	-0.701231	2.026861	-0.731070	1.565191	2.358623	-1.794322
0.929505	-5.517673	-3.646579	-1.632396	3.923478	-1.878847	3.662117	2.940954	-0.963405
-1.799609	-6.255178	-2.939955	0.659641	5.723685	-0.062615	4.086629	2.862202	-0.838648
-2.768709	-5.297681	-2.599312	-1.162619	2.427681	2.695225	2.666326	-1.542134	0.875551
-0.302696	-4.243082	-3.244453	-1.948675	0.410168	2.073174	1.776607	-1.221352	-0.046606
-2.852170	-3.857083	-2.226077	-0.694629	-3.022755	2.267930	1.488272	-2.670453	0.638881
-1.617333	-0.890086	-2.581886	-3.225680	-4.845987	0.476895	0.975018	-1.390237	-1.833886
-1.246086	-0.195792	-2.282380	0.354472	-2.070629	-0.724833	-0.257453	3.005096	-0.117106
-1.660427	-0.868901	-1.935362	2.182526	-1.403081	-0.897954	-2.224244	2.671246	-2.423779
0.527641	1.800383	-1.344330	2.533382	-1.226042	-0.704467	-0.856854	4.266014	-2.550603
-1.616583	0.651761	0.150013	1.236941	-1.128213	-1.918774	-2.763686	0.906800	-2.300877
-1.709998	0.862731	-0.290634	-0.632299	0.538306	-2.389774	-2.315038	2.512004	-2.240900
-1.448405	1.227792	-0.602770	1.510563	2.386316	1.906032	-2.155713	-2.269875	0.535329
-0.203506	1.434742	-1.231498	2.813428	4.208715	-0.305755	2.189589	-2.066735	1.826411
-0.836000	-0.869919	-0.718918	2.488593	3.848705	0.473463	2.839068	0.125922	3.258948
-2.223089	3.015607	1.768969	-0.831140	5.041784	1.727387	3.199222	-1.493102	4.862439
-0.182273	2.828718	-0.063638	0.622629	2.087853	-0.504184	2.007652	0.552193	4.412086
-2.134953	2.390515	-1.784840	-3.411601	0.815812	0.287450	1.461155	-1.747094	4.057190
-1.416329	-0.436304	-3.011337	-4.261831	-0.867240	-0.980011	0.792933	-3.277363	4.759351
-0.187502	-0.534641	-2.174531	-3.429159	0.953796	-1.056668	-2.668416	-3.066412	4.180072
0.420227	-0.184496	0.401178	-3.385286	-0.099278	-1.939420	-3.184593	-2.242543	-1.273248
0.456157	-0.670571	2.857188	0.684887	-1.743765	-1.570068	-3.524398	-1.442255	-0.755708
0.154489	-0.355966	6.965198	3.841861	0.250537	-0.187513	-1.223532	0.090953	-1.207006
-2.381579	0.192318	3.750909	4.831035	4.112027	2.548446	2.276306	3.025179	-0.411142
-1.541647	2.272679	4.452119	3.797009	4.905904	3.853008	0.480613	5.189725	0.381285
-1.350515	-0.330983	4.232326	4.296483	4.144868	0.775173	0.459890	5.317391	-0.126225
-2.213485	-1.876170	2.836231	2.991358	1.631819	2.683241	2.415937	3.489476	1.163830
-1.201057	-0.089481	-0.220168	0.888332	0.212156	0.870711	0.580252	3.824380	0.793550
-1.324332	-1.509818	-3.092472	1.665806	-2.024921	-0.031217	-0.481264	2.200705	1.765835
-1.642010	-1.504283	-6.127980	1.073480	-1.036414	-1.322643	-1.938512	2.045949	1.957787
-1.105891	-2.262974	-6.475496	-1.560347	-2.799421	-1.476968	-2.019793	-0.430487	1.123407
-2.000477	-2.248795	-2.287518	-2.747775	0.445756	-1.947392	-4.464607	-2.278103	3.865694
-0.456167	-3.745844	1.389052	-1.345204	1.642316	2.671586	-1.558054	-0.959298	2.550849
-0.978863	-2.507523	5.057513	0.218966	1.936860	0.461264	0.616765	-2.115774	2.816974
-2.669664	-4.860433	3.345564	2.196336	1.606286	1.931343	0.898150	0.039071	3.924868
1.051828	-3.715875	5.833905	3.804803	2.760593	1.423221	-0.446499	-1.160463	2.873732
0.478913	-0.518348	1.184935	1.432970	-0.934818	0.802100	0.819417	0.023123	3.644666
-2.164110	-1.461754	1.188752	1.085634	-1.975448	0.950778	0.495798	0.690129	0.715472
-1.757640	-1.900393	-0.825243	0.786497	-1.880699	-0.248445	-1.697856	3.278757	-1.179951
-0.987979	-0.760566	-1.907453	1.296558	0.955430	0.299231	-0.376145	1.808505	-1.638102
-2.663327	-3.473373	0.137324	2.549917	1.840536	1.029906	-1.741870	2.308374	-3.511981
-1.590584	-3.401316	-1.273615	3.737074	0.826721	0.668879	0.293369	0.955764	-0.515188
-0.052251	-3.482993	-1.771170	2.796228	1.530482	1.365750	0.017773	-0.876825	-1.818721
-3.644628	-2.415307	-0.282842	1.817580	-1.091981	0.066919	-1.497860	-1.472393	-1.795981
-0.135216	-0.931557	-1.763032	-0.117271	-1.036169	-0.203514	-2.053230	-2.896640	-0.853767
-2.025216	-2.136743	-2.593739	-3.572825	-2.235283	-1.508850	-1.634536	-4.678665	-3.616280
1.243573	-0.205567	-0.016067	-5.842382	-3.249823	-3.885590	-2.672578	-4.413769	-2.671518
3.681050	1.516672	3.145687	-5.499143	-2.751590	-2.629932	-2.852457	-1.355752	-1.479882
2.470315	4.198472	4.044019	-0.076507	-2.130986	-1.428779	-1.389672	-2.052413	-0.508672
2.000466	4.540135	4.855730	4.511726	0.646288	-0.981729	-0.223625	2.647447	-0.564787
1.926804	2.428559	5.802719	5.331054	1.289933	2.868117	0.272386	3.187929	-0.940427
0.523529	3.185344	4.839185	5.476779	4.091946	3.293058	1.700760	3.283432	-0.081993
-0.225661	1.840990	4.016728	3.721399	5.765126	1.820894	1.648197	5.704157	-0.619183
-2.860365	1.525997	3.762646	3.261415	5.416574	1.214525	-0.232302	1.725404	-2.053499
-1.359984	0.390065	2.415440	-1.124873	4.576887	-0.788250	-1.631038	-1.325327	-0.470140
-3.402218	-0.443907	-0.448992	-1.752067	1.424664	-0.491930	-0.218311	-1.500736	0.181394
-3.292367	-3.251019	-2.388950	-4.434665	-0.996095	-1.107316	-3.541720	-2.965324	-0.097496
-1.429033	-1.879971	-4.510236	-3.489769	-4.024392	-3.720508	-0.931565	-4.962190	3.288687
-0.498514	0.731438	-4.889548	-2.167878	-4.130327	-2.851507	-0.709647	-3.432034	0.989846
-0.397012	-1.176194	-3.079189	-1.415593	-4.264503	-2.820212	-1.653865	1.451145	3.554179
-2.410527	-1.851566	-2.118259	1.048686	-3.436519	-2.728025	-1.721219	5.733845	2.642986
-0.854159	-0.012178	1.685141	1.131260	-0.470078	0.647455	-1.204308	5.414067	-0.933732
1.056192	-0.124530	2.133712	0.505627	0.482920	-1.904473	-1.331033	3.405211	-1.951577
2.635125	2.102278	1.436252	0.309287	-0.895627	-1.170209	-2.027294	1.940677	-1.368948
2.634640	2.805046	4.082960	1.149641	2.568080	-0.387853	-1.679989	-1.200934	-1.519045
-1.501664	2.290374	3.153437	0.934287	2.935639	0.983294	-1.451820	-3.958824	-2.314270
0.531615	-1.180638	3.343681	0.943327	4.086551	0.784833	-0.610585	-4.443391	-0.942921
1.414974	-3.155490	-0.601408	0.602959	5.382912	2.616362	-0.561984	-1.814736	-1.003701
1.317915	-3.143581	-3.488331	-2.496817	2.880223	2.989083	-1.339017	-2.195160	-1.369708
0.415136	-2.820112	-5.026387	-3.348601	4.059981	0.972993	1.762916	-1.424261	-0.762944
1.524538	-5.438881	-6.499979	-4.529793	1.254585	0.732694	0.969016	-2.531840	-2.594908
-2.625680	-3.152590	-3.369705	-5.384493	0.297134	-1.437816	-2.188517	-4.046996	-2.020203
-1.828617	-2.776038	-2.437768	-4.776702	-1.416173	-2.424336	-1.611183	-4.639731	-4.388126
-0.656175	-0.628324	-1.656066	-5.309721	-2.632538	-2.482767	-2.258281	-3.461544	-0.334081
-1.864753	-1.433249	-2.260101	-2.022848	-5.457462	-0.863209	-2.162410	2.170165	0.343034
-2.455651	0.717288	-0.169874	-1.675485	-3.121147	1.339238	-1.986371	3.471597	5.750417
-2.413070	-1.436612	-1.041484	0.182268	-3.827593	3.115074	0.881437	5.186950	5.004167
-0.043110	0.359951	0.272568	0.849312	-3.058904	2.975397	1.687514	4.306925	3.103085
1.416929	-0.860924	-1.469119	0.488745	-1.150879	2.520009	1.844161	1.349423	3.729369
3.072947	1.814165	-0.903745	0.775467	-0.566120	1.042508	0.315379	-2.398658	2.850519
1.058944	0.716018	0.243590	-1.869021	-2.945430	-1.408805	-0.381432	-4.289117	3.654734
1.038219	0.077135	-2.707415	-1.260521	-0.648108	-1.556531	-0.481972	-3.521854	4.004913
1.274672	-0.901483	-1.008461	-0.161132	-1.694258	-2.274070	2.309160	0.619330	3.191155
1.994004	2.328964	1.462853	2.048345	-0.557880	-2.005722	2.804565	1.516437	4.503260
3.312814	1.227276	-2.956674	2.885310	0.913525	1.268712	4.315442	0.146564	4.922727
3.543303	0.264655	-0.949442	6.125563	3.217354	1.158932	4.008193	-1.446686	4.958254
3.557069	0.390300	0.160048	3.739404	3.520306	0.045338	0.916018	3.395585	2.248542
4.542112	2.266412	1.824796	4.359931	2.022280	1.978431	0.757918	4.179278	6.170988
3.722834	4.499992	1.764002	1.057546	1.934874	2.711608	-1.741007	3.790092	3.781793
4.681533	5.429240	3.628265	0.781747	0.019786	1.561971	-1.778457	1.881427	5.431854
4.822610	5.097757	2.490685	0.593334	-2.389484	-0.955081	-4.066229	-2.738717	3.743472
2.378664	6.621443	2.849362	-1.636593	-1.965840	-2.514348	-2.409325	-6.617539	3.690645
3.965595	3.372899	1.767296	-0.102634	-2.734681	-2.985931	-3.088943	-4.403340	3.119771
2.764104	7.642626	4.105085	0.280511	-3.218110	-1.233229	-1.791383	-1.873921	1.884651
0.210190	5.726924	3.308231	1.302640	-1.961628	-0.363543	2.147056	-0.082480	-0.676718
0.870553	3.192494	4.690033	0.650954	-0.245038	-0.150173	3.786375	1.911981	-1.129936
-1.317407	1.422537	1.298090	1.419953	-0.851040	-0.839320	2.752074	4.384163	-1.411804
-4.100290	1.561652	-0.132197	0.126236	-1.837236	-0.496382	1.115854	2.677066	-2.056424
-1.007096	-1.719158	-3.032930	-0.328297	-0.961627	-1.830862	1.410815	2.562089	-2.323897
-1.565025	-1.837494	-5.141007	-0.075546	0.834584	-0.786158	0.596159	1.461032	-2.346924
-2.155577	-1.613854	-5.582429	-2.571012	1.633296	-2.057771	-3.814914	1.185096	-3.700207
0.137447	-4.017838	-5.560096	-4.123394	2.286508	-2.404901	-3.266504	-2.105220	-1.817646
-2.141251	-4.448346	-5.232808	-2.204394	0.885617	0.014151	-4.300309	-5.241217	-3.449343
-0.847173	-4.621876	-3.954366	-1.767712	3.422223	-1.654114	-3.095729	-3.910493	-0.776199
-2.608518	-4.343627	-4.475270	3.069853	5.264824	0.708703	-1.237664	-0.734449	0.514084
-2.607186	-5.766700	-5.658119	4.313800	3.611518	2.406402	2.037888	0.897714	1.352906
-0.759977	-7.899293	-6.539913	4.091928	3.818703	2.841183	1.440228	0.900596	-0.624836
0.634908	-4.992105	-2.059754	3.909838	4.001978	3.086146	3.578355	3.967498	1.097157
2.852070	-5.955435	-0.891239	4.025829	3.967841	1.408891	3.368471	4.309319	1.073084
1.458408	-4.612084	0.256329	4.134101	5.407791	3.215117	3.393877	3.796560	-1.089456
1.835423	-3.057849	2.947252	1.252454	1.263026	-0.021175	0.217072	6.281019	1.498435
0.644415	-5.323130	0.193829	0.215987	-1.748155	-0.537987	0.005959	5.152897	-1.889345
-0.250516	-2.469927	-0.668240	0.737000	-3.491955	-0.798417	0.210137	3.460294	-1.475597
-2.903171	-2.332338	-1.614754	-1.567707	-4.129274	-1.605466	-0.373392	5.067009	-1.200623
-1.858749	-0.907462	-2.263113	0.040066	-2.258615	-0.881834	0.992771	2.296942	-1.023423
-1.571850	-0.210599	-1.027618	-2.917681	-2.717478	-2.094621	2.393129	1.475494	2.884600
-2.192274	-1.377349	-2.367768	-3.409850	-2.464866	0.009072	1.880382	-1.914036	2.478345
-0.766122	-0.565509	-0.779863	-1.110839	-3.321680	3.213746	2.076430	-1.153449	2.829610
-0.120993	0.323021	-1.214503	-2.249250	-1.483322	3.961000	2.699574	-0.055244	3.150294
0.335313	1.208242	1.685112	-0.028782	-0.744892	3.707835	2.055115	-1.553821	0.211395
-0.590505	1.472654	4.936683	1.839564	0.651407	1.861750	0.917654	-0.801481	0.310411
-0.499245	5.813859	5.455209	5.209188	2.826873	1.280745	2.221491	1.742577	-1.423559
-0.934209	3.088757	6.900890	4.990991	1.424406	1.980421	3.282728	1.204951	-1.305317
-2.027495	3.144449	3.419928	3.789371	4.444604	1.889477	3.559565	0.772943	-1.202264
-2.015405	0.107637	2.188922	4.930829	2.236165	2.135213	4.904003	-0.025049	-1.297303
-3.767638	2.599521	-4.457227	1.244465	-1.018313	-0.968472	1.829442	-1.461724	-2.286234
-1.936393	3.735502	-2.645519	-0.170722	-1.916530	-2.282976	-2.062517	-3.649883	-1.593660
-1.603872	1.966380	-3.659955	-5.971332	-3.900088	-2.309400	-3.018872	-4.600126	-2.920283
-0.482973	-0.271142	-2.528433	-6.726765	-4.089189	-1.659944	-5.552623	-2.257953	-1.034304
-2.189297	-1.753865	-0.592353	-3.966220	-3.446934	-0.807808	-4.679570	-2.341564	1.027576
-0.718444	-0.804888	-2.173015	-3.464999	-4.057425	0.107308	-0.296311	-1.328059	-2.586346
-1.511614	-0.803008	-3.484018	-4.831901	-2.125563	-1.440296	0.464054	-1.151138	-1.959371
1.284594	-0.077527	-0.002262	-1.674826	-2.234649	1.225180	1.264525	-0.258703	-1.140202
1.436079	-0.807442	3.184052	-1.862875	-0.984585	-0.429964	-0.086395	-1.083152	-0.542739
2.830642	2.063847	1.297827	-1.283046	0.545227	-0.377828	-0.839207	-0.388885	-0.317085
3.483683	1.417941	1.035762	-0.716942	-0.429112	-1.845712	-0.708510	0.922695	-0.863941
4.293401	-0.395759	-1.897442	-0.100960	4.132194	-1.267916	-0.215303	1.608891	2.812690
2.524897	-0.242752	-2.504785	-0.975702	4.383344	-2.010940	0.812115	4.158401	3.001608
1.739670	-0.973537	-1.713967	-0.918368	3.518738	-0.929983	-2.101156	5.948026	2.906309
2.182722	-0.314814	-1.283686	1.520543	1.925275	2.074054	1.728985	5.414965	2.401893
-0.474949	0.316119	-1.422143	-0.132469	1.636551	1.494572	-0.262360	-0.405282	1.708257
1.106759	1.657463	-0.605336	-1.683204	-2.265132	0.384470	-0.097792	-2.189816	0.149400
-0.690556	0.500417	-0.726965	-1.185563	-4.576978	0.228649	2.869590	-2.477935	-3.132580
-0.988992	1.694384	-0.996130	-4.302245	-5.058286	-1.461491	3.891988	-0.343341	-3.117285
-0.505849	-1.049937	-2.221529	-1.842150	-3.141859	-1.859251	3.672001	1.268967	-3.582617
-1.765929	0.462957	-1.591663	-1.572278	-2.593097	-3.363029	4.719631	1.049488	-2.802178
-0.416729	-0.249535	-0.624531	-2.135329	-1.510902	-3.739626	2.167078	-0.191678	-1.625969
-0.120851	-0.571511	0.565969	-2.011103	-2.712775	-1.802941	1.463543	1.891969	-2.802192
0.684705	0.574629	2.222736	-1.276399	-2.373617	-1.814575	0.646526	0.714429	0.968350
1.190041	0.785086	1.593772	0.120483	1.618071	-0.691128	-2.239670	-0.440698	2.500956
-0.158045	-0.430738	4.260477	2.440542	0.065188	0.868202	-3.247247	-2.310112	2.344125
0.567549	-0.244444	3.941453	0.007380	0.362232	1.421214	-1.949404	-2.204414	2.188654
-0.857378	-0.365531	2.892298	0.574996	0.679504	-1.013892	-2.091738	-3.165303	-2.257259
-2.166226	-1.407296	-1.122484	0.807891	-1.417900	-1.280615	-2.358051	-4.447780	-4.102114
-0.958594	-1.918041	-2.582095	-1.869136	-1.182779	-2.076755	-0.595641	-1.108345	-3.657215
-1.637083	-1.471264	-2.380732	0.075517	-0.637734	-1.493012	1.407693	0.826902	-3.065663
-0.876892	-0.006364	-3.452495	-0.602451	-2.833366	-2.521885	-0.541949	1.605362	-2.136060
-2.390621	1.681560	-1.110384	-2.475838	-3.202477	-2.233675	-0.952167	0.680333	-2.212807
-2.762870	2.336508	1.662604	-0.927046	-2.577568	-3.147281	-2.189059	-1.735083	-2.405106
-1.804039	1.197681	0.939867	-1.198373	-1.710238	-3.080702	-2.493525	-0.583588	-2.700760
0.127873	-0.141721	0.254009	-1.727618	-0.168290	-2.462539	-1.038064	-4.501281	-2.421170
-1.080835	-1.020196	3.530428	-1.532682	-0.198823	-1.904191	-0.699876	-2.122063	-4.822337
-2.797162	-1.185044	2.041127	-1.186965	-0.804440	-1.650858	-1.991160	-2.767633	-3.463864
-1.053609	-0.809764	2.319607	-1.615364	-1.937539	0.776961	0.395785	-1.156791	-1.642552
-1.842274	0.019044	2.151167	-0.184181	-2.022224	2.036666	-0.002141	1.636563	1.462797
-2.128258	-1.040718	0.402210	0.737786	-1.663793	1.859258	3.344963	1.121628	1.655082
-1.933961	-0.306951	-2.937864	-1.938163	-0.139648	3.944636	3.365397	0.067704	1.416399
-2.238982	-1.121754	-3.432053	-2.341927	-3.153790	4.870002	2.853362	-0.738908	-0.463051
-1.735521	-0.096825	-3.814157	-2.781606	-3.855819	2.639255	0.707959	-1.780008	0.606229
-1.275079	-1.393165	-2.452575	-2.187300	-2.850736	0.631297	-3.104411	-2.553297	1.334737
0.353546	0.275927	-1.422705	-2.473206	-2.615841	-3.805173	-3.206249	-2.062774	2.709472
-0.704247	0.157052	2.700153	-3.595325	-3.124036	-2.156654	-4.653054	-2.948940	1.836032
1.047143	-0.647390	2.121301	-0.196657	-1.711520	-1.082045	-3.731124	-0.862194	0.769415
-0.892584	-0.358397	2.256540	1.841501	-0.839994	-0.900547	-2.040560	-1.470336	0.470921
0.403172	1.132129	3.215871	1.836647	1.564141	-0.180557	-3.142560	-1.838067	-0.802754
0.430411	2.398491	0.091195	1.347285	0.817784	-0.205277	-1.846725	2.071215	-1.454610
0.426434	4.750088	1.347413	-1.056087	0.277736	-0.721005	-0.941954	3.561708	-2.430049
-0.215159	5.994220	0.691627	0.904233	0.669196	1.029259	-1.429646	0.289913	-1.098072
-1.348268	2.587089	2.301737	1.512946	0.081664	-1.622384	-2.109800	0.434131	-2.549982
-0.147693	6.218295	3.079745	-1.178247	-0.920462	-1.362933	-2.967417	-2.645939	-1.370980
-0.613733	4.883938	2.325153	-1.752446	-2.428481	0.149911	-0.210795	-3.168097	-1.069066
-0.772788	4.625919	1.815860	-1.789249	-1.778893	-1.270950	-1.794334	-3.531643	-1.647344
-1.300758	3.134937	0.786669	-1.993255	-1.713699	-1.583915	-3.454433	-4.452875	-0.189513
-1.673842	0.516694	-1.931418	-1.651064	-2.344599	-0.601585	0.054808	-3.294595	-0.934376
-1.409141	-0.135511	-2.045502	-1.442475	-1.035293	0.975742	-3.152311	-1.408602	-0.363435
-2.423253	-0.704176	2.446520	0.119215	-1.272382	-0.169234	-0.029789	0.011205	-2.607589
-1.311979	-1.403603	4.113948	1.060505	1.497034	1.183888	3.319875	-1.103275	-0.322342
-1.630318	-2.268689	5.410385	-0.907803	-0.303244	2.858208	1.981681	-0.563841	0.166706
0.821630	1.245364	3.485531	-0.441407	0.819182	2.238128	0.985330	-1.448893	-1.092747
1.049065	0.195057	0.698888	2.486492	-1.260786	2.270948	-0.722279	-1.721831	-0.285901
1.524188	-1.836909	-3.786543	2.834397	0.088151	-0.046431	0.234057	-1.142255	-0.740859
1.084300	-1.554935	-4.895161	4.280409	3.186792	0.829392	-0.217864	-1.278764	-1.358621
2.585300	0.208880	-4.918763	2.309129	0.518239	0.209817	0.950661	0.157743	0.213211
4.039289	1.779435	-3.332150	3.770258	2.126290	0.665746	0.481130	1.388964	-3.110564
2.756868	-0.376168	-2.704818	3.561697	2.694547	0.380479	2.239745	2.155702	-0.171648
4.541936	0.251270	0.161032	2.979449	2.469009	1.910816	5.137906	2.627755	-2.026840
5.112694	1.830649	-0.946297	-0.054486	0.029076	-0.569140	4.778613	2.696825	-2.620444
4.565843	2.133070	0.844796	0.570693	0.729748	-1.613490	4.096368	2.421712	-1.491459
4.985683	0.475631	-0.208087	3.686189	4.156926	2.544568	4.066370	1.828316	0.534013
5.010415	0.814035	-1.172946	4.308203	1.871210	2.064534	4.152220	2.041038	0.365172
2.609738	2.176879	-0.256878	1.691336	3.799200	3.288110	5.309918	0.898178	-2.092085
2.648154	0.326865	0.178818	4.646590	2.164597	0.537496	3.046566	2.321936	-1.620958
3.454762	0.668493	-1.625057	1.166666	0.242000	1.053893	2.641963	4.247914	0.505553
3.306964	-1.515239	-3.040401	2.865965	-0.027990	1.547203	2.649509	3.029111	-2.103155
-0.406340	-2.430929	-2.131213	2.602291	1.753727	0.363826	-0.391594	4.193828	-0.548381
-1.553350	-2.370677	1.491309	3.893843	1.961253	2.125663	-0.003246	3.139365	-0.832327
-0.685766	-3.255585	3.436467	5.173725	2.023786	2.093616	0.465853	1.363823	1.166006
-2.048086	-2.408952	3.406461	2.755037	0.849028	0.959685	-0.276096	2.672603	1.540318
0.462890	-1.654679	2.925894	1.920381	2.013879	1.854771	-0.410793	1.893006	-1.493192
-1.481438	-2.321165	2.291667	-0.129641	0.815540	-0.214524	-0.080837	3.962431	2.423274
-0.506569	-1.347310	-2.432019	-0.239627	0.215912	-0.463399	-1.888029	2.733879	2.615616
-1.714902	-0.700916	-5.359461	-2.470075	-3.445207	-1.238554	-0.792766	1.634852	4.602534
-3.190038	0.929218	-3.438159	-1.087084	-1.590613	-2.157887	-2.534550	-0.832651	3.940127
-1.569274	0.197992	0.063790	-1.211151	-0.550008	-2.679597	-2.647879	-0.709929	3.262794
0.161188	-1.130196	3.260186	-1.877976	-0.352290	-0.539983	-1.895353	-4.829180	4.153534
-1.984350	-1.353244	2.709732	-1.994855	0.837141	-0.902044	-0.945572	-0.753505	4.243947
-1.849787	-2.441754	3.239929	2.165314	4.668987	-1.087879	0.336365	-2.050102	0.707732
-0.281124	-2.985827	3.379978	1.768131	4.612247	-1.845685	-1.689042	0.690029	1.484988
0.596142	-4.347461	4.747582	0.396100	4.136622	-0.527563	-2.775292	2.437689	0.339916
-0.362691	-4.125359	4.461841	3.175521	2.555114	0.916289	0.231115	3.213979	-1.314885
-0.534920	-1.013019	2.465558	3.887798	0.473423	0.862172	1.483781	4.271999	-1.772516
0.709654	-1.873444	2.701834	3.047233	-1.919049	3.330688	-0.218796	6.042251	0.309923
-2.272268	-1.873333	2.106070	1.560426	-1.106703	6.399838	1.927986	4.239935	0.126531
-2.314584	-2.247787	-1.833731	1.221882	-2.776338	2.594723	0.702027	4.175252	0.682008
-2.039195	-2.236206	-3.792168	0.351001	-2.152351	3.141744	1.021227	0.659703	0.137355
-1.568800	-1.727891	-4.350640	-2.015014	-0.467743	2.571803	1.584288	-3.076412	4.040669
-1.418397	-0.009043	-3.997144	-2.460161	-1.694812	1.159101	1.073709	-3.949790	3.079652
-0.994587	-1.082562	-4.230880	-4.620337	0.753742	-1.261261	0.344492	-3.777131	5.028603
-0.430568	-2.668550	-2.336846	-2.838741	-0.299878	-1.378980	-3.124264	-3.281535	1.821722
0.511260	-0.229506	1.139161	-2.124270	0.146526	-4.285157	-2.462359	-1.666200	1.533208
0.151598	-0.659931	2.480141	0.661878	-0.154842	-1.451689	-2.169690	-0.474526	-0.402038
-0.907953	-1.819726	3.852097	3.117306	1.287918	-0.191875	0.338641	-2.114911	-1.953416
-0.018192	-1.076893	4.453129	2.907816	0.284806	0.768386	2.173536	0.351846	-1.397227
0.615581	-0.603931	3.594041	4.928710	0.365225	2.073196	-0.098705	0.957746	-1.534171
0.757667	0.232059	1.588932	0.683591	1.962775	2.805056	2.642318	-0.675610	-4.045547
2.522567	0.442775	-0.464495	1.114961	-0.754242	2.438568	-1.080494	-1.420221	0.091644
2.630982	0.122916	-1.009638	-0.777577	-1.345626	-1.887667	-0.993041	-1.500587	-1.646497
1.831713	2.945583	-3.011396	-4.049222	-4.493275	-0.934348	-0.441721	-2.926604	-0.385370
3.795960	2.886474	-1.710567	-4.954070	0.354513	-0.504172	-1.030335	-1.536574	1.087124
4.349825	2.430287	-2.812550	-3.565719	0.822438	-1.376639	-2.574482	-1.317894	0.682786
3.997507	-0.590677	-2.992942	-4.408466	0.335802	-1.632946	-2.244861	-2.631163	0.326517
-0.526491	-1.845821	-0.780643	-4.141410	-0.484694	-1.718093	-2.031172	-1.345980	-0.619384
-0.331870	-0.982844	1.020049	-0.789747	-1.858849	-1.362778	0.399485	-0.741944	-1.366417
-1.812627	-0.844148	2.034937	-0.031874	-2.827260	-0.840499	3.376312	2.558346	-1.116480
-2.463563	1.026365	1.621621	1.561210	1.255572	-1.671055	4.661708	4.120093	-0.712975
-3.403877	3.504295	1.362503	3.204708	-1.308350	1.947857	2.932774	5.191996	-1.714299
-0.222567	3.666941	0.918586	2.058623	-0.202724	-0.265763	2.700111	2.229058	0.972547
-1.068132	3.600302	-0.017730	0.305658	-0.959451	-1.558213	-1.398480	0.250079	3.168963
-1.058672	2.191876	-1.322443	-1.691485	-2.074827	-0.597692	-1.207200	-2.510138	2.999550
0.502414	1.066362	-3.372151	-2.963503	0.631948	-1.911997	-4.590747	-3.323293	2.366509
-3.356773	-2.698941	-6.357653	-3.180593	2.575976	-1.773727	-3.580521	-5.538185	0.220039
-1.620131	-0.783734	-3.652847	-5.984553	1.670658	-3.516080	-3.321522	-3.410711	-2.416358
