X1	X2	X3	X4	X5	X6	X7	X8	X9
-1.259157	-2.864188	-1.557568	-1.329078	-1.915240	-0.841643	-1.417581	-1.863279	-2.800137
0.656210	-0.754331	0.358751	-1.487668	-2.969971	-3.674963	-1.789367	-2.123403	-1.392587
0.561135	0.871460	-0.977792	-0.554904	-1.421740	-1.951138	-2.699205	-2.370338	-2.700914
-1.036481	-0.893114	-1.238799	-3.470590	-2.860050	-1.551271	-3.059595	-1.604586	-1.974019
-1.189740	0.125148	0.397432	-0.587327	-1.109003	0.537538	-1.083541	-0.388947	2.359799
-1.344239	0.856746	-1.668603	-0.690019	-0.902000	1.410688	-0.846442	-0.576723	4.176237
-0.649880	1.343481	-1.419502	-2.683068	-1.565542	0.590676	-1.089402	-2.322515	3.409295
-1.104761	0.766953	-0.064366	-2.107976	-1.252731	2.523800	-0.329921	-1.264323	3.666371
-1.248182	1.463263	-0.567997	-0.047247	-2.843268	2.536961	-0.652302	-1.311550	0.964065
-1.964244	1.151911	0.715705	-2.248984	-0.919155	1.388155	-0.023445	0.844905	0.094376
-1.649746	3.884198	-0.493560	-0.825187	1.100907	-0.877818	-0.121853	-0.559161	-1.908597
0.063213	0.483924	-0.061293	-1.633261	-0.865284	-1.436760	2.355573	1.100752	-3.813855
-0.336668	0.700989	-0.584695	0.111592	0.237071	-0.931373	3.653131	1.550743	-3.589900
-0.078488	1.596894	0.096134	-1.673131	-1.798629	-1.163058	2.654119	2.049810	0.891668
-2.827047	0.806339	-1.033407	-0.507432	-1.256587	-3.737517	1.214936	2.768253	-1.092053
-1.016045	2.481024	1.243981	-0.604114	-3.083502	-1.883751	-0.540520	0.679870	0.322737
-0.710782	5.024950	1.007397	0.739220	0.045024	-2.069863	-1.879852	-1.426640	4.245337
-0.898758	2.500217	2.127242	-0.933031	1.232288	-0.994653	0.319040	-1.899477	0.707244
-0.345171	4.212124	1.517013	-1.259372	2.994791	-1.262924	-0.305647	-1.580944	1.550660
-0.548023	0.900273	-0.713889	-0.923904	3.305330	-2.792076	-0.430914	-0.574641	-0.139318
-2.950614	-0.938237	-2.739864	-0.938530	-0.487095	-1.128213	-0.582763	3.177032	-0.230692
0.516358	0.669894	1.778785	-0.162354	-0.660686	-2.747734	-1.454196	0.220872	0.158640
-0.694808	-1.231734	3.371359	-0.066376	1.887056	-0.743043	-1.038316	-0.426021	0.097374
-0.670313	-2.686220	4.583956	2.248599	2.530829	-0.740640	-2.689422	0.047951	0.103410
-0.037055	-3.412665	3.173577	0.948070	2.585434	-0.529227	-0.599119	-2.798112	-0.960153
-1.337335	-3.560068	0.155421	1.221933	-0.495632	0.743893	-0.027806	-1.648311	-1.513717
0.018648	-3.876029	-3.854214	-1.494514	1.680430	-0.261280	-2.823787	-0.612548	-0.685681
-1.269408	-1.658050	-2.186328	-2.107673	0.560720	1.024051	-1.624964	0.620777	-1.232948
-0.622601	-1.892629	-2.825222	-3.150347	1.736735	-0.764115	-2.994137	0.729062	-1.750819
0.623068	-4.277467	-4.879096	-4.468439	3.073676	-2.951079	-1.030509	0.913806	-3.214094
-0.296200	-4.273563	-3.266650	-1.624052	2.557840	-2.765445	-2.196283	3.213109	-2.231975
-0.722207	-3.306719	-2.706187	0.906613	0.736528	-3.422312	-2.532959	2.710369	-1.966763
-0.625751	-4.336934	-2.425306	-2.043548	2.480437	-3.550384	0.625061	1.349685	0.189241
-2.722633	-3.742409	1.004892	-1.255337	-0.874132	-0.888061	-0.275627	1.297556	-0.300065
-0.470353	-2.096343	5.482106	-0.910256	-1.232982	0.081654	-2.241623	-0.983618	-2.481980
0.021788	0.152363	7.238036	1.485591	-1.553013	0.974759	0.944771	-2.281639	0.272993
3.298992	1.656609	4.600680	4.195003	1.811774	1.167054	0.672252	-2.118808	0.299153
6.362957	2.659994	4.935638	3.692077	2.649078	2.946936	1.067818	-0.482625	1.723300
6.091184	1.509918	3.865410	4.465610	2.249498	2.238804	2.111968	0.234708	3.184532
3.954972	2.553482	0.271194	3.993600	2.102634	3.211355	2.422200	0.603790	4.533348
6.520421	2.728683	-3.338310	4.458244	1.449284	0.941789	3.303911	2.485220	1.738946
3.620332	0.365823	-4.173502	3.631441	0.407847	2.186603	3.837500	4.156198	1.224027
0.195103	-0.720899	-2.881584	2.213987	0.333523	1.038595	0.090864	0.142422	-1.957712
-1.593265	0.542016	-3.276457	2.208179	0.961710	1.043164	0.690903	-0.007108	-0.204071
-2.608372	-3.216332	-3.044220	2.128317	1.484409	-0.446792	-0.881387	0.368707	-1.412252
-1.593120	-3.528743	-0.050575	2.035497	1.663917	1.518026	0.161192	-0.472735	0.633745
-1.861808	-1.787318	2.287578	4.510816	1.289036	4.843515	-0.113660	-1.327434	1.758117
-1.024735	-3.866258	3.930738	4.883973	3.685562	0.822174	1.705153	-1.852892	1.027565
0.190896	-4.589963	5.309804	4.719166	0.338397	2.568901	0.115230	-0.593608	2.909087
0.029686	-3.219234	5.196476	6.245091	1.681639	1.886495	-0.548332	-0.239784	-0.572118
-1.396964	-4.421770	3.067752	-1.664953	-2.341813	1.092154	-1.433333	-1.095621	2.338548
-1.564357	-3.733073	0.761933	1.120430	0.793141	1.301375	0.837623	-0.229320	-0.739015
-3.326591	-2.846543	-3.565983	-4.111860	-1.079399	2.453458	1.036035	1.238319	-0.726808
-2.148768	1.046919	-1.744996	1.615274	-2.137436	1.699400	2.158401	1.431195	3.381767
-0.876187	0.854213	0.000393	-0.688871	-0.735968	3.718900	0.058319	0.895406	2.463909
-2.021050	0.581139	-1.348316	-0.057997	-0.184497	3.938957	0.334487	1.892352	2.056318
-1.791156	3.780194	-0.667725	-0.747805	-1.741823	4.289867	2.035203	1.612433	0.382292
-1.195106	1.901280	0.670266	-1.272299	-1.420148	1.560331	1.076364	-0.901253	0.849131
-1.290500	3.383494	1.964756	-0.829879	-2.471671	1.908746	0.656670	-2.534306	-2.041367
-2.126039	2.845538	0.197245	1.068351	-0.804193	-0.619489	0.475117	-1.554428	0.282197
1.283777	0.539709	1.958233	1.884589	0.682086	1.275623	-0.003395	0.476882	3.632722
-3.488553	1.289308	-2.154483	3.116434	0.637264	-1.794718	3.378730	1.452822	1.871707
-0.126030	-0.563867	-4.446602	1.107384	-0.533358	0.631485	4.216392	1.336091	4.305051
-1.915353	-0.361916	-3.863825	-0.674464	-1.067482	-1.244669	2.983188	-0.092611	1.121154
-2.332123	-0.900239	-1.869652	-0.972812	-1.573107	-1.310481	0.751616	0.868816	1.976114
-1.809241	-1.848638	-3.055285	-2.228361	-0.135834	-2.860754	3.179075	1.334270	0.082230
-1.822008	-0.343613	-1.801824	-2.275713	0.925637	-0.375688	0.806062	0.763051	-1.455399
-0.060524	-1.140665	0.363831	-0.470671	-0.536595	-0.443386	3.012575	0.443858	-3.119773
-3.884089	1.286605	-0.678422	-0.976436	-1.221130	-0.882348	2.052513	0.662790	-3.332294
0.705596	-1.840402	0.916618	-0.154310	-0.522270	-0.038778	-0.444226	1.828947	-1.386763
4.850930	2.383411	-1.497651	0.115404	-1.444213	-1.037075	2.723756	-0.509072	-1.097480
7.007912	2.269745	0.576371	2.578307	-0.148660	1.122459	2.715056	1.083833	0.262454
3.823743	1.961198	1.107783	1.233194	-1.464312	0.105321	0.283974	0.432161	0.496337
5.763921	0.355270	-1.696915	1.783166	2.206031	3.357711	0.446707	-0.468089	0.345470
4.971845	1.304460	-1.705624	-1.418280	0.729568	-0.955273	1.592153	-1.799918	-0.418150
5.223015	1.836867	-0.169644	-2.771247	1.259900	0.587867	-0.876990	-2.350825	-1.784722
4.417831	4.178891	1.525524	-0.078134	-0.797974	-3.379369	-2.861522	-1.767011	-1.016147
4.407091	6.345631	3.972079	0.347656	1.004046	-0.283484	-1.546647	-3.156678	-2.421527
1.358695	5.077986	3.201420	0.226421	1.049759	-0.532478	-1.054265	1.491275	-2.415562
-1.370158	3.524756	0.918148	-1.486440	-0.329534	-0.218854	-2.208080	-0.805953	-0.144953
-2.965768	3.797039	-1.315238	-1.398628	-0.421834	-1.069912	-2.270491	0.186237	-2.558801
-3.986137	2.085636	-2.569040	0.088155	-2.397741	-2.500554	-1.433302	0.691046	-1.838305
-2.380666	0.786445	-4.795656	0.582607	-0.916056	1.638019	0.898786	3.328772	-2.349968
-2.056854	0.138065	-2.370189	1.169627	1.190822	-0.967495	1.875972	4.641015	-0.861189
-0.960303	-0.690804	-1.039638	-0.122686	0.129293	-1.294697	2.310953	3.341874	-0.985170
-2.368213	0.576838	-2.681504	-0.667034	-0.933345	-0.690487	1.708728	1.711550	0.010089
-1.747286	-1.169011	0.837813	-1.138218	-2.110090	0.857832	2.589596	1.539441	0.116188
-0.648523	1.395748	0.818712	2.120461	-0.380744	3.726159	2.654554	-0.228452	1.886426
-1.267923	1.065916	1.071192	0.161201	-0.898605	3.405294	1.329401	-0.752330	1.578601
-1.849389	1.419491	4.386453	0.708301	0.498025	2.815034	1.888235	-2.282794	0.909515
-1.415920	0.991873	3.654295	0.322560	-0.145454	3.240079	0.273055	-2.553444	0.972666
-0.061618	0.524161	4.797618	1.852177	0.015859	2.270128	2.931959	-0.509380	0.836853
-1.379184	0.052754	3.186420	2.597351	-0.088236	3.405579	2.783746	0.895698	0.438976
1.937782	-0.610747	3.358101	0.468381	-1.708640	0.701032	1.190914	-1.165211	-1.765564
2.351378	0.951455	0.781762	0.186265	-2.428352	-0.245015	1.750261	-1.322108	-0.558470
3.456804	2.807061	0.060501	-0.964397	-0.504874	-1.411663	-1.062514	-0.195492	-0.358341
2.896559	2.018369	-2.126582	-1.677607	-0.122004	0.954987	-1.619712	3.118736	0.028123
3.826241	1.630380	-0.553687	0.831335	-0.306842	1.805234	-0.281536	4.130076	1.510721
4.358950	4.182293	1.016485	0.811728	0.379110	0.624577	-1.666686	3.633128	3.420553
5.125285	1.979207	-0.533166	1.897570	0.660954	-1.145385	-2.520464	3.712891	2.774718
4.697844	1.858421	0.825061	1.144762	-0.749311	0.154247	-1.967171	2.849765	1.744316
4.402928	2.331236	2.583563	-0.708598	1.321516	0.420873	-0.915309	0.752150	1.322547
3.748734	3.239349	2.161742	0.711289	-0.965666	-1.728310	-2.881979	-0.962554	-1.210989
2.004262	1.434362	1.727996	-1.723577	-1.543557	-0.107701	-2.132082	-2.818248	-0.743492
-0.807889	0.664873	-2.134474	-2.803797	1.140644	-2.621801	-0.490221	-3.954632	-4.326664
-2.807521	0.390482	-3.195369	-1.522571	1.503936	-2.154112	-3.820595	-3.174305	-1.736203
-2.946934	-1.424812	-0.980489	-2.575801	-0.184680	-1.349534	-2.739107	-0.915169	-1.029210
-3.905729	0.660791	0.140765	-1.328186	-1.648404	-1.319668	-0.309057	-0.451722	0.458214
-1.663107	1.061090	3.104294	1.066973	-1.604836	-1.194715	2.723652	1.858034	2.309170
-0.199470	1.873986	1.878397	1.098874	-3.246377	-0.092876	2.893521	1.419999	1.506659
3.463781	0.709977	1.249274	-0.939881	-2.873725	-0.037451	0.997747	0.571974	3.704378
2.739346	0.592863	-2.682075	-1.670695	-0.710982	-0.796041	-1.124470	-1.387742	1.365330
0.484923	-0.531256	-1.375650	-2.511866	1.634954	1.795654	2.073968	-1.340549	2.731813
0.635912	-1.998081	-2.465252	-2.969496	4.391883	2.439832	-2.740840	-2.032147	1.296628
1.140010	-3.557212	-3.582781	-2.070884	1.751704	1.155494	-0.468194	-0.403136	0.500076
1.012318	-5.386149	0.303363	-0.146732	4.034718	1.028537	-1.990297	2.550684	-2.046945
2.526133	-5.942093	4.642680	1.086161	2.848524	-0.942937	-1.147348	2.638413	1.547466
0.510855	-4.834044	4.492170	2.638695	1.348524	0.077770	0.227051	2.649150	0.794710
0.136283	-1.649802	4.657133	2.824369	-0.148483	0.179858	-2.640102	1.264497	4.464786
-1.715184	-0.123868	1.227968	-1.141616	-2.592897	-0.463174	-1.439406	-1.764448	0.085695
-1.038149	-0.652242	-2.851324	-0.399662	-5.016517	-3.695426	-2.188763	-4.511385	-0.836863
-2.039311	-1.432024	-1.067544	-3.648767	-2.438143	-1.317499	-1.111775	-1.454513	-3.475787
-2.461472	-1.245515	-0.726291	-2.295233	-1.760175	-1.853393	-1.696240	-5.533732	-3.387578
-0.733633	-0.355814	-3.049266	-2.639058	-2.023313	-2.920208	-2.038662	-3.305042	-2.482435
-1.547695	0.104578	-1.666268	-2.278343	-2.215857	-2.894545	-1.578340	-4.882544	-1.740457
-0.672060	1.234961	1.296402	-1.063088	-1.790305	-2.097105	-4.211575	-0.489537	-1.782245
1.360972	0.253335	1.092144	3.054407	1.310341	0.707513	1.583731	2.064678	2.627803
1.816499	-2.005400	3.932659	5.076743	5.193082	5.336009	2.460279	2.840102	2.583986
5.184520	1.204055	2.936846	2.989519	2.110218	6.360981	1.930267	3.319535	1.109105
5.588234	3.046201	1.744105	0.764437	1.388750	2.781330	0.862795	3.820277	1.119661
5.153140	3.462937	0.290737	2.607395	0.750178	-0.233045	0.516162	2.053928	1.762155
3.891836	2.246263	-0.646758	2.409295	-0.873398	-0.073244	0.847667	1.592787	-1.941514
0.340222	3.432179	-2.076881	0.002637	0.222223	-3.229266	4.230209	1.591355	-0.065045
-1.910605	1.256285	-1.752930	1.207220	-2.548460	-0.676413	1.708289	-2.019667	-1.273636
-4.001944	1.176082	-1.447507	-1.804453	-2.095547	0.011216	-0.258195	-1.920181	1.176812
-4.734198	-0.199131	-1.784211	-1.903084	-2.030035	1.531720	0.041457	-1.942085	0.549901
-3.590867	-0.992754	0.254958	-1.819172	-0.155527	-2.623100	-1.955656	-1.422680	-0.437169
-2.376353	-1.290788	-0.734800	-3.262515	-2.351221	-1.927244	-2.388234	-0.423965	-2.127098
-1.168157	0.244870	-1.087383	-1.671814	-2.170317	-2.817813	-1.065877	-2.582342	-1.639984
0.606920	0.153617	-2.415694	-0.913568	0.123386	-0.043507	1.576713	-0.432208	-0.355526
2.970877	0.105554	-1.454530	-0.407877	3.018487	3.002575	2.031936	0.056335	1.821876
5.129912	-1.072918	-0.738393	-1.324639	1.691787	-0.162967	1.710893	0.559188	-2.514478
4.058324	-1.855799	-1.570881	-0.777855	3.770285	-1.084735	1.541782	-1.607250	-1.060185
2.832712	-2.115390	-1.838494	-2.711923	1.236184	-0.505726	0.130103	-1.997777	-2.219846
-2.133224	-4.382190	-2.013133	-3.985842	3.077582	-2.451542	2.489156	-0.224594	-2.533959
-3.344588	-4.649800	-3.870297	-4.855913	3.051280	-2.252882	1.204741	-2.723101	-2.155323
-3.446179	-6.478218	-1.195385	-0.848834	2.834079	-1.650446	0.479357	-0.775398	-3.879938
-2.170398	-6.413645	-2.223398	-0.718705	0.891478	-2.445934	-1.481396	-2.040284	-2.315202
1.258052	-4.922381	-0.307535	-3.245524	0.755478	-2.357746	0.322782	-2.652659	-1.658515
3.719470	-3.121725	3.272604	-2.230691	-2.209620	-0.567781	-1.380810	-1.260724	-4.663475
4.426757	-0.711878	2.357520	-2.063605	-3.219217	-1.747240	-1.562171	-2.198178	-0.185182
4.529009	-0.044038	2.317812	-0.363865	-0.166112	-1.586721	-1.984002	-0.310021	-2.166033
3.493627	3.699594	1.669282	-0.489370	-0.336905	-0.793025	-1.019404	2.150647	-0.460029
6.457808	0.921518	-0.251971	0.228381	0.595004	0.673748	0.441025	5.413426	-0.891268
3.781452	-0.630364	0.882354	-1.266111	-0.199183	1.961899	2.711083	1.368417	3.107851
1.953057	1.662146	-1.682843	-0.594646	-2.546967	-0.292671	0.538872	0.200719	1.863930
-0.933177	0.571850	-0.753261	-1.486921	0.262152	-0.661963	-0.835210	-1.230067	2.103069
-2.490753	0.281247	-2.958700	0.553963	0.691175	-1.862576	-0.984563	-1.526441	0.618969
-3.397471	-0.565561	-1.570760	-0.140591	2.521602	0.529990	-1.710386	0.952896	-1.671267
-1.673032	-0.918476	-1.352140	0.322117	2.752234	1.011136	-1.665979	1.472846	-1.686940
-2.587838	-1.601896	-0.990640	1.733588	1.581470	0.771562	-0.238743	0.484607	-0.477447
-1.582390	-1.649420	0.111241	0.121124	-0.360288	2.448568	-2.377077	-1.787019	0.980313
-1.485389	-1.183350	-2.162697	-2.936975	-0.923241	-0.117544	-1.791681	-1.616033	0.865240
-0.129937	-0.728983	-0.680653	-0.717407	-0.179388	0.275825	-1.346455	-1.587734	-1.359963
-1.820234	-1.742921	-1.725027	-1.356471	-0.371030	-2.002824	-2.902999	-1.981123	-1.618096
-0.418581	1.034437	-1.516519	0.118635	0.894336	-1.041790	-1.352113	-2.055699	-2.481957
0.005619	-0.687907	-1.821428	-0.564389	3.767208	-1.483273	0.013303	-2.009363	-1.471045
-1.834133	-2.820455	-2.544454	-1.431642	1.051987	-2.665473	-1.094250	-2.866713	-2.659458
-0.523640	-1.412804	-1.449996	-2.474621	1.659873	-4.004189	-3.702373	-3.223551	-2.152496
-2.462002	-2.354856	-1.006553	-3.688425	0.278067	-3.455520	-2.311965	1.410225	-1.868256
-1.555921	-1.603910	-2.876225	-0.391954	-3.346631	0.065135	-4.742225	1.847214	-3.455137
1.494203	-1.479565	1.931488	-0.194706	-0.860020	-0.046025	-0.518354	1.806216	-3.022138
0.876367	-0.766420	-0.345713	-0.733280	-2.102101	0.454802	-0.846152	-0.673868	-1.915858
1.133672	1.872424	-1.135228	0.155126	-1.901873	-1.602285	-2.804017	-1.182139	-1.001994
-1.285085	1.402668	-0.927856	-4.056986	-3.339935	-0.996483	-0.790751	-3.947797	-2.292546
-2.761705	0.421212	-0.384896	-2.220916	-1.623188	-2.284093	2.254049	0.231059	-2.227612
-1.772887	1.713357	-1.804048	-2.626362	-1.987532	-1.479114	0.532581	-0.021571	-2.590391
-1.827635	0.965903	1.482188	-0.240823	-1.078464	-2.989446	0.075247	-0.107088	-0.854382
-1.907548	1.518052	3.254113	-0.846897	0.029113	-0.553987	1.623746	-1.761990	0.744218
-0.110929	2.162902	5.349028	3.406818	1.218002	1.499763	1.763279	2.306320	0.278910
-0.853577	0.485854	4.066233	0.772522	-0.318298	1.501005	0.174047	2.676945	-1.295105
1.597905	0.514810	1.507429	2.324717	0.279413	-0.416660	-0.015750	5.009484	0.125675
1.678617	1.186769	2.743716	1.691405	-0.642264	-0.270933	0.898988	5.017036	-0.155949
2.321258	3.861132	0.993295	2.308188	-1.085829	0.457989	-0.134338	2.936303	1.099224
1.488126	3.261599	-0.899134	1.961965	1.504718	1.135705	-0.325028	5.470983	2.185297
-1.197179	1.819170	0.900630	0.707140	-0.291522	2.153517	0.923719	4.239678	3.318170
-1.931460	-0.580353	1.970188	1.468014	0.972951	1.757324	0.067803	4.425286	3.133345
-2.572916	-1.804471	2.015739	2.869088	-0.377162	0.504729	-1.371375	1.352208	1.443924
-0.602849	-1.475083	-0.017014	-0.492737	-0.706763	-0.791668	-1.483615	1.277944	-0.248492
-1.954859	-1.877089	-1.448773	-2.434158	-1.345949	1.454133	-0.961416	0.049994	-0.281102
-0.612149	0.873111	-3.052136	-1.638175	-2.396921	-0.906067	-0.011677	-2.414642	-1.581903
-0.249319	-0.039881	-3.718403	-1.556785	-2.027379	0.061633	-0.870599	-3.798465	-1.745095
-1.652470	1.231534	-1.757073	-2.683988	-0.976722	1.238734	-0.111680	-1.939073	-0.976976
3.551598	-1.566743	1.049955	-1.206982	-1.775651	-1.608564	-1.706421	-1.056868	-1.262844
2.435182	0.846788	0.984680	-0.987064	-2.685464	-1.137559	-1.243619	-2.046550	-2.330999
3.789681	2.409227	4.663204	1.711365	-0.897561	-1.078550	-2.172276	-0.784918	-1.365438
4.156996	1.921076	4.061127	0.165909	-0.176343	-0.260738	-0.904489	2.726228	-2.471561
2.935325	0.160033	2.516749	1.981368	-0.943209	0.570179	-3.135759	3.595887	-2.594965
0.537766	0.254000	-1.180928	2.384443	-1.524659	1.842002	-3.789985	3.216159	-0.442149
-1.576380	-1.641523	-4.099705	-1.085562	1.621608	1.093031	-0.917667	5.910845	1.069787
-1.823516	-3.826736	-4.326080	1.022052	3.287492	0.123867	-0.341103	2.131144	-0.005554
-2.907141	-5.312139	-2.864754	1.711587	3.582493	-1.361889	0.179507	3.824055	-0.380671
-1.382358	-1.613431	-2.938226	1.841646	4.616011	-0.814736	-1.240436	-0.342921	-1.205862
0.283234	-7.354411	-5.082795	2.465428	4.894446	-0.200573	-2.618732	-1.683384	1.379973
0.218132	-5.804381	-3.507860	0.986937	2.651299	0.196200	-0.654181	-0.966434	0.477236
-0.061263	-9.481439	-1.621022	1.114373	2.483370	-1.193315	0.191520	-2.212273	-0.464172
-0.388652	-5.463485	-1.538880	0.416839	-0.714640	0.716481	0.187369	-1.051699	0.262551
-1.905338	-5.253119	-2.369933	-1.583466	-1.026733	0.781291	-2.435031	-2.594513	0.778106
-3.553819	-3.740641	-1.777880	-2.184039	-0.573406	3.317014	0.687519	-0.963715	2.912494
-1.176598	-2.194750	-2.644322	-1.896778	1.301939	2.976951	0.977221	-0.910505	3.389017
-2.006275	-2.462847	-2.450057	-2.686383	-0.642297	4.137204	1.860675	0.407315	3.937176
-2.231452	0.002770	-1.797686	-0.021251	0.100586	3.058173	2.403581	-0.558853	1.577771
-2.240128	-0.879001	-0.874008	-0.005582	2.455089	1.094158	0.111441	-0.684310	2.208305
-0.758605	-1.194559	-2.113822	2.222426	0.759412	-2.005839	-0.235744	-1.253456	-2.217121
-2.002083	-0.818903	-0.806928	0.097874	-1.024646	-0.897617	-0.386976	-1.485492	-0.715107
-1.601364	-1.721334	-0.779525	-1.399436	-1.122483	-2.899976	-1.197051	-3.899417	-3.176851
-1.349548	0.332449	0.715386	-3.438203	-1.665200	-2.891116	-0.980570	-3.783333	-2.136052
2.202665	1.578045	0.268307	-2.233025	0.439403	-1.368835	-2.146932	-0.440938	-2.503209
3.504172	3.979655	1.193438	-0.418202	-0.309174	-0.458433	-2.844837	1.083065	-0.744021
2.850974	5.609478	2.350978	0.462868	-0.385129	1.788592	0.789317	0.391778	1.612913
0.400970	6.360816	2.428229	3.676087	0.818136	1.489939	2.034230	3.536400	0.937195
-0.959841	5.653767	2.216991	1.502255	-0.652078	-0.774290	-1.776697	3.537831	0.438525
-2.989560	6.502132	5.469664	1.638775	-1.309070	-0.902995	-0.459664	3.705369	4.077504
-1.513087	6.098211	3.168349	2.498846	-0.547841	2.397125	-0.460670	0.616316	2.655633
1.324977	3.443503	2.883246	2.312671	1.203609	-0.438829	0.243487	2.118871	4.341713
5.316131	4.181910	0.959455	4.275051	0.954582	2.647343	0.386506	2.550532	0.494146
5.351775	5.132230	-0.103324	1.565786	-0.260525	-0.734958	-1.876811	-0.254499	-0.754969
5.869807	1.445463	-1.486690	0.917378	1.302591	0.112269	-0.960865	1.372676	0.399370
3.983228	2.188210	-1.435842	1.689828	-1.394871	-0.201576	-1.282953	1.560058	3.115564
2.151837	2.309270	-0.563381	-0.337263	-0.018511	-2.330692	0.161023	3.889746	1.548113
0.733332	2.365244	4.200493	0.112407	-1.373629	-1.289778	-0.865434	2.153539	0.010918
-1.113886	3.909730	6.606482	0.064338	0.208576	0.353965	-1.042924	1.225137	-1.820120
-2.428218	4.629130	6.421784	1.450131	1.583703	3.255540	1.421853	-0.935659	1.187399
-4.101365	4.862942	5.063001	2.902288	1.706353	1.597746	0.773099	-0.259552	-0.010423
-1.511027	5.629866	4.941432	0.858509	2.450425	1.248384	3.004014	-0.016340	0.246613
-1.001205	3.793003	1.305478	-0.162305	1.152821	-1.263746	2.912198	0.754875	2.923109
-1.086000	1.800852	3.100840	0.128848	0.768339	1.540357	2.778652	1.170794	-0.528635
3.433489	0.309812	-0.019484	-0.725033	-0.471721	1.081794	1.103777	0.740616	0.781081
0.990960	4.061884	1.582907	0.841455	-0.986957	0.545565	0.099674	-3.150360	-0.181842
-0.015886	5.820668	2.795214	-1.124988	0.812130	-2.691829	-2.618057	-1.479834	0.295697
-0.586351	5.865262	2.559236	-1.243461	-0.087860	-1.394188	-0.407115	-1.715207	3.303997
-1.517635	2.653766	2.074474	-2.929164	-3.098127	-1.608012	-1.427300	-0.561078	3.084660
-0.829338	5.105081	1.749327	0.032604	-1.404070	-0.935599	-1.913310	-3.427549	1.536385
-1.705561	2.353105	4.052096	0.657645	1.807309	1.952050	-1.122346	-0.563719	4.313074
2.076396	3.225139	5.250481	3.390559	0.120912	4.001136	1.226794	-1.301289	4.758225
3.263633	5.238982	5.692681	4.670546	0.069039	4.012259	3.052610	0.772240	4.078840
4.985448	4.070333	3.823398	3.144807	0.315888	6.316220	1.628803	-0.290632	3.780919
2.901343	5.445993	0.635630	1.700443	-1.097339	4.195519	1.061872	-2.597306	2.966261
1.745615	2.789560	-2.283022	1.140254	-1.053443	1.599856	0.469920	-0.592481	4.242267
-0.685434	1.597934	-4.894858	0.337041	2.526577	0.131532	2.155746	-0.626959	0.735738
-1.547806	-1.599585	-7.626179	1.390005	2.956020	-0.634153	1.146952	-0.903240	1.153273
-4.901100	-2.692897	-5.884184	0.772646	4.976186	-0.443298	1.863237	-0.654524	-0.223429
-3.308717	-4.554404	-3.454473	-0.413936	2.013976	-1.179204	-0.016198	-1.140912	-1.295565
-1.217157	-4.441506	-1.322747	-0.712040	1.720089	-1.937869	2.249948	1.760096	-2.955338
0.690179	-5.652904	-0.608906	-2.799166	-2.025574	-2.799995	4.285275	0.542099	-2.234447
0.232891	-3.914597	0.909851	-2.341713	-3.335915	-1.269380	4.159385	0.267197	0.176708
-0.372321	-0.824487	3.322222	0.161719	-0.544832	-3.887824	3.129776	2.984489	1.551827
-0.511456	-1.683374	1.092409	1.374631	-0.645426	1.198573	6.140451	3.855475	1.038709
-0.251117	-2.278458	1.096310	0.311722	-0.721496	-2.119790	0.534110	0.294254	-0.516745
-0.031101	-1.387741	-0.698174	-0.860308	-0.446944	-1.560711	1.689152	-1.207774	-1.580536
-2.033911	0.944977	-0.148544	-1.021957	-0.862868	-1.490690	-1.130621	-1.288409	-2.044064
-1.141446	1.498295	-0.555800	-2.804726	-2.088670	-0.857529	-1.426109	-0.148253	-2.982930
-0.448605	2.234713	-2.241342	-0.193515	-0.544149	1.295575	0.962889	-0.175905	2.019366
-0.335590	1.912530	0.348730	0.480977	-0.960204	1.434820	1.737672	0.419834	3.428824
-1.047001	1.590445	-2.797985	2.892849	2.023863	1.606307	1.871543	1.263964	5.676444
-1.240737	0.459858	-2.089988	2.825502	1.442852	2.410936	4.509200	1.912683	4.063224
-1.302998	-2.365032	-1.074877	2.996636	0.253864	0.967906	3.224745	3.478592	4.934064
0.011415	-2.953926	-4.569154	4.026750	1.518699	2.160419	2.170278	1.563190	4.544864
-2.366598	-2.506224	-1.012820	3.818844	-0.457244	1.272573	1.939499	-0.996623	3.471523
-1.569337	-3.311028	-1.061773	1.995919	-0.677365	0.868169	0.302810	-1.266649	4.622540
-0.923701	-4.011438	0.193884	0.590774	0.292437	0.216707	0.376509	-3.137486	3.503115
-0.013391	-2.161254	4.868653	1.191309	0.171760	0.805787	-0.840701	-0.786136	3.178948
-1.090807	-4.065678	1.760332	1.555324	1.306106	6.192208	2.265879	-1.148800	4.150837
-1.247849	-3.453111	-0.294479	3.892419	1.252473	3.873971	0.597249	0.858623	3.849581
0.564483	-4.326052	-3.599581	3.177493	3.048061	2.029276	-0.078090	5.019531	1.452181
-1.329711	-4.091703	-1.307773	2.239346	2.141071	1.086022	1.019963	3.876525	-2.019066
-0.697030	-4.206365	-3.872757	0.359778	-1.004398	0.785708	0.460708	4.542904	-3.411659
0.330225	-1.858338	-0.171133	-1.231212	0.558455	-1.262164	-1.496955	2.178367	-2.759501
-0.304745	-2.355524	1.293599	0.131977	-1.907272	-4.595595	-0.226125	0.927214	-1.831890
-1.055042	-1.296222	0.793639	-0.291058	-3.043678	-3.008886	-0.440302	-2.443555	-1.028629
0.827737	-0.479034	2.379385	-1.368115	-2.076363	-1.668636	-2.757286	-4.617141	-2.673119
0.534490	0.751939	1.678736	-1.058495	-1.512128	1.421853	-3.449176	-3.864644	-1.024660
-1.847182	0.599096	2.102994	-0.125999	0.758328	0.660983	-0.512072	-2.850565	0.055446
-0.862479	-0.153562	3.766656	3.045272	0.056203	1.091952	-0.071573	-2.372704	-0.116102
0.133298	0.593062	4.338423	-0.438882	-0.468002	-0.582740	0.003220	-0.830662	-0.115204
-0.668048	-2.861932	1.308693	-0.240362	-0.489187	0.231407	-0.152591	-2.509938	2.719138
-0.276120	-1.078544	-0.122733	-2.826368	-0.893553	-2.544407	-3.892506	-1.373634	1.525723
0.812784	0.548024	-0.910757	-0.916801	-0.484400	-0.317783	-2.230926	-2.074950	-1.909950
0.022564	1.256572	-0.561479	1.903538	0.767772	2.101879	-0.641649	-0.929285	-0.685883
-0.432680	1.432798	1.570600	3.351849	0.400363	5.649979	-0.129876	-0.347141	3.303924
-2.235548	4.731902	0.863280	0.860631	2.595772	4.386115	2.588295	1.232882	1.553469
-0.434639	5.134584	0.260960	1.760082	-2.569201	1.982289	0.994562	-1.055217	1.391551
-1.798154	5.414942	1.462839	0.105002	-2.671755	0.877898	-0.174673	-0.096836	0.264568
0.916908	3.563176	-0.760683	-2.009909	-3.925393	-0.503856	-1.125110	-1.725278	-2.096180
-0.180353	3.610684	-2.422608	-3.701953	-2.190212	-2.118876	-1.813349	-3.638043	-1.374196
-1.709136	1.424666	-2.887036	-4.244831	-0.285815	-5.061860	-1.114589	-3.282529	-2.625680
-0.707141	0.416521	-1.589367	-3.066743	0.148799	-3.247410	-2.198830	-2.475039	-0.876233
-0.390468	-1.348051	-2.676602	-1.967991	0.505230	-0.495127	-0.442673	-2.860372	-3.282959
-0.901917	-1.139652	-0.533043	2.040424	1.633477	0.489990	-1.989416	-2.941729	-1.675256
-0.997388	-3.317582	-2.415689	1.973502	0.953040	1.153740	-1.338759	-2.247910	-0.473028
-1.861879	-3.170442	-0.729242	3.592241	1.991318	0.992322	0.325698	0.465185	-0.711976
-0.834691	-1.700533	-1.365402	3.821041	2.419012	1.113436	-1.077145	-1.351745	1.168900
-0.062823	-2.672355	-1.255771	3.712799	1.063920	3.013780	-1.972388	-0.583800	4.754397
-2.006376	-3.704910	0.603352	4.073215	-0.233556	0.972455	0.937771	-0.557479	1.936813
-0.951548	-4.377698	-2.649435	4.766889	1.617681	2.248260	0.357330	3.226315	2.609248
0.453461	-3.329419	-3.069433	3.372718	3.064433	2.130794	1.826391	3.836084	1.657200
-0.929249	-2.956375	-1.704842	2.660201	1.072798	1.529457	0.783754	3.425527	1.793267
-1.520178	-3.220967	-2.261963	1.851437	0.775476	0.326348	-0.891581	1.381844	0.844548
0.382676	-1.849594	-2.283098	-1.633075	-1.259433	0.408765	-2.644714	0.747235	0.345540
-0.924089	0.209042	-0.562946	-3.662136	-2.862329	-2.492390	-2.144245	0.552598	-1.770156
0.027530	-2.874359	-0.639609	-3.650648	-0.986113	-4.107920	-2.855372	-4.386265	0.939856
-0.242369	2.200902	0.961013	-1.914312	-2.052985	-0.588925	-1.417997	-4.148356	-0.422525
-0.475984	-0.611676	2.528218	-1.215230	1.636854	-0.620705	-2.287618	-3.938873	-0.973001
-0.159616	-1.380892	6.417807	2.411398	-0.360196	-0.097161	-1.047636	-3.248419	0.537628
-0.932362	-0.617849	5.249877	2.087169	0.810064	1.654705	-1.989149	-0.918592	-0.450741
1.564776	-1.777747	3.290028	3.020883	0.250235	2.015994	-1.383659	-0.513993	-1.476310
2.219399	-0.001285	1.573159	1.274338	1.352715	-0.934095	-1.657263	2.397577	-1.153379
0.810708	-1.555566	2.535270	1.165432	0.538905	-0.072564	0.398936	1.294520	-1.427152
-0.071497	-3.376488	3.062959	1.444864	2.362403	0.589187	0.629241	3.992533	-0.980029
0.193985	0.603646	5.265326	1.389133	0.620610	0.062157	2.766951	5.261719	-1.741112
-2.240046	-0.718862	1.557169	1.027336	-0.341075	-1.438355	2.357567	2.605575	-1.197703
-1.791290	1.190585	2.571589	0.345573	-0.425653	-0.129349	2.809589	3.587903	-1.781503
-3.290745	1.322788	2.265883	-0.193558	0.516577	-0.744126	0.660916	-0.489499	-0.792515
-2.639812	1.916346	-0.648549	-0.762159	1.731513	0.105712	-0.797349	-0.497230	-0.393640
0.266310	2.356858	-1.233907	-1.490231	2.870255	-0.646034	-0.771109	-1.075090	-1.285779
0.937021	-0.683375	-3.632593	-3.024077	0.707302	-1.393066	-2.570461	-0.393679	-3.058035
-0.934478	-1.611555	-4.650508	-0.338996	-1.167445	-2.777785	-2.316706	1.152202	-2.965109
-2.360186	-1.834481	-0.768352	-1.066892	-2.477587	-2.446291	-2.557943	2.642954	-2.516203
-0.982103	-1.689154	-1.275627	-2.390766	-1.674726	-1.741686	-2.194672	1.443476	-3.169618
-0.524828	-1.808375	-0.875733	-3.150619	-3.270661	-2.762569	-2.096894	-1.004832	-2.327557
-1.182662	0.957056	0.196429	-1.102053	-0.877892	-0.260843	2.089594	-0.494470	-2.373021
-1.497603	-0.267461	-1.095342	0.194329	-0.881122	-0.426608	2.369789	0.085663	-1.111311
-0.060251	0.720973	-1.369047	-0.125772	1.026951	0.355535	1.190694	0.411666	-3.332730
-0.597906	-0.378541	-1.707786	-0.489260	-1.214175	-1.094114	2.587309	0.032138	-1.563879
2.932633	0.684596	-0.839661	-0.261836	-1.728899	-0.308757	-1.805568	-0.635519	-2.420160
2.859367	0.605983	-1.223673	-0.375902	-0.205524	-2.689295	-1.822134	-1.223706	-1.680374
6.397696	1.722421	0.797578	1.258941	-0.588149	1.427072	-2.424290	-0.447123	-0.073424
4.008620	1.531509	0.136790	0.966590	-2.606074	1.862343	-2.244935	-0.464071	0.759590
5.389741	3.020146	2.266563	1.930445	0.106099	0.194216	-2.567770	0.212452	-0.490235
1.562358	1.991634	0.654297	0.981002	-1.737130	0.181791	1.331907	-1.408955	-1.359000
3.344472	0.325171	0.817289	1.959861	2.527539	1.903967	0.153695	-1.929193	0.027992
2.501884	0.338958	-2.016460	1.992520	1.573404	4.004942	1.610895	-0.670260	3.960141
4.188594	2.757494	-0.621651	1.762577	-1.339734	1.309717	-1.040893	0.088343	1.527845
1.742602	1.617580	1.998314	-2.087171	-0.416877	1.276590	1.165432	-0.938985	-0.628398
3.805610	1.745615	0.933034	2.018476	-0.306525	-0.643840	-0.518031	-2.538942	-1.131189
1.750117	-0.746401	-0.461490	-0.399285	2.712622	-2.429374	0.981519	-0.102129	-1.225731
1.260125	-2.767467	1.496840	0.601244	4.151562	1.495387	1.855283	2.023354	1.141775
-4.182167	-2.558585	-1.137477	0.764562	5.548595	2.707242	2.877261	2.275908	2.093228
-3.135357	-5.735853	0.656258	-1.725733	2.048920	2.440091	4.686852	1.452531	1.928127
1.598254	-4.094471	-0.108655	0.027657	0.475237	4.864732	1.417758	-0.286775	1.489468
3.139267	-2.203141	-0.378117	-1.892470	-2.081154	3.762965	-0.354521	-1.245211	1.140052
2.951383	2.442039	2.080371	-2.801216	-2.924856	2.101988	-1.094185	-0.823776	0.823975
3.585303	5.149769	2.403809	-0.242682	-0.733668	2.228500	-1.854333	-1.523270	-0.554362
3.484126	3.127049	1.179595	-2.263671	0.885109	-2.542898	-2.053166	-2.129694	-2.388562
0.757253	2.745179	-0.641372	-2.272284	2.590674	-2.621210	-0.684283	-2.733747	-1.368627
-0.142915	-0.256041	-1.134491	-0.158724	2.956426	-3.942234	1.830417	-0.035629	1.138743
-1.073678	-1.054211	-4.799564	-1.259392	3.258265	-3.179273	1.860134	1.482359	-0.345154
-1.786735	-2.105830	-2.995892	-0.335289	5.159991	-1.575028	2.811568	1.972619	0.764979
-2.919086	-0.908498	1.167325	1.984581	3.065301	0.873702	3.475320	1.506150	1.162743
-3.015130	-2.328515	-0.863114	0.106918	-0.111004	1.146914	1.903889	2.383152	-1.768265
-0.428167	-1.363980	-1.708510	-0.491481	-0.339726	1.404009	1.368877	1.671426	-1.361946
-0.598097	-1.270393	-2.020663	-0.694317	-1.600864	0.680484	-1.025017	-1.983029	-0.378902
0.313982	0.860946	0.563326	-4.550993	-2.610021	-1.451361	-2.259792	-2.160012	1.166067
-1.763231	0.804238	-0.325844	-2.934110	-1.272996	-1.883927	-2.580647	-0.661024	1.196358
-1.274735	0.714583	-0.293073	-2.134870	-0.938291	-2.067214	-1.185583	-4.031663	0.626171
0.680770	1.413582	0.969537	-2.856376	-2.057406	-2.036025	-3.132699	-2.382731	0.754504
-0.283014	-0.012566	0.100587	-2.895928	-1.864142	-0.712759	-0.396694	-0.647426	-3.310744
-2.102188	2.202642	0.684175	1.064171	-3.464900	0.941681	-2.884969	0.324951	-3.367975
-1.592452	-1.065896	0.549502	2.146919	0.532119	1.165597	-0.060122	4.186000	-0.213390
-0.661604	0.954122	0.050965	2.934115	0.204015	-0.190315	-0.724655	2.241422	1.399510
-1.450245	-0.535104	-1.807235	3.299057	-0.121314	3.177946	-1.782465	3.851317	2.028524
-1.290673	-0.009872	-3.835598	0.170242	-1.131668	-0.397921	-0.300653	0.110384	1.750950
0.158611	-0.503384	-2.298426	-1.803831	-1.347049	-1.154618	-1.734019	-1.559175	0.718587
0.228908	-0.898237	-1.851419	-2.730264	0.645844	-2.224245	-2.700361	-2.332061	0.075335
-1.773782	-2.604231	-0.157678	-2.701559	3.431308	-2.355703	-2.466981	-4.573474	-0.788109
0.723542	-1.369666	0.408998	-3.974018	1.541643	-3.867794	-2.933877	-3.451713	-2.549845
-0.452420	-1.735740	-2.314094	-3.357042	0.710449	-2.474418	-0.517949	-0.535179	-3.198175
0.488632	1.278046	-0.104652	-1.533834	-2.785376	-2.087175	2.442303	1.088230	-2.421599
1.399499	-0.268406	0.640922	-0.107195	-2.207133	-3.174167	2.062980	2.586612	-2.390619
-0.264619	1.094105	-0.819572	0.175274	-2.049323	-1.222396	2.634181	1.476568	-0.356035
-0.466221	-1.694621	-2.329835	1.389769	0.545554	1.103640	2.634608	1.553198	-2.475149
-2.374207	0.873918	-0.346567	1.932789	0.113797	2.780737	0.727061	-0.034297	0.497938
-2.911776	-0.597278	-0.024769	1.247533	-0.132096	0.533497	-1.354661	-2.879317	-2.102375
-0.207230	-1.669709	-2.712240	-0.056501	-1.599426	-0.989083	-0.330157	-2.781563	-0.906889
-1.450166	-1.398472	-1.806582	-1.542615	0.974407	0.734196	-0.202926	-0.824434	0.685396
-2.104285	-1.566568	-2.382495	2.251388	-0.979198	-0.060665	-1.397068	-1.622229	-0.911422
0.139614	-1.100594	-0.221979	0.322308	-2.324443	-0.419568	-0.744083	-1.892350	-0.874244
0.110830	-0.609151	0.840865	-0.849457	-2.353929	-1.425514	2.404030	-0.389795	-1.945670
-0.213835	-0.240637	-1.094562	-1.473410	-1.690156	-0.834503	-0.216330	-1.019065	-0.813902
-0.068082	0.454750	0.078738	-4.394352	-1.734525	-1.953037	3.016638	1.165541	-1.885140
-1.962709	1.500609	-0.867135	-2.508285	-0.997538	-2.855716	2.515934	1.816623	-2.262285
-0.667618	-0.701758	-2.300680	-2.319610	-1.028496	-1.437541	3.836459	0.901481	-2.050438
0.317992	-1.520650	-0.957099	1.666471	-1.311399	1.777886	2.529213	2.281715	3.582701
-0.797778	1.431735	-0.491791	-0.250645	-2.106849	0.853367	2.750496	2.746725	0.655829
-1.687328	0.449697	-1.691457	-0.837758	-1.332847	1.332298	2.108709	2.056812	0.309148
-0.602458	-0.062362	1.389503	-0.765770	2.654806	0.237680	3.716751	1.366975	1.050456
0.559633	-1.716641	1.888388	-0.429484	3.476809	-1.951688	3.964622	3.566314	-0.614349
1.440744	-4.011540	1.676199	1.216299	2.616561	-0.917307	5.287524	1.946331	-2.335965
2.678576	-2.664655	0.919835	-0.186022	0.287761	-0.234078	2.510156	1.827125	-0.350495
2.369029	-1.128788	-2.831403	0.690251	0.096707	-0.322001	4.335419	2.415095	-0.504038
-0.211097	-0.687235	-1.651317	1.625916	-0.422100	3.667522	4.381412	1.872443	3.489904
-0.729702	0.575204	-1.578907	-0.212328	-0.358864	3.555892	5.122036	1.280568	1.184531
-3.319785	-0.289770	-0.876372	-0.867684	-1.897584	1.371006	3.525492	2.016671	-0.258057
-1.754546	0.506845	-0.877112	0.803747	-0.672063	-0.196235	2.725778	1.640451	-1.262261
-0.403985	0.440550	-0.522129	2.015064	1.157000	1.078168	2.917696	1.295309	-0.043882
4.329197	0.466947	1.800979	3.067365	2.087102	1.899013	1.856446	1.816744	0.660080
5.468803	0.784137	-0.446489	4.154949	3.887043	0.615201	3.279427	1.437858	0.390424
4.975630	0.252521	-1.316033	3.314413	3.296622	3.015630	2.826140	-0.177551	3.386250
3.146180	-0.843598	-2.625154	-1.035844	3.227036	0.743600	1.072885	0.815719	3.790857
1.247253	-0.850921	-1.965050	0.390876	0.548886	-1.208090	0.276662	-0.882933	4.485145
-0.732252	-2.691544	-1.745623	-3.122727	-0.966431	-1.957441	-1.916029	-1.159007	1.970214
-1.093834	-0.111067	-1.261372	-3.857656	-3.146415	-2.667453	0.041213	-3.513302	-0.416537
1.926308	1.206211	-0.542597	-4.177511	-2.944368	-2.736927	-3.031913	-4.548419	-2.051908
0.817072	-0.112206	-2.864998	-3.276596	0.881009	-2.406164	-4.477407	-1.440558	-4.446301
1.547960	-1.647319	-2.205776	-3.358811	2.832915	-1.466464	-2.871469	-0.097618	-3.251614
1.312270	0.106075	-1.766630	-1.847157	1.403648	0.252772	-2.075598	3.352801	-3.240548
-3.409996	1.723077	0.163640	-1.269636	-0.160992	-0.563557	-3.384394	1.508899	-1.309804
-2.770039	4.484188	2.013634	-0.406651	-2.285607	-0.592751	-1.504159	-0.285324	-1.297582
0.965242	4.332612	-0.686648	-1.496001	-3.215699	0.043488	-3.272090	-1.903869	-2.698483
-1.070054	1.050548	-1.633506	-0.585589	-2.421068	0.269961	-2.244290	-2.277935	-1.325706
-1.427427	1.746899	-1.559140	-2.780716	-1.377416	-2.616233	-2.384257	-2.237021	-2.106351
-1.403376	3.571266	-2.013949	-1.441883	-2.870944	-0.612095	-2.325091	-3.659429	-4.190619
-0.229502	1.544752	-1.994434	-2.576093	-0.513453	-0.961026	-4.286294	-2.674857	-1.001411
-0.536704	0.124658	0.067606	-4.276446	-3.849845	-4.697426	-2.377864	-1.871206	-1.690426
1.348617	-0.829415	4.325371	-1.276244	-0.405222	-2.652895	-2.033602	-2.369977	-0.204764
-2.563838	-1.373865	5.506560	-0.506588	0.187917	-1.993935	-1.622409	-1.315567	3.759174
-0.212770	-0.518189	5.518275	2.124421	-0.238732	-0.010646	-1.080583	-0.270979	1.355188
0.903521	-1.052187	4.805315	1.934380	1.029231	-0.550028	1.107374	0.041988	2.005779
-1.229464	-2.418556	4.051281	2.244489	0.117905	3.194917	1.423063	-0.563365	0.775846
-1.028226	-3.266994	4.099872	2.593546	1.101188	3.785490	1.686382	1.607461	-0.690512
-2.113165	-0.671000	3.638490	4.578451	0.889379	2.398590	4.010633	4.516967	1.782907
-2.568081	0.171128	4.343633	2.861800	1.293477	3.091317	4.522115	2.551951	2.318201
-1.131974	0.634393	2.509004	3.772394	-0.922921	3.060169	4.871228	3.442515	2.250571
2.162756	2.431595	2.017001	-1.424869	0.965285	1.540546	4.254371	2.933659	-0.757483
1.763909	3.556137	-0.837075	1.359109	-2.256006	-0.565852	3.601344	1.287381	0.094039
1.146685	2.404920	0.002877	-1.012172	-1.759497	-1.709126	1.967747	-0.320217	-1.820164
0.728884	2.293547	2.273857	-0.561715	-3.027488	-1.365376	0.529780	0.198664	-1.344790
0.967205	1.852320	2.522164	-1.592419	-1.594681	-0.914703	-1.529459	-0.884876	-2.489141
-0.943952	-0.249560	2.436900	-2.659488	-0.896078	-1.600208	-2.176268	-3.355137	-0.980316
0.948814	-1.843290	-2.672435	1.685779	-0.979279	-0.313590	-3.396949	-1.962418	2.197485
0.466501	-0.437069	-1.076341	1.923080	0.541014	1.848950	-1.881701	-0.651120	3.290763
0.790511	-0.432195	-4.181018	4.373013	1.990599	-0.387890	-1.607026	-0.526944	0.641816
0.320543	0.802335	1.949135	0.728578	0.861375	2.326692	-0.774323	-0.757188	0.663646
1.548496	3.545421	2.547018	2.380673	-0.256860	-1.248006	-0.590194	-1.630753	0.628852
3.789970	3.847168	3.404432	1.956697	0.069894	2.091115	-0.467537	1.299060	0.060735
5.158966	4.920975	2.210377	1.271949	-0.072266	-0.413144	-1.583455	1.913753	-1.295005
4.146183	0.980146	-1.254147	1.480427	2.822360	0.595616	-0.969847	0.884624	-1.078469
3.291321	2.913282	-1.184438	-3.180670	1.763169	0.073294	-1.447214	0.010474	-3.888555
-0.033321	-0.465214	-2.598598	-3.370842	2.447960	-2.153009	-1.960456	-0.629197	-4.503864
-0.455542	0.720659	-0.596825	-3.430491	-0.995168	-2.088495	-2.166774	-3.236190	-2.505496
-3.896542	-0.124496	-3.504718	-2.330918	-2.936516	-3.113864	-1.088069	-3.405804	-0.578150
-3.030123	0.025523	-1.385278	-2.393925	-3.555487	-2.103615	-1.811340	-3.054339	-1.179626
-3.407384	1.407217	-0.597904	-3.388112	-2.665381	-0.317051	-3.520489	-2.831797	0.383176
-4.158426	1.235189	0.090005	-3.384080	-0.937901	-0.193170	-1.684516	-2.529376	1.703056
-1.481048	-0.434859	-0.053752	-4.036132	-0.013747	-0.390574	-0.437222	-2.213676	0.545115
2.024649	0.478275	-1.221972	-3.926867	-0.432721	-1.030462	-2.004008	0.145401	0.073053
-1.287936	-0.272307	-0.746757	-2.332687	-1.338825	-0.412736	-1.035973	-0.832043	-2.598630
-1.167102	-0.013102	-0.964305	-2.339593	-0.894360	-1.805795	2.629981	0.278190	-0.793734
1.299151	0.847591	-2.868817	-3.474486	-2.181628	1.121360	0.742254	0.811902	3.711143
0.536921	-0.554925	-1.857390	-0.369268	-0.928330	2.030729	2.230744	0.053091	1.930099
-1.514791	-0.015949	0.024374	0.086461	-0.423567	1.040811	0.050952	-0.461643	1.903736
-0.756986	1.173123	1.165677	0.661300	-1.120742	0.732006	-2.083123	-0.971498	-0.025947
-2.095764	0.655491	2.087519	-1.279752	0.597245	-1.133686	-2.896483	-2.277376	-1.138548
-1.097625	0.786559	0.633000	0.189302	-1.074308	-1.743366	-2.218328	-2.602677	-1.085668
-1.374870	1.346228	2.080722	-0.028636	-2.598503	-1.225533	-2.815458	-2.076001	-0.613107
-1.200499	0.781001	-0.537116	-1.792470	-1.713941	0.719711	-1.351575	-0.204447	0.482637
0.539989	-0.359120	-4.198812	-1.198699	-1.771924	0.200566	-3.588780	-0.445516	0.282263
-0.138809	1.027567	-0.486167	-2.352124	-1.770354	-0.163467	-0.367072	-0.257909	1.103572
-0.099091	-0.399136	-0.533979	-3.198348	-0.751131	-0.881190	-3.433753	-0.627324	-0.094835
1.640441	-0.102026	0.278351	-2.883170	-2.187657	-0.390502	-4.039324	-0.121063	-0.583659
0.776588	0.608698	-0.601075	-1.810291	-0.867134	-1.131604	-3.287886	0.655575	0.680501
0.240049	-0.281960	1.338943	3.146586	0.932836	1.400703	-1.306339	3.560290	1.291745
-0.868477	-2.823500	2.350805	4.129062	2.172053	1.705020	-1.823485	3.821081	2.137575
0.454311	-2.489418	1.517312	4.632035	0.299914	1.592747	0.399576	3.898248	-0.642411
-0.454689	-2.249212	-1.430735	1.789204	0.791518	1.846182	0.969143	4.776891	-1.375710
-1.427276	-2.848880	-2.495136	3.550268	0.880163	0.114126	2.288715	5.464711	-3.447924
-2.503850	-3.512121	-2.951290	3.201527	0.769549	1.525379	2.178490	4.105006	-0.353851
-0.167713	-3.107931	-4.820197	2.067779	1.706473	2.279940	3.238669	0.277578	1.755510
0.222935	-2.361308	-5.411456	1.652623	0.049334	0.552208	5.088650	-0.284775	1.819557
-2.287406	-3.916750	-1.793467	-1.259541	1.460830	-1.445216	3.100332	0.781548	3.072093
-1.624736	0.099045	-0.657328	-1.812414	-1.805240	-1.950032	2.690614	-0.532253	3.270617
-2.762656	2.852379	2.204060	1.210401	-0.744678	-0.262342	3.395495	-0.606279	-0.201070
-0.491966	4.001256	1.087298	0.290206	-1.326685	-1.061645	4.035374	0.850770	-0.699167
-1.914667	5.675776	0.306286	1.714197	0.058737	0.380059	3.802550	2.419095	-2.924275
-0.470360	4.604242	3.036826	-0.762724	-0.979013	-1.035530	2.387323	2.296995	-0.114492
1.135757	3.752758	-0.225482	-0.881160	0.967863	-0.457514	2.287190	3.973870	0.077682
3.477781	5.080924	2.477661	-0.775411	0.619864	-2.255092	2.877252	1.864221	1.309747
3.682413	2.229143	2.643858	-0.219878	-0.884213	-0.835764	2.456206	-1.440854	1.414404
4.768152	4.597518	4.460508	0.107038	0.348632	-0.194731	0.092352	-1.526354	3.831553
2.450597	4.082150	3.709312	0.181136	-1.426203	2.909208	1.456690	-0.149479	5.672095
0.188149	2.468143	3.725271	0.646915	2.220381	1.411151	0.485617	-2.378829	3.512931
-2.094094	1.978798	4.144084	2.139474	2.509381	1.062299	-0.407267	-2.354705	0.742161
-1.657831	-0.549983	3.093953	1.655513	4.472797	1.294951	0.130836	-1.291206	2.512785
-1.072563	-2.657896	-0.444622	-0.819170	4.222027	-1.834392	-2.299974	-2.103232	-1.088895
-1.209991	-5.390041	-5.363940	1.454624	3.675369	1.130769	-0.277198	-1.026784	0.118820
0.925884	-5.238313	-4.554001	3.217895	1.748722	1.320734	-2.652338	0.291139	-4.464169
-2.265137	-5.969612	-4.203205	2.398042	-0.264416	0.098802	-1.645795	0.041736	-2.430861
0.024146	-4.163535	-1.566550	2.512563	-0.689546	1.407274	-3.152270	-1.490893	-1.992456
1.761630	-5.515379	1.017263	2.651559	2.947930	2.043349	-1.454063	0.602753	0.172747
1.102916	-7.909242	4.995936	4.091127	3.731611	1.363627	0.699123	-0.463927	2.168548
