X1	X2	X3	X4	X5	X6	X7	X8	X9
-2.438917	-2.525085	-0.231606	-2.195233	-2.118113	-2.601758	-0.265405	-2.631383	-1.220718
-2.091114	-1.630068	1.226802	-3.925485	-1.524987	0.168290	-1.860610	-0.597050	-0.761371
-0.947458	-0.251768	0.014822	2.513668	0.649190	1.959086	0.024857	1.744169	-1.155951
-0.582949	-4.507789	-1.530548	4.416927	4.425621	1.762431	-0.654404	4.214378	-0.716959
-0.111688	-6.340038	-1.005609	6.501793	4.633608	1.981826	1.049008	2.474976	2.898108
-0.468777	-7.071819	-0.662062	5.328768	5.226852	3.047174	2.642495	1.720968	-0.955050
1.012784	-9.284339	-5.837707	2.975653	4.443755	2.221076	0.346357	0.240754	1.003968
0.121995	-11.333202	-4.205646	2.237650	3.224419	5.472635	-1.706403	-0.968264	0.576463
-1.366546	-11.556816	-2.908079	-2.531941	1.863444	2.807452	0.648814	0.890217	2.464337
-0.726440	-9.721985	-4.650907	-1.791417	-1.670366	3.065029	0.497510	1.432998	-0.247012
-1.177186	-2.679314	-0.282432	-1.463378	-5.363111	-0.710831	-1.153314	2.892582	1.041620
-2.281087	-0.536111	0.125846	-2.339321	-3.098289	-2.295629	-0.160356	-0.354030	-1.155768
0.460757	1.533221	0.239525	-1.159146	-4.107297	-1.762660	-1.975915	-1.617035	-0.023574
-0.545854	2.821274	1.705006	-2.278752	-2.550635	-0.825424	-1.927890	-3.189732	0.269702
-0.346821	-1.460956	2.455887	-0.378336	2.552901	-1.063918	-2.960881	-3.219417	-2.044639
-1.818745	-1.227175	1.229467	-1.221198	2.714410	-0.585241	-1.136884	-2.626790	-0.099395
-0.824527	-2.003189	0.690645	-0.898736	1.158496	-0.325691	-2.724100	-2.733848	-2.107967
-0.109968	-0.218604	-0.535679	-0.784549	-0.177840	-1.682866	0.139673	-1.579989	-0.900853
2.796233	0.315376	-0.345007	-1.517236	-2.156596	-1.870264	0.684936	-0.831510	-0.984453
3.695473	0.501743	-0.647939	0.562406	-2.024071	0.754017	4.258192	1.740889	0.241835
5.713853	2.085494	-0.896776	-0.566023	-1.794361	-1.300122	5.341340	0.196813	-0.373389
5.095471	0.549521	2.637081	0.046378	0.451533	-1.091978	3.468083	0.198261	-0.525225
4.495827	2.217020	1.902531	-0.131388	3.228915	-2.256650	0.856823	1.861238	-1.919871
2.354721	2.814685	4.190774	-1.386321	4.962586	0.820664	-1.402041	-0.419255	-1.456226
-0.674349	2.058510	1.871908	0.766181	2.858749	2.002266	0.948294	-0.234816	0.245510
-2.246683	1.075989	-1.285267	0.602319	4.138404	1.454157	4.055330	4.097257	-2.156562
-5.797882	-0.084482	-0.391352	-0.193906	6.273855	1.236341	3.329867	4.235267	-0.528942
-4.499646	-0.874810	-1.079848	-1.534791	2.362102	-1.438583	2.463907	0.496315	0.342071
-1.741076	-3.354700	-2.347455	-1.613937	1.241448	-2.294111	1.255452	-0.526095	1.007679
-1.408272	-2.472057	-2.502275	-4.626641	0.553495	-2.531643	-2.138996	-2.264363	-1.412119
-1.304436	-1.923287	-2.189008	-3.270202	-0.842955	-1.295275	-2.839138	-4.874085	-1.774621
-0.697668	-1.703296	-1.755854	-3.684118	-3.103301	-2.239408	-6.393070	-3.244259	-1.044528
-1.809868	3.136511	-0.490915	-0.786090	-2.499340	-2.191238	-3.958291	-4.742984	-0.986938
-1.725137	4.344228	2.844009	-0.360514	-2.450070	-1.307163	-1.513500	-2.523856	0.471149
-1.638775	4.946350	2.879717	-1.031990	-2.099190	-1.099484	-1.709396	-0.747374	-0.415865
-0.911484	4.612572	2.506108	0.510484	-0.350997	-1.802996	0.148524	-1.819536	-0.816182
4.003736	3.891088	1.286683	-0.504991	-2.994890	-0.972899	0.038660	-2.279439	-1.225799
4.592386	4.886793	1.604239	-1.392814	-1.341666	-0.468092	0.899115	0.360319	-0.856817
2.873363	3.767181	0.593876	-0.866384	-0.665723	-0.540671	3.563590	1.712640	-0.934935
3.407968	5.165948	3.233794	-0.937898	-0.877760	-1.740836	2.396386	0.598326	0.165248
0.634901	5.688486	-0.425107	-0.353557	-3.149074	-0.751385	0.114006	-0.236820	0.505132
-1.141840	3.711692	1.692370	-1.594457	-1.164963	0.215783	-0.616350	-1.448096	2.227417
-0.884755	4.430161	1.810927	-1.857599	-3.426726	-1.696228	-2.413180	-3.048600	2.645005
-2.186143	1.818185	-0.619238	-1.653381	-1.801760	-1.263219	-1.898382	-0.443030	2.209195
-1.911407	1.560162	-2.011426	-0.711102	0.116137	-0.169387	-2.211255	0.895016	3.595289
-2.151246	4.260685	1.183563	2.863240	1.422966	1.708869	2.775804	3.836341	3.078485
-1.341460	3.262549	-1.215271	4.297546	0.699930	0.231652	4.924094	4.476447	0.568386
-0.722651	0.227048	-0.570129	2.706818	3.528131	2.925062	4.661619	4.476135	0.402591
0.612683	1.322679	-0.347312	3.561255	0.267070	1.905601	5.353380	4.132609	-2.651900
0.048939	0.533135	-2.205920	4.348161	1.123751	-0.295229	4.020078	2.075770	-0.047486
-0.715182	-0.996887	-0.197754	3.130735	0.798474	2.040074	1.171214	-2.894679	-0.187966
1.682319	-0.119595	0.900486	4.049980	0.128441	-0.461890	-3.394509	-4.766038	1.358859
2.897342	0.238309	0.293199	0.535496	-0.902444	-0.402318	-4.912190	-4.026202	0.346290
4.516187	3.103718	0.624385	-0.976316	-2.608880	-0.408810	-5.131628	-0.980371	-0.770972
3.529253	5.296827	2.923143	-0.733753	-1.924966	-0.964963	-1.699820	1.697959	-1.028128
2.138340	4.691633	3.086072	0.575184	-0.986799	-1.334176	-0.828866	2.752788	-2.412878
-3.931153	1.081929	1.596673	-0.929003	-0.503377	-1.220148	0.044136	4.140319	-1.088020
-3.546625	2.639211	-1.145855	-1.863712	1.513502	3.512523	0.255888	4.409254	2.681144
-3.737577	-0.691025	0.498188	1.573958	0.282840	4.564439	-1.007709	3.563595	2.342016
-0.324810	-0.273885	-2.602100	0.428207	-0.025861	3.635300	0.465747	4.335744	4.029296
0.047177	-0.440574	-3.442018	-0.454163	-1.206200	2.994408	-0.858843	3.765503	1.430383
0.444082	-0.392495	-0.764268	-2.403251	-1.843074	-1.207435	-0.247877	2.116275	0.112978
3.828207	2.689346	1.349452	-0.336756	-2.012982	-2.561029	4.055546	-0.210440	0.210980
4.101049	2.257545	0.732840	-0.119377	-1.876920	-1.682271	1.585028	-2.267839	-1.556809
5.100911	2.105497	2.442996	1.810087	-2.241388	0.977439	1.484770	-2.145320	-2.897390
4.990090	5.304098	2.663319	3.616238	0.136116	1.267202	0.090373	-3.781181	-1.186563
6.097487	3.286043	4.258910	5.028576	-0.801705	1.730121	-1.935660	-2.667020	-1.089728
4.968601	4.679127	-0.090033	3.867203	1.476550	-0.211604	-1.603229	-3.972536	-0.203985
-0.810867	2.583247	-0.386709	3.370119	1.630884	0.116429	-2.395832	-0.513227	-0.905734
-1.295218	1.519697	-0.548119	0.018926	-1.431703	0.491321	-1.789768	-1.111291	0.531825
-5.626352	1.192874	-3.142463	-4.191176	-1.594207	-1.991528	-0.895235	0.625974	-1.684108
-4.816569	0.296674	-3.022842	-5.150386	-3.048927	-3.624615	-0.233733	-1.038630	-2.185232
-3.349469	-0.233009	-2.099755	-3.723301	-1.556362	-4.319940	-1.005058	-1.915502	-1.374649
-1.792153	-1.490278	-2.786304	-6.952723	-2.441009	-2.955502	-2.647312	-4.495340	-0.813058
-1.933521	-1.316037	-0.835087	-5.197749	-0.560067	-2.080298	-0.827591	-3.872942	-1.949559
0.122528	-0.707991	-1.320407	-5.316978	-4.091633	-2.439230	-1.198895	-2.083907	-0.793953
-0.201108	0.780056	-1.377463	-2.193810	-1.408207	-1.573594	-4.022822	-3.675733	-1.417740
1.971373	0.230602	0.043045	-0.823545	-1.437685	-2.929491	-3.723271	1.073582	-3.879419
1.354769	1.558440	0.825717	0.969220	-1.813467	-2.004518	-0.694442	3.851838	-1.769392
1.025481	1.285868	-0.116048	2.985185	0.418049	0.081624	-1.047032	2.089238	-1.106458
0.732908	-0.295318	-0.696950	3.426851	0.562766	0.377737	0.818159	-0.661716	0.031683
-0.905749	0.426677	-2.297390	3.094518	2.687484	0.506022	1.353833	-0.178125	-0.155070
-2.857190	-2.722250	0.222133	3.439888	-0.905194	0.471479	4.641990	0.994115	-0.841417
-2.498417	-2.892902	1.665919	1.595661	0.620133	0.078011	4.291633	0.565103	-0.797359
-3.300328	-0.172784	6.642566	0.312538	-0.852933	-0.940383	1.061561	-2.908657	-0.005395
-0.493423	-0.905899	5.194376	1.096220	2.488110	0.048998	0.090376	-2.404066	1.842473
-1.076204	3.083850	4.240346	-1.893693	-2.442838	-1.204545	-3.374420	-4.311421	2.210846
0.763731	4.397458	4.062279	-0.828800	-3.903973	-1.259510	-4.487528	-3.871122	1.416024
2.582880	7.881423	5.312072	-1.007999	-0.985695	-0.600497	-4.072745	-3.324267	0.899405
3.187745	7.698040	5.723427	1.963209	0.810297	-0.584306	-1.937572	-1.663256	1.012989
4.442924	4.789007	4.909642	3.833925	1.762107	0.652565	-2.848906	2.578214	-0.772724
3.652319	6.269320	6.332818	4.912050	0.436934	-0.666184	-0.859947	3.583842	-0.828734
0.581628	4.604176	5.438154	1.967784	0.324581	-0.523952	-1.776595	0.193231	1.846158
-2.290948	3.301271	2.945451	-2.026071	-0.580652	-1.482139	1.216152	0.248780	4.337651
-3.607208	-0.119997	2.889408	-0.255915	-2.798261	-1.024343	-2.387405	-2.799708	3.291346
-4.283654	0.285368	1.174424	-3.794049	-5.226247	0.047535	-2.622166	-4.238233	0.723040
-0.971385	0.793563	-2.204499	-3.048070	-1.715407	-1.407603	-0.197630	-4.432195	0.055835
-0.994501	0.742985	-1.026064	-3.813879	-1.866041	-0.429357	-0.584996	-4.136391	-0.708571
0.536298	1.200531	-2.219668	-2.815276	-3.953246	1.038574	-0.727864	-3.796722	-1.474778
2.041512	-0.979201	-0.164514	-2.157859	-2.152922	2.278990	0.139968	-3.773687	-0.271488
3.704241	1.929884	0.792600	-0.732728	-4.017167	1.369691	-0.373300	-3.271485	0.566001
4.220185	3.316686	-0.603428	-4.243183	-0.145480	1.007479	1.064432	-1.198315	1.181086
7.624144	0.957999	-0.553497	-1.750924	3.841840	0.151453	-0.694435	1.774023	0.200568
3.065718	1.390023	0.589593	1.668351	3.238395	-0.582585	-1.698899	2.018331	0.260545
1.308907	0.577454	-1.728059	0.742640	2.591786	2.335063	-2.256762	1.798407	2.230917
-4.281088	-2.779310	-2.868153	3.288845	2.935314	5.137700	-2.716721	3.503054	2.057383
-2.876469	-4.057472	-4.310189	3.556767	3.829981	2.490225	-2.143178	2.102771	1.265142
-5.453834	-7.204335	-6.962866	1.330604	3.076087	3.143639	0.262770	3.098259	0.620195
-3.251884	-10.811501	-6.072787	-1.335442	4.437933	-1.533759	0.365321	3.956719	-0.239861
-2.688119	-8.117272	-5.016349	-1.604871	0.686921	-1.880167	-1.390123	3.119050	-2.686025
-2.019339	-5.174950	-2.554854	-4.458883	0.355952	-1.097086	-1.696862	0.677853	-1.412599
-0.275143	-5.013539	-1.152202	-1.943378	2.648527	-1.761915	-0.996795	0.449928	-1.075983
-0.717332	-7.157240	-1.042293	1.804644	4.026046	1.205546	0.803776	2.280575	0.039022
-1.623305	-9.892456	-3.680027	2.512584	4.804012	-2.106903	0.150954	0.249895	0.314514
-3.012263	-10.278289	-5.288105	0.291241	1.406424	-1.197962	2.374338	0.304988	2.208794
-1.189505	-6.548340	-3.116725	0.291916	-1.273516	-2.591430	1.572127	1.491453	2.095360
0.374168	-3.762612	-0.745590	-1.689091	-2.493908	-0.142708	-0.033776	0.078391	1.820712
-2.088643	-1.387807	-3.094398	-2.072180	-3.246650	0.858905	-0.613674	-0.349899	2.927149
-0.774738	-2.481627	-0.596951	0.569149	0.428259	1.317009	-1.859864	-0.292516	4.119569
-0.769618	-1.001074	-0.915448	1.016995	-1.280281	3.716904	-2.472048	-0.753360	3.909472
2.907418	-1.565450	-2.255689	3.530760	2.462831	2.624190	-0.889726	-1.727833	3.171157
2.228770	-2.602356	-1.364775	3.561742	1.439295	3.912767	-0.623596	-2.109433	3.693323
2.117938	1.283206	-1.631406	3.353942	0.937914	3.538335	-1.088160	1.533239	3.653169
-0.045178	1.458134	0.100518	3.080560	-0.409514	4.776194	1.912583	1.507782	1.954795
0.054222	0.680526	1.121997	2.262595	-1.096186	4.768043	1.981232	3.684097	0.505098
-1.564663	0.113481	-1.493770	0.902048	-1.206403	4.938384	5.076988	6.527582	0.705879
-4.418031	-1.905503	-1.550083	0.644318	-1.871763	2.911015	5.345350	4.986937	1.844836
-3.186383	-2.091728	1.184358	0.365905	-0.912866	3.519037	5.810618	4.986462	1.618169
-0.792919	-1.637794	1.083953	0.570109	0.009788	0.540850	4.073492	0.983157	2.455075
0.413260	-2.633504	1.169302	-0.081970	3.072700	1.512352	3.739872	1.624421	1.772255
1.348856	-3.693358	-0.849997	-0.411233	0.853571	-0.555154	3.321357	3.553552	-0.606892
-0.446332	-4.050558	-3.071042	-2.708780	0.549601	-5.246771	3.680147	-1.184249	0.294731
-0.671103	0.023694	-3.813436	-2.356011	-0.473410	-2.050899	3.529242	2.290817	-0.392175
-0.452059	3.283498	-1.489276	1.380474	-2.055260	-2.559136	4.392242	0.825149	0.070388
-0.684999	3.482951	2.631035	0.986473	-3.506350	-1.409484	2.913845	0.182246	2.955519
-0.154822	6.025754	1.781998	0.145487	-1.868080	-0.006144	5.018451	-1.095992	4.685617
0.080171	5.385205	1.359113	0.966716	2.194152	0.830886	4.081061	1.338733	0.736382
0.942580	1.478703	1.967278	3.850259	-0.404554	1.841304	3.208574	3.397020	-0.596989
-0.686895	2.443846	4.285294	4.711915	0.951701	1.758811	4.052488	3.973870	1.537704
0.076546	2.303634	1.714661	5.205284	-0.592782	3.945805	5.060504	5.583279	-0.496540
0.626803	4.507266	3.706077	2.579965	2.405398	3.543886	3.543621	3.631649	-0.472222
2.154976	7.885841	3.796644	2.874659	-1.166159	6.009455	2.577938	2.525677	0.756457
2.565565	6.020058	4.827159	1.013264	0.545846	3.947810	-0.239845	4.501163	1.103795
0.133171	5.308816	3.025824	0.626880	0.102714	0.627452	-0.658129	2.735404	0.516591
-0.427508	4.436215	2.145837	0.027007	-0.753755	0.336180	-0.412015	2.016001	0.535445
4.972729	4.899854	1.298298	0.285343	0.038139	-0.595207	-4.813503	5.190151	-0.993645
2.787982	4.274931	0.330807	0.433188	-0.415303	-1.727709	-2.727294	4.429454	-1.111580
2.289251	3.280647	-0.474837	1.232142	0.379118	-0.922126	-2.233389	4.092208	-0.146460
1.278035	4.560300	0.283866	-0.472197	0.023503	-1.805460	0.904711	3.311812	0.019812
0.004235	5.019591	0.952015	0.588572	0.577351	-1.269909	1.461606	1.721564	-1.738964
-2.073949	4.739518	2.200611	2.852947	-0.746938	2.232324	1.559295	4.505963	-0.422989
-3.593018	4.989881	3.550252	4.035728	0.743837	1.893840	1.201976	0.953208	0.962935
-3.548172	6.725980	5.388837	1.494913	1.846175	1.782438	2.174749	-0.371903	0.310908
-2.377710	4.315714	3.312668	0.446803	-1.367924	-2.113983	4.458814	-1.542472	0.452328
-2.429033	4.305683	1.579542	-1.679203	-2.428259	-0.980623	3.984668	-1.783501	0.570695
0.012459	1.327485	-0.083441	-2.422107	-1.676932	-1.749483	4.138612	1.238210	-1.633994
-1.602434	-1.218578	-3.326680	-3.642210	-0.105541	-3.717263	3.382243	-0.452041	-2.279039
-1.699912	-2.141208	-2.983277	-2.431211	0.541212	-2.850963	2.838462	0.834744	-3.042841
0.499624	-1.125704	-3.027532	-1.416012	1.906328	-1.047486	3.363967	-0.072538	-2.402601
2.480475	-0.631667	-0.961546	-0.906114	2.446306	-3.055430	1.654957	0.502014	-1.264820
2.468940	-3.073297	-3.634719	-0.766618	3.260345	0.596702	2.329831	0.953795	-1.843601
0.352220	-3.966995	-0.506252	0.003175	2.319347	-1.933588	2.118788	-1.014894	-1.753643
-2.032286	-4.359660	1.459654	0.685266	4.183810	-1.322003	2.637827	0.203044	-2.002347
-1.371378	-5.734493	1.979900	3.152851	5.022434	1.181458	-0.404254	2.317507	-2.823016
1.285943	-9.259893	4.442683	4.447131	3.659419	1.845093	0.291045	1.939293	0.244950
3.342878	-11.689661	1.535105	2.747705	4.898065	2.156002	-2.198978	1.292501	-0.262750
-0.161473	-14.185697	2.966863	3.511271	5.046271	0.684084	0.237677	0.502328	2.002983
-0.758712	-13.111701	0.370457	1.286629	5.398536	5.309839	1.056307	1.044572	0.319747
0.181463	-13.007473	-2.072312	1.661177	3.039161	6.026965	-0.006688	2.761332	0.806142
-1.597849	-13.663112	-6.053947	2.674815	3.486044	4.229563	0.134291	3.013205	0.330466
-2.180849	-14.523319	-5.570848	4.265741	0.913286	0.618231	-1.832858	3.891190	0.689718
-0.189936	-14.424594	-5.055815	2.507955	1.673486	1.154569	-0.601037	4.861684	0.718298
1.006088	-6.478837	-3.254049	3.789655	-0.497457	-1.101025	0.466555	2.955385	-0.675497
-0.796875	-0.819047	-0.743151	0.263240	-3.008442	-2.050150	0.570415	0.577491	-0.926666
0.458374	1.933576	-1.059221	-2.935291	-4.342672	-1.933908	-0.490358	0.658701	-0.215812
-0.814867	4.293132	3.128639	-2.934739	-2.973145	-1.421899	1.898535	-1.473189	-1.357835
2.541005	5.624621	4.587529	-1.994406	2.304137	2.120076	2.278193	-1.265681	0.758064
5.839787	6.712243	5.092748	1.619809	2.719974	-0.204884	0.681013	-1.757275	2.468284
4.184880	7.641098	5.381695	2.851703	4.108265	0.922120	-1.127604	-4.748976	4.451223
5.980183	6.407487	5.227270	3.634975	2.913209	1.155588	-2.496962	-2.524484	0.217280
4.069196	2.178211	5.761971	0.908124	1.500007	0.544719	-3.568260	-2.868003	1.161355
-0.871880	1.734669	3.677198	0.449950	-0.219843	-0.840488	-3.041800	-3.295334	0.469247
-1.825847	1.399661	2.397251	-2.572850	-3.040442	-0.847334	-2.887385	-2.265580	-2.734646
-4.398704	0.036288	1.642827	-3.102076	-5.329989	-0.271019	-3.066814	-2.720742	-1.173825
-5.899153	-1.616749	1.712227	-0.133830	-1.355486	3.257455	0.039610	-0.664624	-1.994890
-2.892893	-1.924651	0.291049	0.299587	-1.703133	4.586788	3.990786	1.936572	0.076656
-1.016924	-1.697717	3.408793	1.195574	-0.064831	4.080680	3.325313	4.604344	2.531115
0.909253	-3.425346	3.238958	1.837830	0.339919	3.080328	3.188889	4.567691	0.547283
-0.227662	-5.003538	-0.135658	2.181553	3.003317	1.522234	4.293912	5.788109	1.357361
0.050531	-7.306593	-0.048855	-3.370858	1.027862	-2.653405	-1.296018	3.354395	-0.392453
1.616930	-5.525011	-2.813533	-0.501704	2.677053	-4.003689	-3.137403	-1.587051	-0.361360
3.406637	-5.238890	-3.211795	-0.380687	2.281889	-3.064819	-5.101845	-3.144733	-3.350860
1.227550	-2.830331	-2.735540	1.053793	0.598170	-1.198296	-5.288345	-4.077953	-0.596555
0.692670	-0.740033	-3.875171	1.583734	0.481295	-0.738120	-2.092704	-4.987713	-0.618245
-1.141104	-2.142895	-2.572986	3.970035	0.916864	0.745108	-1.994325	-3.443916	-0.752632
-2.176373	-2.180918	-1.810389	2.001194	-1.896426	1.180187	-0.530507	-2.310863	-1.851017
1.064664	-0.982900	-0.805579	-1.371589	-1.355773	-3.067484	-1.704554	-3.114058	-1.353699
2.735805	1.489859	0.598642	-2.027417	-1.472180	-1.467606	-2.375866	-2.081103	0.518119
5.156851	5.392860	0.709173	-2.285990	-2.233347	-0.561279	-1.525245	-1.251100	-1.910063
4.693202	3.846602	3.282014	-2.109610	-0.168474	-0.380704	-2.578292	2.250048	-1.447946
6.451957	3.477687	1.770264	1.533922	-1.025563	-0.077782	-2.635309	5.320440	1.151968
5.416815	5.389315	1.048720	-0.366995	-0.044015	-1.304714	-1.395097	3.001972	-1.194020
6.694076	4.350287	2.388884	-0.648762	1.929671	-0.941800	-2.466357	3.728643	0.940489
4.783141	2.620702	-0.867148	3.496818	2.529192	1.068258	-0.645792	4.903850	1.586393
1.508308	1.677763	-1.915674	2.467545	1.083449	-0.444740	-0.497302	2.851591	2.454291
-1.008422	-0.782032	-1.159998	-0.519082	0.247640	-0.284894	-1.083090	2.986563	0.502584
-4.281151	0.727219	-0.374019	0.583735	-1.127935	-2.186407	-2.834455	2.381164	1.686369
-5.619978	3.679017	0.321861	1.488695	0.234223	-2.167377	-0.556501	2.280592	0.472446
-2.518204	4.828061	1.390342	0.520096	-0.625788	-1.465907	-3.704328	0.435444	-0.768485
-1.295728	6.182153	2.890322	-0.032863	-1.142767	0.962503	1.349663	-1.097281	-1.125925
1.418747	3.193793	3.364400	1.140718	-0.421916	3.057853	3.679269	0.033313	1.154924
0.193424	1.370482	3.940475	-0.718064	-1.073935	2.041541	4.007690	-0.672775	0.317662
0.257000	0.161419	2.732047	1.324991	-2.751526	2.903967	4.809223	2.158152	0.591789
0.632175	0.627207	1.497813	-0.313720	-1.838889	1.599930	4.172669	0.120692	-1.290997
-0.523950	-0.689456	-0.048226	-3.322096	-1.747324	1.219629	4.337924	1.786743	1.227905
-1.020576	2.641933	-0.293172	-0.927740	-2.748434	4.215164	2.172789	1.768102	-0.015208
-2.072304	1.693073	-1.319127	-2.500353	-0.908518	1.575734	2.319361	1.410168	1.601765
-1.291833	4.133765	1.552810	0.541164	-1.210877	2.381639	2.797839	0.543538	0.842922
-0.680065	4.344909	1.651036	0.900610	-0.866813	-0.480324	3.041822	1.774410	-0.921136
-3.115598	6.759107	2.073251	-0.162016	0.223475	-2.932953	0.494408	-0.635819	-0.276711
0.296865	7.109759	2.824254	-0.877516	-1.280716	-0.320251	-0.775804	-3.447450	-0.978303
3.269026	6.905564	2.597544	-3.019192	-0.312285	-1.920617	-2.797014	-1.835885	-1.665914
2.683083	2.808825	0.488719	-2.919444	-0.761933	-1.441753	-3.330026	-3.388027	-2.710642
3.684936	0.355040	-0.846721	-1.711973	1.432439	0.560842	-3.157639	-2.707678	-0.186490
-0.244314	-3.069488	-2.310478	0.654919	3.933130	1.191465	-2.946255	-2.456139	0.170443
-1.015968	-5.044259	-5.390553	1.806731	5.482039	0.434718	0.055424	-1.828913	0.503755
-2.674427	-7.814874	-7.790545	2.206162	5.031266	2.950598	1.333698	1.129698	-0.807953
0.135909	-11.392231	-7.820658	0.038511	4.502410	1.674505	4.564465	2.267792	0.302017
0.654340	-7.553830	-4.479791	2.861176	2.503970	2.223539	4.327824	1.763567	1.891565
-0.649934	-2.381871	-1.035546	1.273756	2.411445	-0.411501	1.801773	-1.952778	1.936290
0.510287	3.761448	2.185176	1.520550	-0.204665	-1.030415	-2.761088	-0.573146	-2.261707
0.219201	5.557527	1.281674	3.217857	-0.040061	0.555495	-2.733660	-3.462239	-0.559228
2.213609	4.289465	2.025048	3.557176	0.911456	1.370529	-4.019746	-1.752458	-0.929173
-0.083388	3.617965	1.042996	2.945705	0.731286	-2.128814	-3.600945	-3.041505	-2.087243
-2.385493	1.417625	0.788316	0.229744	0.082127	-1.566933	-1.220660	-2.018882	-1.550037
-1.422404	1.308448	-1.324391	-2.608509	-3.922020	-3.845231	-2.956490	-1.446492	-1.130757
-2.718423	1.058232	-0.625827	-6.125855	-5.561457	-4.483607	-2.244338	-4.221034	-1.489103
-1.836648	1.943479	-0.396993	-3.728794	-4.549184	-1.790562	-2.412205	-3.353413	-1.148475
-1.884582	5.106390	2.552410	-1.448429	-0.460502	-1.080596	-3.237991	-2.534428	-2.136674
-1.637122	5.517764	3.895382	-0.491759	-0.870911	-1.873111	-2.290097	-2.851982	-1.630300
0.072229	2.987302	3.189020	-0.588887	-1.120113	-2.317407	-3.136126	-2.182476	-1.950553
-1.843828	4.711004	1.025324	1.938087	-2.454707	-0.682584	-1.601776	-2.012212	-1.102835
-1.644693	4.412872	1.933994	-2.238339	-3.470894	1.379457	-1.756050	-1.052692	-1.278245
-1.898666	3.164705	-0.989772	-4.328364	-0.289975	-0.183885	-0.694449	-0.285317	-0.829683
-3.212648	2.220803	-2.267675	-3.921091	-5.059851	-2.261909	-0.105173	-0.051489	-2.535650
0.273961	-0.008232	-1.292316	-3.824221	-2.979722	-3.670918	-0.908923	0.076392	-2.076547
-0.642339	-0.247800	-2.654796	-2.557453	-3.187388	-2.539410	1.677399	-1.143477	1.128327
0.040553	0.245599	-1.982315	-1.130991	-2.839651	-2.220788	5.138993	-0.085997	1.659570
-1.163865	-1.625835	-2.067974	-1.136133	-1.028110	-0.041250	4.456658	1.056830	1.939584
-1.310892	-2.163901	-1.429175	2.255518	0.942434	0.796001	3.505293	1.638904	1.234267
-0.085829	-5.671499	-4.648419	1.937463	2.622180	-1.736033	2.492297	0.290523	1.882719
-1.951575	-6.053728	-2.402605	2.536898	3.352027	2.681545	-0.747130	-1.031914	1.687241
0.485470	-7.986488	-0.411636	2.437625	3.891476	-0.469064	-1.842490	-2.376609	3.357331
0.439504	-7.961179	1.354588	3.929442	-0.342374	-1.184661	-3.081483	-2.876363	4.602889
-0.817571	-7.308500	2.459966	2.205848	0.962477	-1.307546	-2.253609	-0.619676	2.557416
-0.920355	-5.500352	1.183498	0.114242	-0.909573	-0.745321	-0.493970	-2.984651	1.907711
-1.727050	-2.101233	0.336482	1.150024	-0.429323	0.399216	-0.219467	-1.119588	0.969474
-1.934255	-3.772743	-0.589482	-0.103308	-1.183874	1.067462	-0.627699	-1.388888	-2.012096
-0.478769	-2.226683	-1.791195	-0.895355	0.564174	-2.779382	-2.672869	-3.769852	-3.619298
-1.143194	-3.933751	-3.070459	-4.120817	-0.295880	-5.100917	-2.389275	-4.392381	-2.572833
2.188072	-1.241948	-3.723173	-4.267894	-0.328736	-3.525943	-0.248019	-2.375877	-2.549200
1.811227	1.042026	0.838461	-2.056689	0.134306	-2.580262	-2.533002	-1.705440	-1.713600
3.461373	3.703373	1.024343	-1.397401	-0.621255	-3.311672	-1.565224	-1.463971	-4.073433
2.880208	3.365292	0.226772	-1.062032	-2.094319	-2.646975	-2.555885	-0.718870	-1.079200
1.454134	2.100483	0.156447	-2.280581	-4.417586	-0.694172	-1.371287	-2.539840	-2.405900
-2.531150	1.063547	-1.087033	-1.869451	-3.530657	-3.843562	-1.643230	-3.414580	-3.288333
-2.818245	-0.389716	-1.181668	-1.702941	0.844868	-1.703547	-3.618813	-1.218191	-2.887599
-2.721549	-1.115305	-3.825759	-3.459953	-0.291211	2.225974	0.460562	0.007825	-1.351299
-0.214063	-2.518922	-2.238107	-1.673887	1.658806	0.701999	4.473895	0.867669	1.369967
0.331013	-1.956365	-0.870812	-2.527944	0.093517	3.217030	3.954785	2.442240	0.733100
-0.432320	-1.978934	-1.140675	-1.910125	-0.766276	3.849064	6.044732	3.402236	0.951299
-0.824163	0.033271	-1.608697	0.218471	-1.799675	5.684801	5.698336	3.250158	0.453865
0.085184	-1.380950	0.283321	1.698741	-0.339278	2.749942	5.248097	2.747905	2.669697
-2.949678	1.846203	-1.679420	1.693086	-0.106588	4.455685	2.628013	3.122377	2.346395
0.963451	0.767030	-0.686122	1.146005	-0.686003	4.592430	1.565085	1.815272	1.597059
0.202271	4.194432	1.948615	3.558597	2.417275	5.423877	0.849413	-1.294809	1.693090
1.628981	2.898409	1.793891	3.432961	3.191348	5.167026	-1.602705	-1.667467	3.464187
0.200982	2.044061	-0.088996	3.956997	1.881914	4.440675	-0.177767	-1.585502	3.101651
-0.424925	1.623687	-1.576046	1.570205	4.058474	1.945524	-1.330675	-2.070515	2.140081
-2.740141	-1.959812	0.171040	-0.447917	2.264027	-1.769526	-0.713229	-1.878207	-0.657823
-0.615565	-0.994035	-3.141037	-4.321568	1.531473	-3.578577	-0.492228	-2.548676	-1.627060
-0.898598	-2.786283	-2.231679	-6.130350	-4.187287	-4.725429	-3.713773	-2.918724	-1.887731
-0.584939	-1.816156	0.011014	-5.746663	-5.636854	-3.683082	-3.084064	-4.580050	-2.357235
-1.616388	-1.610654	-0.077158	-5.633808	-1.937428	-3.402637	-3.500602	-2.370855	-3.076673
0.184255	-2.145476	-2.647797	-4.177885	2.851891	-2.794995	-0.422486	-3.265940	-0.473643
4.063290	0.021278	-0.733402	-2.140594	2.854302	-1.450355	-2.205216	-0.798804	-2.800047
4.112118	0.177607	-1.590673	-2.478237	-0.755493	-0.477818	-1.536793	-2.914046	-0.886784
1.036039	-0.447289	0.305288	2.212487	-0.113096	0.184515	0.863284	-3.070569	-1.235753
-0.340047	0.658992	-0.216219	2.312877	0.537394	-0.634156	-1.124686	-1.183370	-0.379255
-3.077141	1.042647	-0.970993	1.753532	1.289577	2.465769	0.225998	-0.398551	0.439110
-3.874341	0.993579	-0.277437	4.342052	0.621452	2.557089	0.205935	-0.928112	1.286842
-3.722547	-0.546214	-1.659049	3.524436	-0.395080	3.696203	-0.410875	-2.043251	-0.369758
-0.516860	0.037569	0.002270	1.927784	-1.705019	2.667911	0.931669	-2.326870	-0.268290
-0.890978	1.069128	-0.393781	-0.621505	-0.622665	-1.203586	-0.016233	2.127632	-0.015054
-1.401602	3.681562	0.609798	2.013069	0.646181	1.651709	-0.332882	4.119855	1.219950
-0.788232	4.261772	4.060907	2.229206	-0.511880	0.262297	0.942522	3.793299	-2.529977
-0.551068	2.178558	1.174945	3.184105	-0.051348	0.225578	-4.209519	4.087064	0.887464
0.099792	1.410920	1.292913	4.290865	0.720676	-1.438950	-0.628106	2.194451	1.133873
-1.053853	2.588157	-0.661591	0.908387	-0.879507	-0.349086	-1.865339	-0.675240	1.989752
-0.349103	-0.560730	1.080234	-3.346431	-0.903197	2.730168	-1.356518	0.585091	3.220499
-0.640357	-0.808342	-0.189913	-3.468089	0.812406	3.517913	0.870357	-4.000956	3.026916
0.886385	-4.105379	1.416468	-4.661686	-0.394598	4.429249	-1.263912	-2.603380	1.010902
0.746023	-2.737139	0.931777	-3.956225	-0.201309	2.076473	-0.032727	-0.562582	1.905257
-1.468843	-0.226025	-1.553187	-4.417504	-2.503727	0.833187	0.161013	-0.077560	0.180283
-0.722412	-1.774035	-0.174723	-2.714824	-2.564451	-1.201711	-0.690391	-2.334314	0.832279
-0.190184	1.463630	-0.198031	-2.565087	-4.494383	-3.802321	-2.115739	-1.856545	-2.223355
0.644741	2.297571	-1.908613	-2.496692	-5.411821	-3.436744	-1.456932	0.502949	-3.425518
0.208963	1.368286	1.190832	-1.906639	-1.912666	-0.736579	-2.242468	-2.306832	-2.209211
0.844083	1.835677	-0.669097	0.703071	-1.555117	1.235472	-1.128748	1.179212	0.530968
-0.380400	1.050942	-1.391998	1.755537	0.315025	2.266009	-0.503771	5.819182	0.750118
-1.753584	-0.007218	-1.356074	3.888460	0.587960	0.418631	0.309163	4.258079	0.732340
-2.349970	-1.035603	-0.515423	4.366439	0.190790	1.128238	0.395255	4.045902	2.972533
0.773443	-1.762513	-3.928846	3.926472	1.610913	-1.178270	-2.721795	4.262652	-0.229301
-0.215846	-0.091749	-1.613243	1.167661	-0.956270	-2.561394	-3.316287	2.797230	-0.480263
-1.195635	-2.512911	0.461586	-2.162895	-2.964159	1.052665	-2.802620	0.486436	-1.979153
-0.251826	-0.323998	-0.477160	-3.929797	2.195647	1.694007	-2.314093	-1.131329	-2.127369
1.006083	0.406089	2.324221	-3.382546	-0.029654	2.824831	0.208892	-2.442764	-0.593012
-0.046308	4.368450	0.454027	-2.223940	-0.588960	5.490037	0.745138	-1.635669	1.312118
-0.333099	3.942584	0.644358	3.878318	0.490628	4.541224	2.051444	-3.687644	1.754822
-1.115290	4.962693	1.591815	3.169129	-0.766490	2.438191	4.197611	1.035813	1.979900
-2.922581	2.265275	-0.639002	3.042992	-1.592513	2.477839	5.885440	2.004501	1.680653
-2.769772	2.347831	-1.436094	1.169207	-2.304642	-1.433534	3.756230	2.865623	-1.458620
-0.378862	0.658760	-3.640860	-1.040326	-1.725376	-3.360228	6.160083	3.520677	0.015382
0.393750	3.611662	0.070999	-2.283908	-2.336515	-2.769644	1.251899	0.097965	-3.099440
6.239562	5.404437	-0.911817	-1.126739	-3.177059	-1.968182	0.687178	-1.081612	0.348913
6.110675	5.021985	0.985693	-2.558820	-2.225508	-2.660743	-2.304580	-2.088055	-1.322458
3.957790	4.072505	1.854728	3.805148	-0.639063	-0.663427	-1.749772	-1.748361	-1.626552
8.232206	5.252498	3.301389	2.914167	1.186478	-1.150036	-3.141400	-1.618131	0.254529
4.783624	5.314464	2.442275	2.968135	-0.551987	1.636031	-0.502962	-0.913363	-1.251912
5.668044	5.948001	3.191887	0.557751	2.728544	-0.600228	2.484542	-1.707758	-0.815576
3.507466	2.768211	3.551224	3.226415	3.666970	-1.270312	4.064012	1.110086	-0.725762
-1.344111	-1.901108	2.966587	0.606028	2.796591	0.239476	4.384750	1.987870	-1.531371
-4.004985	-4.226055	2.811775	4.560188	2.878208	0.135638	0.780656	4.197793	-1.910701
-4.860056	-7.202931	4.078689	5.231595	2.956320	2.064672	0.397030	2.637058	-0.489653
-4.248726	-6.667836	3.385428	5.702148	0.764527	1.264977	-1.756827	1.516163	0.374374
-0.896393	-5.044070	1.628094	3.466648	1.863030	-0.303247	-1.605514	-1.937388	-0.528519
4.275843	-2.642633	0.099885	4.851193	1.356428	1.102699	-1.729731	-2.445797	0.362966
6.221981	-0.644825	0.546002	3.882884	2.645921	-1.228886	-3.474277	-5.355262	0.341032
4.761821	1.018653	-1.042355	2.453119	1.984310	2.511599	-0.832652	-1.359283	0.501078
0.891365	-1.861300	0.276314	4.004999	3.450794	0.548451	-1.198854	-0.564658	0.313705
-2.831189	-2.948582	-1.623890	3.335923	3.462874	1.235571	-0.302084	-1.758688	-0.344388
-0.237241	-2.202895	2.108231	3.152490	4.957548	0.708058	-2.549940	1.059630	1.736601
-1.433889	-4.459638	-1.723321	4.217000	4.356719	1.899511	-0.004022	1.330394	-0.904229
0.098765	-8.231612	-2.249647	1.392453	6.621184	-1.740971	-0.216629	4.562307	0.355924
-0.823179	-9.150418	-2.971446	-2.031152	2.527045	0.776811	-2.620961	3.781169	0.262859
-1.175620	-10.693355	-5.394918	-2.336816	2.927301	-2.888242	-1.018417	1.553680	-2.118824
-2.788658	-10.843923	-5.588664	-8.045539	2.477952	-3.452232	-3.410896	-3.651558	-1.962523
-2.259594	-11.485724	-5.143182	-8.355822	2.793699	-3.466860	-3.561198	-4.844045	-0.633140
-0.466628	-9.150357	-2.887474	-7.194664	0.961240	-3.854325	-2.703321	-2.812280	-1.181672
1.922741	-4.199022	-2.581539	-4.831067	0.576176	-2.007230	-0.442365	-3.479463	-2.937820
6.804012	-0.222020	0.108424	-0.050632	-0.790793	-3.711575	-1.678231	-2.225593	-2.050984
4.155484	3.209048	2.191913	-1.237357	-0.884967	-1.589360	-3.334615	-2.094268	0.370537
4.789559	3.825984	2.506231	-0.196645	-3.528047	-1.238586	-2.020519	-1.524489	2.879944
5.285035	7.596485	0.845976	-0.813496	-1.848932	-0.918854	-0.216042	-1.461255	3.315635
5.866913	7.942352	2.394148	-0.353910	0.024477	0.427036	1.641818	1.072836	1.071013
3.198092	7.243285	2.975249	-0.059788	-1.084920	4.098281	1.745561	0.150583	1.023177
0.187072	5.485183	3.834177	-0.376630	-1.643122	1.456483	0.975688	-0.762413	0.507228
-2.913447	4.676346	1.311034	-0.795737	-1.530931	0.416440	-0.160501	-0.680950	-0.946434
-5.134265	5.188674	1.630718	-3.462310	0.474054	-1.207450	-3.065005	-1.462729	-2.195109
-5.208583	0.980865	-2.054568	-3.520649	1.646232	0.165115	-0.542223	1.614752	-1.480496
-4.464101	-2.858679	-1.143227	-4.670155	2.968104	0.286132	2.480246	1.857093	-1.915095
-0.875019	-4.402261	-4.090757	-3.296228	3.240469	-1.161500	2.884201	2.364294	-1.600605
-0.944238	-5.612679	-4.594958	-4.321669	4.887026	-1.429080	3.510745	0.339057	-0.058627
0.766243	-8.140535	-4.973730	-0.762979	3.492176	-1.206310	0.562178	0.218982	-2.293559
-0.841478	-7.191528	-3.903073	-5.720359	1.460319	-1.709490	-0.042201	-1.107731	-2.197002
-2.460400	-6.212460	-4.444288	-2.880208	0.675654	-3.473521	-1.435589	-2.491481	-1.871055
-0.838824	-4.566430	-3.703872	0.185173	0.235480	-1.334905	-3.768586	-1.984267	-1.455018
-1.874851	-1.997040	-0.084528	1.905282	-1.623201	-1.765342	-2.211092	-2.105189	-0.364390
-1.319380	1.084410	0.184446	0.731619	-2.232292	-1.877232	-2.375506	-1.121346	1.896429
-1.822412	-0.713079	-1.071851	-0.062117	-2.783091	-2.816577	-1.077727	-3.817838	1.214640
1.141852	-0.516009	-1.559517	-3.473626	-4.016200	-2.092977	-1.713254	-1.818463	-0.372858
-2.598688	1.901720	1.014746	-0.886708	-0.184218	-1.559833	-0.912487	1.359777	-1.384263
-0.785532	-0.070993	-1.712361	1.805834	-0.436446	-1.196646	3.850875	2.428285	-2.815576
1.012218	1.028852	-1.254638	3.408901	1.687515	1.496683	3.475733	2.476160	-1.250997
2.576563	1.373954	-2.114685	4.625493	0.778666	0.760453	6.299287	4.611403	-1.060024
3.496802	5.236513	1.503499	4.054807	0.975207	0.033765	4.511238	5.275914	-1.956657
5.689334	4.375229	0.939913	2.275344	0.573535	-2.001185	2.458887	3.222794	0.786603
5.782959	4.581700	2.567157	1.484602	-0.579048	0.460205	1.594635	0.369244	0.467958
5.762776	4.625125	0.369632	-1.412118	-3.390343	0.621233	2.297781	3.300363	0.701308
2.217585	3.276406	1.238238	-0.623518	-0.195050	0.113498	4.629627	1.582452	4.633452
2.146884	3.512840	0.763174	-2.470099	-1.932771	-0.637500	3.090574	2.189312	3.718892
2.414674	2.640227	0.405442	-0.618461	-1.033205	0.127437	2.889222	2.025943	3.895028
2.058954	1.556766	0.092040	-0.458005	-1.738452	-0.942091	2.822572	3.313145	2.751159
0.326223	2.960858	-0.597730	0.155668	-2.124814	-1.028285	0.866624	1.345219	2.975787
-0.978720	2.175300	-1.921470	-1.041542	-2.867990	-2.815946	-0.811821	-0.630536	3.307612
-2.568875	0.519092	0.024422	-1.805537	-2.608381	-0.444074	-2.236361	-2.017518	4.425135
-1.301444	2.191435	-0.275855	-3.305317	-1.931988	0.148729	-3.501198	-2.793627	2.538854
-2.980326	0.076926	1.793300	0.317617	-3.019911	0.552762	-2.345529	-2.177364	2.894072
-3.401723	-1.488335	0.712185	-0.489735	-1.693051	0.785726	-0.769155	-2.144128	0.914387
-0.918835	-0.091049	2.738603	-0.617075	-0.036207	2.559718	-1.121475	-0.862418	-0.394598
-0.921163	0.982384	3.131152	1.155396	-1.942681	1.868039	-1.627287	-0.728334	-1.421585
-0.768309	0.900662	1.595232	-1.524822	-1.642773	0.127587	-0.785192	-1.656977	-0.691273
-0.088872	1.870785	0.270144	-3.377030	-4.663783	0.019662	1.561111	-1.149645	-2.883261
-2.457253	-0.530048	-0.755212	-4.967028	-3.355012	-0.858338	-2.201077	-2.099240	-3.253449
-2.313754	1.188562	-0.890636	-0.913919	-3.006461	-1.962513	-2.694156	-2.412560	-0.953437
-1.027676	2.168214	-0.149629	-2.236001	-2.936130	-3.496563	-2.935825	-0.494105	-2.020924
-1.072218	4.705807	0.570310	-1.046378	-2.275819	1.207009	-0.173683	-3.110776	1.231690
-0.167683	6.862040	3.670881	0.340652	-0.444830	3.479305	2.355769	0.518928	0.512105
-0.224770	5.989312	2.768084	1.440386	2.097437	4.478921	3.979734	1.797607	2.674922
0.225319	6.240623	1.081918	-0.403875	2.170883	2.602759	1.158110	0.668561	4.877341
-0.071117	1.832870	-0.208915	-0.302633	1.016005	2.931017	1.483900	-1.379210	3.557062
0.436621	-0.424046	0.168683	2.705711	2.689204	0.517893	-0.837098	-2.265606	1.487485
-0.610268	-3.177128	-1.069786	4.539357	3.571279	1.371789	-1.666582	-1.271727	2.308312
-1.747484	-4.719076	-0.819724	5.218503	1.126730	1.612402	-1.123451	1.208727	1.104242
-3.503129	-6.576291	-0.977230	5.004249	2.257455	1.669131	3.321595	2.822657	2.804176
-0.425303	-5.568575	0.653896	4.109695	-0.305545	1.081577	1.939256	4.037161	2.700113
-0.492308	-2.933728	-1.828346	1.742038	-1.061372	-0.472962	0.257232	4.796041	2.369655
-2.226345	-2.459153	-3.480556	0.940178	0.253174	-0.895786	-1.731675	2.123995	-1.637499
0.929986	2.087451	-2.156735	-1.437185	0.315993	1.397903	-3.338365	1.347024	-1.205748
-0.382217	-2.436119	-1.398182	-3.997953	0.315784	-4.400495	-2.047737	-0.450872	-2.693791
2.178746	1.246936	-0.806197	-5.128226	-1.483854	-3.772080	-1.834993	-1.263393	-3.457029
-1.444728	0.471515	0.019220	-2.918805	-2.222921	-2.526455	-3.624130	-3.305040	-3.487662
-0.095838	-1.032683	-0.656132	-3.041392	-2.828319	-1.636619	-2.023948	-4.469013	-2.431388
-2.648686	-0.156860	-0.811152	-3.846986	-2.135147	-2.039172	-0.851847	-2.320011	-3.564707
-0.750273	1.764182	-1.314540	-1.049890	-3.167206	-3.097217	-1.927927	-1.939836	-1.552220
0.458700	4.478143	0.340303	-0.399403	-0.741497	-1.905954	0.048613	-1.905487	-3.767026
-1.915268	3.957821	2.237277	0.712173	0.357180	-1.150182	1.823573	0.848536	-0.443024
-1.795378	4.918714	3.789183	1.006338	1.115523	-1.285705	4.649954	0.870032	0.118385
-0.487732	2.686121	4.998420	0.821690	0.054833	2.271480	5.510956	0.139201	-0.977798
-0.633630	1.363640	4.058088	0.819429	1.806009	1.561269	6.307579	2.305342	0.179527
-1.101374	0.789669	5.347487	0.965654	0.860850	3.174863	3.845624	1.874156	0.911061
-1.141664	-1.654392	4.009617	-0.522136	0.458555	1.735461	-0.495408	0.979042	0.251004
-0.584603	-0.883846	3.281478	-1.109942	0.674824	-1.869238	-3.722619	-1.421500	-1.544944
-1.208990	0.746705	-1.225630	-5.498165	-3.712844	-3.287034	-5.166007	-2.342071	-0.696682
-0.405927	-1.974939	-1.335407	-5.248705	-3.404949	-4.300129	-5.477272	-2.642172	-3.980811
-3.152415	-0.942882	-4.363554	-3.871463	-1.574692	-3.186822	-1.406813	-2.027001	-2.716730
-0.777356	0.386476	-3.152371	-0.750141	-2.171273	-0.969116	0.806669	-1.672461	-0.387339
-1.109350	0.509632	-1.839357	1.496962	0.729706	1.039091	5.449374	3.195349	-1.446137
0.392201	3.925985	-2.408313	3.342243	0.502746	-1.155404	4.613804	2.088128	-2.366825
-0.738804	4.376633	0.672761	2.387203	-0.103155	-0.440800	3.533759	3.130276	-2.476901
-0.042065	2.926774	0.869565	1.062840	0.223103	-0.918099	1.019737	-0.915308	-0.257766
-0.577784	2.805405	1.830499	-3.317846	-2.625680	-3.217201	-2.139759	-1.678624	-2.762619
0.360037	2.745726	-2.335838	-4.174857	-2.495306	-1.639406	-2.991631	-3.276674	-1.450961
-0.127702	0.305633	-1.419245	-4.623692	-4.711474	-3.608716	-5.548377	-3.220756	-1.128590
-1.154603	1.483425	-4.209224	-2.746454	0.323115	-1.665731	-2.210798	3.030627	-1.059607
-2.706866	0.391900	-3.353372	1.431958	-1.109741	-2.317552	-0.351494	3.107476	2.160688
-0.207493	-0.531545	-2.124492	3.579643	0.121259	-0.228379	1.027136	2.589390	3.272197
-0.695784	-2.942711	-3.802884	2.163599	2.405115	0.828386	1.970292	4.050168	2.757019
1.459358	-1.026501	-1.332046	4.129927	1.829724	1.841344	3.448074	1.836809	3.922354
3.233133	1.556383	-1.399581	1.355924	1.457888	0.919294	3.810182	1.124613	1.846702
4.076740	0.401239	-0.274787	-0.718809	-0.150495	3.441235	2.607216	1.994180	3.288665
1.200077	2.103864	0.029635	-2.161773	-2.737226	2.147766	-0.777524	-0.893892	0.296942
-0.686356	2.030656	-1.427015	-2.020670	-1.265404	0.360387	5.084662	0.387897	0.641133
-1.921360	-0.484487	-3.479638	-2.678899	-2.319830	-0.555703	0.619675	3.456746	1.161538
-4.186138	1.060133	-1.315533	-2.662762	-2.544905	-3.429504	1.592914	0.360254	1.826759
-4.048889	-1.327788	-1.999501	-3.484259	0.578371	-3.588317	-0.636221	1.542621	3.208794
-2.084315	-0.101551	-3.323643	-2.927591	2.345797	-4.238543	-1.299229	-1.307655	1.246945
-0.176717	-4.359160	-4.811457	-5.376759	2.400373	-1.981082	-2.147511	-2.939973	0.724212
-0.303396	-3.864816	-2.893545	-4.939863	3.103898	1.459966	-3.633766	-0.818035	-1.457706
-1.469354	-7.966722	0.291393	-2.789005	4.476672	1.955198	-0.670095	-2.073342	-0.874508
-0.001990	-10.377381	-0.057643	-0.427884	4.765794	3.283016	2.114402	-0.299295	0.493506
-1.243407	-12.743695	3.140847	2.109197	2.412964	2.897518	1.383525	-0.503394	2.013437
-1.410705	-9.801368	3.754263	0.752340	4.062882	1.836105	0.396275	-1.460740	1.410884
-0.991685	-12.584501	3.677304	1.792143	4.880447	1.582574	-0.080450	-0.165135	0.613548
-1.385648	-11.375098	3.442469	1.677105	3.197158	1.605626	0.986752	-1.361878	-0.919671
-0.288596	-10.442261	1.092360	1.448626	1.472416	0.276461	-3.142421	-1.073572	0.788327
-0.072129	-5.295494	0.219875	1.416506	-1.082681	-0.964623	-0.512968	0.217784	-0.193857
4.853251	-1.846798	4.256714	3.044342	-1.288632	2.756274	-1.284389	0.614687	-1.941124
5.184345	-0.954478	3.169077	4.208636	0.720062	4.652051	1.256715	1.827638	0.745527
3.829050	-0.281935	3.603964	5.025686	1.575400	4.364209	-0.476456	0.156435	0.483196
0.744566	0.726527	3.875474	2.865492	1.956783	1.497046	-0.471302	-0.599224	-0.606616
0.327192	-2.375595	2.035707	3.467652	0.440710	1.596462	1.297178	-2.519338	0.452190
-1.903873	-3.202803	2.432963	2.713668	0.431880	-1.348944	-0.900719	-2.521809	-1.584486
-2.810030	-5.113801	0.728742	3.930137	0.869693	-1.467072	-2.546891	-4.270039	-1.417843
-0.806980	-4.090892	-2.196858	1.247560	1.261150	1.097878	1.526562	-0.338427	-1.455281
3.104377	-2.950279	-0.257335	2.288335	2.401349	-0.006196	-0.780562	-1.530376	-0.221199
0.843239	-1.890065	-2.672891	1.740463	-0.197109	-1.134993	-2.850763	-1.743186	-2.816299
1.005506	-1.278653	0.034575	-2.188257	-2.194225	1.741185	-0.738540	-0.205358	-1.896379
-2.056623	-0.963047	-2.997139	-2.916126	-3.921500	0.001938	-0.508894	-1.777194	-0.040839
-2.444849	0.653851	-1.466732	-5.426244	-2.686833	1.626766	-1.835725	-2.089695	-1.329179
-2.780472	0.854536	-1.866504	-4.636212	-3.948724	-2.225131	-2.000434	-3.952462	-2.355500
-3.732595	0.445507	-2.223257	-4.249230	-1.932375	-2.245655	-1.195922	-2.415995	-0.625800
-2.596816	5.414459	1.128210	-1.402899	-0.832684	-3.598906	-0.854887	-2.432897	-0.716080
0.831063	5.438289	-0.151103	-1.550818	-2.140453	-1.097184	-0.206631	-0.456469	0.572261
-0.106959	4.334594	1.379602	0.389210	-1.489382	-1.413890	-1.856055	-1.689311	1.556122
4.124318	4.189270	2.531027	1.366487	0.473130	-0.431724	-3.028558	-4.239725	2.389605
6.103693	3.902115	0.956869	2.710812	0.558782	0.249813	-0.986241	-2.814312	1.221608
5.715365	5.493224	0.189930	3.868683	2.144974	-0.217379	-0.716905	-0.281573	3.585632
4.634634	4.561693	-0.476692	0.218701	-2.408394	-0.352201	1.659350	1.111090	1.851578
3.007300	-0.299379	0.421403	-1.273934	-1.457822	-3.426153	3.717224	2.379675	2.603245
-1.459340	0.317602	-3.809785	-3.340823	-2.841111	-4.091837	0.877716	-0.849117	2.355734
-4.877084	-2.519366	-0.467156	-3.311667	-1.140861	-2.762151	2.190826	1.829211	1.037144
-5.833733	0.322413	-1.069711	-2.132865	-1.754371	-2.858597	-1.479347	-0.783242	1.039677
-2.006689	-1.803865	-1.579850	-2.014318	-0.767842	-1.018176	0.012696	-2.710277	0.726131
-1.958251	-0.179603	-1.917573	-1.888626	-1.245573	-1.250087	-0.537144	2.748605	0.709508
0.021480	-0.759305	0.266419	-0.567691	-0.226466	0.047768	-4.085670	1.386401	-2.065093
2.270403	2.728825	0.976725	2.108189	0.800281	0.213990	-0.210480	4.226812	-2.788571
3.144018	3.031484	1.037746	2.721213	0.474667	-0.643423	-1.876776	2.353134	-2.117527
5.364826	5.186168	-0.167620	5.633080	1.507391	-0.060070	-1.591558	2.408568	-0.486960
6.523624	3.958973	-0.441471	1.801490	0.452355	-0.784652	1.220673	-0.369889	0.105030
6.695514	4.614895	1.100690	2.873843	0.133658	1.307029	0.284316	-0.373838	-2.280257
4.886994	5.182232	-0.248836	2.248839	1.817899	-0.844125	0.083572	-0.874480	-1.599021
2.959264	2.837778	-2.732749	0.841377	-0.307320	0.180684	-0.848762	1.235284	-3.209162
1.277325	2.143930	-1.650850	0.545158	0.442300	0.916955	-0.383585	2.483651	-1.165079
-3.277125	1.869385	1.459461	-0.873120	1.294659	1.861089	0.930102	2.084020	-2.169973
-4.749585	3.987538	4.049383	3.447945	0.568457	4.887685	1.409697	2.506691	-0.594443
-5.760655	1.052786	3.732915	1.100851	0.848995	4.483042	1.939902	2.109060	1.343911
-1.945437	4.236225	3.468158	1.506998	1.140171	4.659060	2.175214	0.072328	2.164388
-0.891229	1.534951	0.735412	-0.410713	1.978087	4.150938	1.564833	1.916492	0.632990
-0.562833	2.013559	1.318875	0.010717	0.147443	0.744975	0.704458	1.941151	1.090016
