X1	X2	X3	X4	X5	X6	X7	X8	X9
-1.562772	2.272406	-1.469617	-1.822792	-3.433144	-1.537153	-0.294383	-4.450949	-2.347399
-1.644867	1.064333	-1.353345	-3.015445	-0.982631	-2.446645	-1.378057	0.261479	-2.639748
-0.161221	-0.301353	-1.306778	-2.189828	-1.502072	-1.374810	1.628822	-1.806075	-1.164810
0.006868	-0.779550	-2.322815	-3.129340	-1.466967	-2.045248	-2.314548	-4.607112	-3.215287
-0.688003	0.119943	-0.486054	-3.442183	0.874885	-0.936760	0.515835	-3.013232	-1.613779
-0.611432	-0.023671	-0.223895	-0.047355	0.867381	0.841654	-0.984427	-4.552535	-1.980787
0.589380	0.783309	1.651663	1.167642	-1.098878	-0.834104	-0.844235	-2.185523	-1.408813
-2.306267	1.009387	2.909522	-1.079992	-1.104994	-0.364736	-1.079187	-3.286795	-1.250158
-1.616073	1.896063	1.312183	-1.650656	-0.534266	-2.694241	-0.741382	-1.948253	-2.581622
-1.204838	0.901040	0.857846	-3.364052	-3.377697	-2.037019	-2.193920	-1.649197	-3.532507
-1.507162	1.397420	-0.817286	-0.709078	-1.757085	-2.326369	-1.582900	-1.394528	-0.042513
-1.927745	-2.361195	1.184888	0.643165	-0.182832	0.540008	-0.107820	2.839955	0.420258
-1.778588	-0.993802	3.959368	0.959977	-0.116239	1.413212	-1.072780	2.762351	0.121006
1.029311	-1.046500	1.449057	2.241257	-0.212507	0.061945	-0.926378	3.530059	-0.512669
3.443950	-0.328886	1.627056	1.673406	-0.761235	0.901806	1.713685	4.055279	0.826030
1.880431	3.182542	2.412466	3.153424	-1.271724	-0.079805	1.094511	3.517610	0.438004
2.994853	3.988687	-0.578512	2.838711	1.201924	-0.519687	2.331501	4.512753	0.826451
3.776916	2.630350	-1.887975	1.950567	-0.951191	-0.074739	3.685655	3.510706	-0.644429
4.156220	4.174933	1.029278	3.226392	-0.889069	1.173837	3.525975	4.528470	-1.406136
5.288066	4.897540	0.620048	4.387786	-1.277911	-0.513256	1.656162	3.662244	-0.108872
4.076854	4.556372	0.971937	0.791749	-0.845618	1.030180	-0.162884	4.070128	-0.432438
0.829184	2.219032	0.909147	0.471682	-1.312991	0.732747	0.636538	2.177722	-0.472633
-1.954544	0.293622	4.356979	1.168084	1.635271	1.621045	-3.296071	0.867625	-0.522059
-4.234930	-1.601756	5.370536	0.273956	0.993566	-0.773926	-3.213409	-0.180162	-0.074516
-5.371072	-1.596599	4.355918	0.563299	-0.576007	0.570636	-1.705977	-0.809140	2.034895
-4.224272	-3.135604	5.817429	3.371611	0.227553	1.540529	1.181727	-2.051309	3.125374
-2.346129	-2.225470	4.607769	3.218894	0.842744	2.813855	1.497404	-2.043869	4.425720
0.865258	-1.874494	4.763440	2.429047	1.836865	1.862114	0.422254	-0.737521	2.643433
3.120490	0.748626	-0.601555	3.755772	1.846917	5.599807	1.710579	2.152636	0.986511
3.098865	0.886893	-0.108914	2.946968	2.337898	5.322934	1.289979	2.175602	2.788256
4.732185	5.210210	0.221663	1.607736	0.472409	4.451596	1.901456	4.400577	2.148666
4.631650	1.689678	1.522880	3.998776	1.980547	2.167093	1.116909	2.583459	2.611440
4.888860	5.996101	0.974638	1.363989	0.626914	0.469026	-0.729760	0.974451	1.825879
4.940017	4.715880	2.085740	1.184675	-0.595893	-0.118405	-0.084150	2.090551	-1.294718
4.906719	4.086718	1.425687	0.758534	-0.125373	-1.221798	-3.158461	1.675359	-3.841852
5.102369	5.744318	0.906581	0.358967	-1.297127	-2.365254	-2.561691	0.780876	-3.209522
2.350565	3.683981	1.640025	0.190974	-1.039056	-3.190672	-1.017640	-1.887899	-0.313630
1.751910	1.757712	0.341721	-1.524344	-1.797260	-2.995951	-0.928507	-3.575165	3.781825
-1.177998	1.171211	-2.209830	-2.139587	-2.853540	-2.535491	-2.516891	-3.873122	4.150142
-3.460257	0.690482	-1.530724	-1.789353	-2.156797	-2.235391	-4.430991	-3.049770	3.694621
0.104333	-0.109273	-0.374060	-2.619244	-3.632630	-3.357150	-1.025307	-2.688809	1.923462
3.222573	0.708649	0.754665	-4.856758	-2.591441	-1.048468	-0.785238	-2.982839	4.208664
0.640163	3.447449	-1.192948	-2.394594	-1.882831	-1.090243	-1.327482	-4.281460	1.828827
1.311104	0.732131	-1.664995	-2.490351	-2.879699	1.894024	-1.286640	-0.740171	2.433551
-0.838104	1.840697	1.270424	0.786369	-1.259346	4.163234	1.850289	-1.667373	3.840236
-1.625059	-3.262950	2.207714	0.963969	-0.053573	6.349889	2.802007	0.366335	2.541781
-3.196563	-6.468608	4.009076	0.849550	0.810519	3.200288	3.685114	-0.532047	4.436086
-2.493513	-2.930675	3.275612	1.355210	0.936731	4.428233	3.803011	0.694882	3.977451
-2.750909	-1.396148	2.817224	1.520552	1.790760	5.284524	3.596499	-0.480779	3.431477
-0.720351	-1.625024	1.042016	0.943477	0.158708	3.678961	2.732377	0.959271	1.662062
-1.268438	0.234599	0.384389	-0.359017	0.133574	3.598847	1.602348	3.088431	0.196606
-0.095670	-3.729977	-0.947854	-0.735026	2.421056	2.181180	1.429411	4.197904	0.818710
-1.713245	-5.972348	-1.380910	0.198348	4.165255	-0.102637	-0.606532	3.460487	-3.033527
-2.031863	-8.772213	-6.937478	0.200807	3.159669	-1.721605	-2.689582	3.014983	-3.510004
-0.849424	-8.686370	-6.694554	-1.815948	4.218699	-3.386022	-3.334636	1.869891	-2.476823
-0.965127	-9.148015	-6.517137	-3.368216	3.977544	-4.476687	-2.980196	2.568811	-2.924083
-0.180371	-8.981046	-6.607024	-2.952298	2.857903	-3.908001	-0.125960	2.456144	-3.047883
-2.147455	-8.826460	-6.237112	-2.725891	4.388176	-3.757062	-1.696627	1.024391	-3.656425
-0.799279	-8.231956	-6.277599	-4.271296	2.401563	-3.505570	-3.567097	2.201251	-2.597608
-2.671742	-8.134431	-6.973682	-2.911610	1.820662	-2.769523	-3.789169	-1.032875	0.847767
-1.959443	-6.673683	-9.083559	-1.866235	2.651374	-3.760922	-3.081843	-1.135387	0.788101
-2.381782	-8.221608	-5.046528	-4.893068	2.469498	-2.346264	-3.812518	-1.409884	2.844593
-0.979958	-8.782905	-4.787885	-4.419309	3.464633	-4.402951	-2.022994	-4.540966	2.603444
-0.238970	-4.558571	-5.919529	-4.650657	3.205480	-4.938080	-3.167270	-2.153933	0.837754
-2.237618	-4.440904	-5.149357	-4.882111	2.649937	-1.711351	-2.380146	-1.810484	-1.984379
-0.456301	-0.556402	-5.521766	-2.901970	-0.676896	-0.667064	-0.705020	-3.666519	-4.876953
-0.282618	0.758138	-1.014153	0.767166	-0.892618	0.422683	1.026707	-0.849437	-2.560269
-0.066968	0.705219	-0.146317	3.108599	-0.429932	1.604590	2.644136	-2.541938	-0.938726
0.081549	3.391241	0.408945	4.147030	0.657363	2.535457	2.422167	2.422779	2.359174
-0.929766	4.226109	1.127637	4.417458	-0.409433	3.218487	4.528701	-0.030487	1.429933
-1.185112	0.610624	-2.248340	3.229586	0.604879	2.060478	2.059138	0.184265	3.118150
-2.338488	1.869688	-0.593584	4.466115	0.644998	-0.618767	-0.164522	-0.832963	-0.118575
-0.686395	0.831703	0.585409	0.976144	-3.439675	-2.227849	-0.647277	-2.638973	-2.036042
-2.536030	2.959973	1.531642	1.102975	-1.247941	0.210733	-1.704828	-2.064463	-2.670552
-1.467994	6.071498	4.073615	0.983509	-1.823701	1.079080	-2.343275	-1.772733	-1.882803
-1.913186	7.509082	4.139433	-0.148252	-0.600855	0.749894	-0.578016	-0.808083	1.071704
-0.026804	4.326826	2.268397	-1.296509	0.432597	0.039573	0.645547	-0.184612	1.778169
-0.707549	3.997132	3.664010	1.181940	1.442055	-0.250980	4.294317	-2.318719	0.401791
-1.170019	0.910304	0.931875	0.838596	1.626717	-1.953866	2.707392	-0.250305	-1.421529
0.658586	0.289142	-1.471106	-1.280941	-0.063816	-2.319883	3.151073	1.450231	-1.018291
3.308567	-0.013151	0.106870	0.788731	-0.532644	-1.072631	3.526061	1.316690	-0.684195
2.343925	2.415527	0.129304	-0.061187	-0.629569	-2.455109	4.041255	1.240872	-3.174942
3.879260	2.652878	-0.585300	-0.467595	-1.147390	-0.318018	1.770956	-0.429923	-1.831231
0.470673	0.063504	-2.367540	-2.629791	-2.726008	-1.690055	1.868564	0.482006	-1.864763
-1.999335	1.251907	-1.654614	-1.696574	-4.220723	-1.020321	-0.480221	0.334260	-2.275538
-2.053364	-0.183711	-2.333119	-2.158544	-3.472235	-0.870115	-3.833599	-1.075762	-2.494055
-3.071113	2.152453	-0.836353	-3.978100	-4.448144	-1.894136	-2.849770	-4.237459	-2.639614
-1.643781	0.039799	-1.827113	-3.391240	-2.312352	-2.925484	-3.906233	-5.575430	-3.205117
-2.562368	-1.128270	-0.314297	-0.845663	-2.026058	-1.246558	-2.004189	-3.310576	-2.749763
-0.476873	-0.228052	2.920898	-1.288970	-2.697363	-0.299258	-1.222537	-1.189495	-1.791952
1.176406	0.113655	3.954073	1.028542	-2.498966	-0.082484	-0.988678	-2.112488	-0.377483
1.652667	2.539452	5.393431	2.179674	0.188731	0.430167	-0.481111	-0.714453	0.685341
2.179912	1.336642	3.492175	1.343425	0.186029	-0.802708	-0.297036	0.261609	-0.174777
3.255643	2.640725	6.012206	3.046898	1.047127	-1.113406	-0.105555	0.811598	-1.346040
0.944058	1.668605	1.825228	1.614893	0.689625	-0.012727	-0.120966	2.711516	-1.560446
0.076059	3.925882	4.016542	0.456711	0.789123	0.487629	0.007231	4.307363	-3.111696
4.372347	6.156758	2.264650	1.801952	1.947221	2.001563	2.132335	1.353938	-0.143290
0.863322	4.604735	2.066856	2.329519	3.260817	1.914375	1.013746	2.724742	-1.427028
0.921784	3.172816	-0.036440	2.662712	-1.791587	0.770065	1.423363	-1.357524	1.043889
-1.026065	-1.748500	2.024766	2.584431	1.216108	1.922533	1.407588	-0.456160	-1.855238
-2.001026	-2.030210	1.684174	3.284479	0.014200	2.831281	-0.163881	-0.128166	0.696889
-2.562297	-2.532512	-1.336011	0.079654	-1.968508	0.499709	1.793856	0.023858	1.300472
-1.840278	-1.438606	-1.354889	-0.222040	0.613881	-0.843384	2.736700	2.233613	1.797509
-1.967169	-2.334688	-1.143157	0.773596	2.033368	-1.415597	0.153849	2.333898	0.032201
-1.072768	-7.212859	-2.188114	-1.343537	2.704252	-0.925129	-2.610296	2.722115	1.499946
1.574523	-7.010617	-6.331056	0.710462	2.844534	-0.890780	-1.488036	3.759564	-1.001354
-1.271293	-7.935259	-5.262983	-1.434506	1.019413	-2.829151	-0.464871	2.538744	-1.009801
1.634183	-6.807685	-8.186492	-3.433140	2.258989	-3.774340	-1.976501	0.537856	-3.929395
1.160852	-2.050794	-6.000381	-2.500239	2.166261	-2.920048	-1.595227	-1.989300	-4.021035
3.937015	0.039417	-3.181848	-3.444902	2.137230	-0.778474	0.110650	-2.741324	-5.607223
1.453671	3.551648	-3.457192	-1.138629	-0.067105	4.045681	3.040931	-0.428415	0.345941
0.022222	-0.175000	-2.298410	0.813781	-2.050243	4.071318	3.099015	2.343527	2.172357
-3.121533	-0.020824	0.540000	3.505329	-1.152386	5.531937	5.800401	2.906201	5.698124
-1.350592	-1.320125	2.491338	2.512716	-2.073734	3.002539	6.027590	2.139908	4.289443
-3.157056	-0.933000	-1.187092	0.720843	-2.889585	3.089323	6.776879	2.724548	2.258313
-1.076724	-0.662649	-0.786990	-0.139190	-1.583842	2.836989	4.775870	1.071421	0.846033
1.232905	-1.287670	-0.097953	0.022619	0.284596	2.488837	2.428461	0.367827	0.367403
0.515830	-3.224062	-2.560980	-1.254631	1.516229	0.978868	0.369651	-0.048933	-0.907878
0.896652	-2.600625	-2.456869	-3.687938	3.796357	-1.161919	-2.162659	-1.838561	2.986791
-0.344329	-2.322057	-3.349819	-3.561101	5.219279	-4.215523	-3.433371	-2.793155	4.303408
-1.480312	-1.171357	-2.974628	-3.802421	2.555896	-1.559545	-5.130485	-2.311715	4.420873
0.300703	3.087276	0.886306	1.118405	4.105906	-1.619484	-1.654102	-3.778143	2.396185
-1.181984	2.069242	2.612484	-1.143024	2.830810	-0.097942	-0.623122	-2.736337	1.966345
-2.235972	3.307444	0.371508	-1.173207	4.166808	2.694983	-1.847747	-0.905998	-0.736148
0.746739	2.827481	2.095479	-2.528843	3.740799	4.352190	-0.534976	1.752775	-0.643196
-0.796052	2.054454	1.949398	-0.938332	0.928684	1.493079	-0.625112	1.094480	-1.600198
-1.865643	1.279365	-0.825633	0.351027	2.474861	2.956749	0.884146	2.068819	-0.651655
-1.716434	-0.871687	-1.880612	2.140435	-0.340968	2.387801	2.169997	0.191590	1.559032
-0.301826	-3.114999	-1.859639	0.824592	-0.695406	0.378134	2.140339	0.609394	5.135264
-0.674319	0.926928	-1.515513	0.354499	-2.529050	-0.462251	-0.437527	0.780230	3.947238
-1.794411	0.070196	-1.842331	-0.577443	-2.713203	-1.432756	1.653996	-0.275601	4.172655
-1.490903	0.080405	2.912408	-0.800035	-0.947063	-2.186080	1.720009	-0.108399	3.603213
0.827706	2.470055	3.971203	0.438925	-1.826132	0.944976	-0.353490	-2.808666	4.030113
3.353115	2.735248	2.098157	1.889736	-1.097409	-1.137888	-1.907602	-2.114501	2.606754
4.229124	2.043684	4.619771	0.229900	-2.506195	0.283327	-0.984727	-0.644105	-1.047166
1.895534	2.494863	5.496346	0.753317	-0.934690	2.045622	-0.914467	-0.103278	0.052254
1.831845	2.048086	6.108082	1.188988	1.269106	2.382496	2.980577	-0.573819	4.047712
-0.153244	-0.473446	3.944781	0.474012	-0.191308	3.586948	3.116205	0.016570	6.497009
1.717968	-0.792133	4.783543	2.162290	-0.020531	3.284879	3.169015	-0.436511	6.128642
2.696782	2.662625	4.476170	-1.289878	-0.338064	2.595586	2.169906	1.261538	1.743712
3.638896	2.859430	4.183863	1.393610	-0.475807	2.160271	2.007278	0.324217	1.787417
3.874510	3.249681	3.595621	0.173253	-1.715460	0.081033	-2.643071	-0.735675	-3.641743
1.648826	1.420878	2.590047	0.953151	-2.721224	-1.572729	-3.233443	-1.847939	-6.597568
-0.048357	-1.209677	0.942440	-2.803095	-0.286199	1.106384	-1.238137	-1.846374	-3.798860
-4.193440	-1.365085	-0.385099	1.167915	-0.588385	2.503272	0.800744	1.149418	-1.345020
0.670578	0.901355	-0.846368	3.713182	-0.455783	3.928435	1.906500	-1.677562	2.944152
3.356597	4.092943	-0.238068	4.110706	2.914108	3.894572	2.713329	0.035784	3.866655
2.731416	4.369179	0.402803	4.158586	2.958186	3.706982	3.722530	3.286457	3.322889
3.327436	4.143164	0.050844	3.438823	3.115252	3.552064	1.548502	0.517455	2.183651
-0.774444	0.733297	-1.085544	2.064918	2.526006	0.553919	2.222444	0.392278	0.726442
-1.815624	-4.403221	-1.058560	1.040970	2.793646	-0.794256	-1.439846	-1.047974	-1.335139
-3.512804	-4.632090	-2.256304	-0.606420	3.871573	-2.973959	-1.469868	0.060998	-4.371793
-2.196384	-3.216710	-3.468275	0.703648	2.656787	-1.802093	-4.396325	5.160093	-4.059522
-1.863264	0.058520	-2.630374	0.451473	1.509786	-0.755158	-0.978917	3.442011	-4.111825
-0.619745	2.391798	-2.031299	-2.556444	1.261771	-1.692355	3.230454	1.085950	-1.647004
-1.248426	1.504426	-2.647051	-1.690403	-0.523759	-2.996983	2.641187	2.067611	-2.180360
0.535391	-0.214096	-0.958330	-2.850804	-1.473003	-2.122346	2.567680	0.084093	0.248806
2.170308	-0.362970	0.482865	-0.888946	-0.826464	-2.004942	2.133533	1.859494	1.080494
5.323223	1.649206	2.054534	0.193069	-0.929640	1.137627	2.130043	1.552814	2.269403
4.057636	1.645432	4.322477	1.715641	-1.634033	1.179061	2.256410	2.129553	4.595531
6.110148	4.597906	2.863594	3.118172	-0.503042	-0.217743	0.939232	0.070509	3.080478
6.165557	3.030430	4.930984	-1.168439	0.066832	-1.501883	-4.035492	-0.716318	2.809943
2.986263	1.331302	3.959049	0.477407	-0.818013	-2.531162	-2.250564	-1.315229	-1.188475
-1.979133	0.363424	1.838987	-2.130689	-1.307675	-2.600281	-3.919285	-1.946426	-3.876977
-4.315933	2.192694	-0.018001	-2.728028	-0.544856	-2.238739	-1.739557	-2.652708	-6.301664
-5.973636	3.625412	-0.772915	-2.431509	-0.693655	-1.402039	-0.365482	-3.903077	-4.025537
-3.690643	5.713379	1.990544	-0.631134	-0.702475	0.099419	1.190141	-1.547934	-4.163797
-1.362454	5.578694	3.705276	1.304098	-0.167814	1.469234	-0.157792	-0.736079	-0.017444
-0.324170	5.218057	3.607181	0.968587	-0.144074	0.561905	-1.559382	3.141086	2.290720
0.075709	4.113368	3.166459	2.461132	-1.046255	0.132431	-1.135129	3.894961	1.826094
0.367082	4.314526	3.214808	2.509534	-1.617757	0.064510	2.085364	2.693744	-1.335322
0.583750	1.693031	2.895230	-0.141309	-0.986182	0.719543	3.058796	1.682735	0.412671
1.550911	-1.318917	0.450423	2.367003	-0.300630	2.098227	3.578865	2.124533	-0.132229
4.829566	-0.096419	-0.402314	3.732171	0.139099	3.765762	2.198370	3.118336	1.776377
4.635314	1.432826	2.849020	4.801393	1.377804	5.495946	3.541609	2.733643	2.816090
3.725053	1.086216	0.929624	2.205369	1.854785	6.176079	2.530081	4.026554	3.800407
0.488985	1.959851	2.123297	1.326299	0.799540	3.067460	2.701685	2.229368	2.946928
-1.677392	0.419331	2.093439	-0.160017	-1.372931	4.533186	0.633018	2.505282	3.486452
-2.708178	1.140756	1.875248	1.496320	-2.218828	2.154358	0.787379	1.320897	4.607677
-4.669073	1.917825	3.679725	2.178309	1.436248	3.689974	1.529067	3.063711	3.514204
-1.675779	3.290738	2.351668	0.850450	-2.135204	2.330633	-0.548320	-1.537677	3.830131
0.389705	2.550093	1.863178	-0.923757	-1.258085	-1.037867	-2.110483	-1.333268	2.260957
0.940677	0.774292	1.892152	-1.331113	-2.569796	-2.508025	-1.287725	-0.442364	0.264882
0.107038	-0.405568	1.433190	0.561280	-0.964136	0.706155	-0.471547	-0.621565	-0.163496
-0.071613	-1.179485	1.562791	-0.501176	-1.697807	-1.026126	0.488251	-1.490973	2.067222
0.573823	0.351438	0.490255	0.929117	-0.154110	-1.696571	1.452265	0.216212	1.323235
1.799745	0.436903	0.511580	-1.228442	1.503454	-0.605280	-2.591105	-0.236013	-2.981856
3.764754	-2.970293	0.084365	-0.857953	0.380386	1.840346	0.033839	-0.629347	-2.152654
1.161548	-3.894649	1.145410	-0.480616	1.044483	1.416205	0.056395	0.203706	-1.374259
0.479027	-4.105966	2.352813	-0.399134	3.936546	1.185597	-0.580237	-1.988652	-1.174272
1.141390	-8.193945	1.438173	0.668395	2.250272	-0.901781	2.691439	-1.584625	-2.302394
-3.294463	-9.732386	0.066090	0.116369	2.190162	-2.050129	1.530323	-0.875213	-1.281925
-2.364532	-8.942689	-0.617639	-0.916813	2.597714	-3.687649	4.470514	0.292683	-0.083667
0.267780	-7.440756	-0.595614	-2.875052	1.106228	-2.825642	0.237509	0.889761	0.780380
-1.223325	-5.434387	-2.472536	-1.482248	-1.009997	-3.981109	-0.239793	-1.317180	1.336314
0.550551	0.832617	-6.075106	-3.968102	1.612937	-1.908251	-2.526094	2.856059	1.191935
-1.157292	-1.764544	-1.978627	-1.588115	-0.147570	-0.467970	-3.013894	3.098877	0.645943
-1.048156	-0.554771	-4.565399	2.723113	0.291081	-0.818166	-1.312997	3.201672	0.043836
-1.737040	-2.238564	-3.270623	2.578180	1.135788	-0.157742	-0.998802	3.975743	0.409913
0.326555	-2.594425	-5.170901	4.890985	-1.201449	2.046501	0.784288	2.942589	-0.214826
-2.470172	-4.379954	-5.796534	4.629128	1.636169	1.292963	-0.705329	3.215808	0.097119
-0.035922	-2.482252	-4.420124	3.187807	0.599140	1.115542	0.207447	-0.163801	0.116045
-0.720795	-0.502919	-4.507472	-0.532177	-2.417336	-0.135863	-0.030687	-1.198339	0.638553
1.668108	1.649845	-2.249180	-0.683627	-3.453761	-2.249554	-0.889331	-1.949407	-3.745158
3.133487	3.566637	-2.029148	-1.122043	-2.306135	1.349068	-3.007188	-2.352107	-2.916489
4.207341	2.721458	0.149121	-2.729926	0.815740	0.664002	0.154242	-0.518240	-2.027740
0.713868	3.354806	-2.788874	-3.156178	-0.702537	-0.070453	-2.150844	-1.141408	-0.977213
0.295369	1.551982	-0.887535	-2.240998	-2.502667	0.265501	-0.134746	-2.352811	-1.572908
-2.303757	-1.395817	2.472138	1.839111	1.154749	0.852263	-0.137067	-1.699351	-0.951525
-2.928410	-3.809189	-1.843859	2.145949	1.633210	2.431032	2.094193	2.180871	1.743534
-1.481593	-3.554437	1.907574	3.426915	4.987014	1.832107	1.156531	3.018653	0.246369
-2.089104	-1.173961	1.771735	4.536807	5.016661	2.015585	0.461148	3.307694	2.189280
-1.266646	2.955239	3.185823	5.625525	3.440348	2.108667	1.530640	4.551394	-0.067834
-0.356418	4.590861	3.912635	3.023568	1.667475	1.614551	0.652507	3.275149	-0.143374
-0.277921	2.277405	3.376270	-0.057666	2.667641	-1.024765	0.603647	0.840461	-0.987940
-1.071256	-0.121531	2.358826	-0.546678	-0.271056	-2.817782	0.668660	-1.515774	-3.761933
0.034276	-1.230145	4.661602	-1.221769	1.225383	-2.133200	0.655242	0.489444	-1.232653
-2.851425	0.235559	2.672195	0.707160	-0.674544	-1.741822	-1.808005	-1.848186	-1.764401
0.500340	3.222582	4.174905	2.127708	-0.466837	1.899252	-2.770185	-2.494266	0.219023
-1.246529	3.346623	5.072229	1.490574	-1.731698	1.978820	-2.013998	-2.392497	3.486818
-0.267134	5.431781	6.445165	1.487256	0.458172	1.758381	0.731154	-0.818980	2.242583
0.090526	5.261755	2.253011	3.453153	-2.182929	0.971134	0.198270	-0.383517	1.551819
-1.227851	6.040745	4.342967	1.686465	0.822898	0.996478	-0.507551	-0.692208	-2.253076
-1.118065	4.483450	1.798829	0.588689	0.582852	0.103411	-0.809210	-1.266955	-2.250801
-1.010617	5.275368	0.740296	-0.040875	0.094331	-0.677467	-2.195209	-1.138759	-5.088057
0.771092	1.769800	0.561867	-2.017728	1.636934	2.717742	-1.013548	-1.137521	-0.940645
0.209262	-3.997556	-1.371362	-2.453372	3.407459	1.408637	2.119570	-0.778143	3.178336
1.446792	-5.311300	-2.563990	-3.232708	2.487305	-0.989883	2.369246	0.833975	2.248584
4.005282	-2.458734	-2.923921	-2.683537	1.457970	-1.454320	2.105177	0.450131	2.564700
5.671831	2.303242	-1.100557	0.342639	2.551454	1.470426	3.458162	1.229124	1.448183
4.713638	3.491327	0.871301	3.286619	2.690754	0.789754	4.172102	2.688453	3.271334
3.580902	3.694821	2.137851	3.403903	1.673070	1.621462	3.153794	0.569618	1.245150
1.895024	2.964122	3.141691	3.709489	1.071599	3.193149	0.246737	-0.359884	-0.353967
1.453202	3.852130	1.579420	4.182375	-0.359560	0.972015	-1.865970	0.622247	-0.377117
-2.753765	3.080545	1.777634	3.257960	0.394492	-1.289543	-3.049327	-2.951491	-3.913802
-4.814376	2.939464	2.161632	-0.822457	-0.581046	-1.728924	0.369865	-1.929898	-2.680421
-4.743933	0.354987	-0.167588	-1.681777	-1.096677	-3.335030	-4.054796	-0.924975	-2.613875
-3.564135	0.400715	1.142773	-1.398801	-2.848402	-1.879563	-1.063811	-1.758823	-3.075364
-0.758885	-1.418055	1.893912	-1.791231	-2.822722	0.355378	-1.488380	-1.396944	-1.867787
-0.150381	-2.347323	1.330128	0.910132	-2.421839	-0.765509	-1.061704	-2.450438	-1.456746
-0.374426	-0.692090	0.717018	-1.652614	-0.554955	-2.161225	-1.348084	-0.957806	-0.987339
-1.828019	-3.383156	-1.274819	-1.340969	1.067530	-3.214272	-1.072421	-3.120050	0.213832
0.688340	-4.872422	-0.489586	-4.296735	0.598913	-4.774649	-1.683716	-1.631969	-3.783033
-1.333352	-7.469590	-2.659884	-3.284013	2.047793	-3.112758	-2.960070	-1.875566	-3.266133
-1.682593	-8.335559	-4.312615	-4.936004	2.567969	-3.754800	-2.568683	-1.414640	-2.903768
0.103315	-7.672331	-6.292482	-6.262810	3.031438	-4.826875	-1.866455	-4.131793	-3.795340
-1.283328	-3.123306	-3.971385	-3.720332	2.559400	-0.956785	-4.556589	-2.383826	-2.902946
-1.465023	2.484915	-4.804428	-1.925072	2.555653	-1.031731	-2.358184	-4.257239	-0.952589
-0.112570	4.941330	-1.701611	0.561071	-0.028705	-0.185813	-0.520941	-1.796833	1.413933
-3.056569	5.469141	-0.889437	-0.262606	-1.228676	-0.394532	-1.372761	-0.310709	-0.370981
-0.534222	2.252544	0.128492	-2.072605	0.281940	-1.133689	-4.401744	-1.897468	-2.312831
-0.482428	0.284941	1.371575	0.370175	-0.684960	-3.755985	-0.878091	-1.439010	-3.494717
-1.414089	-3.932170	-1.028490	-1.827069	1.103523	-1.597821	-1.328202	-3.405736	-2.299938
3.601396	-7.310990	0.906694	-1.828337	3.364287	-1.749396	-1.615778	-0.780346	-3.522495
3.059425	-4.581818	3.566426	-0.887731	2.524232	-2.200413	-1.940120	-2.857042	-1.932187
6.614100	-1.143157	1.422104	2.597048	4.678454	-0.637372	-1.604927	-1.230324	-2.643215
4.429718	0.176493	1.097126	0.842698	6.217154	3.258327	0.938399	0.517108	1.047422
1.725179	-4.040768	-1.873309	1.103620	4.553429	-0.870218	-0.642641	-2.752647	-0.805577
0.923584	-1.215442	-3.108303	-0.470890	1.810977	-1.615906	0.227151	-1.372490	-0.971411
-4.176068	1.671672	-0.654459	0.532069	1.641197	-1.146540	-1.320124	-1.126520	-0.415980
-5.818178	4.064873	0.157723	-0.587306	1.044888	-1.389718	-0.989567	-1.196840	-2.311784
-3.351746	3.885059	2.669339	2.434186	-0.344552	2.326658	-2.994477	-1.586448	-0.250923
-3.036973	1.361430	2.773090	2.012042	-2.281424	-0.502913	-0.808757	0.209854	-1.715696
-0.394658	1.141585	4.638172	1.370962	-2.888830	-0.830931	-0.260004	1.606967	1.857996
0.250597	-1.569475	2.166485	1.260644	-2.274272	0.001404	0.454780	2.514389	1.153553
0.146293	-3.730653	0.625526	1.145988	0.710349	1.878691	-0.467006	-0.379779	-2.091823
-1.210771	-5.538748	-0.461406	2.488992	2.289932	1.286728	-0.484060	-0.777538	0.645266
-1.387495	-5.681162	-3.484613	3.587255	3.691075	1.220017	0.507617	-0.721688	0.569521
-1.125779	-3.595394	-3.229896	2.772976	2.134176	0.626156	0.000824	-0.756430	1.732643
-0.285525	-2.701746	-3.946957	-0.028546	1.584635	1.944245	-1.369538	-1.843363	3.182631
0.420669	-0.829618	-4.833097	0.986587	-1.027951	-3.057117	-2.382170	-1.202088	3.030486
-0.985299	0.254289	-2.702319	-1.442724	-0.427182	-4.011330	-0.190871	0.504895	0.843107
-1.932329	-0.556925	-1.697523	-2.517081	-1.847761	-3.134094	0.078659	2.188386	-0.169104
-1.522420	-0.647661	-2.305511	0.553714	-0.461689	2.042890	0.746619	1.202285	-2.120748
1.753626	-2.601820	-1.988485	2.359961	-0.627866	-0.738678	2.605111	3.304191	-3.494524
4.384510	0.838698	-1.017246	2.349760	-1.910595	-0.943699	-2.738667	2.825805	-1.391133
2.502531	0.453793	0.756704	1.885908	0.794823	-1.033473	-1.534614	2.490427	-2.061374
1.671890	0.698262	0.627265	0.317005	-1.953112	-3.347699	-2.326230	0.804656	0.938653
-1.822915	1.833907	-1.552766	0.393750	-2.144604	-1.477980	-1.165214	-0.376507	1.482649
-1.686083	0.887627	-3.179789	-1.330558	-3.507052	0.738386	-1.609967	-1.685962	0.788413
-3.278514	1.615620	-2.434607	-1.968720	-2.566758	3.597498	-0.890588	-1.596609	1.305746
-0.200509	-1.321413	-0.569919	-2.073136	-3.136924	2.097356	1.203923	0.358251	1.624248
-1.533767	-0.497374	-1.432028	-1.386808	-2.815551	2.747160	3.075366	-1.472380	1.340619
1.953910	-1.395962	0.515765	-1.472536	-4.273040	2.949508	1.869842	-0.166203	1.161560
-1.919176	-1.434478	-3.770441	-1.671221	-2.756692	2.604202	2.018751	1.613882	0.613170
-0.857527	-1.322623	-2.653347	-2.907265	-4.658008	2.133341	0.335193	0.574676	2.750750
-0.575042	2.990303	-0.399855	-2.561467	-0.808090	-1.246475	-0.332330	-1.106021	-0.100500
-0.640321	1.396799	-1.434465	-0.992129	-1.687640	-0.988946	-0.687320	-0.928709	-1.108280
2.836636	4.476664	-2.506678	-2.154651	-3.324857	-2.498373	-2.453675	-0.601687	-0.998989
4.765428	3.919899	-1.168196	-1.379234	-2.167744	-5.591755	-3.224794	-2.645955	-1.324728
3.233055	2.370103	1.014180	-1.432579	-4.028601	-2.799593	-2.284778	-4.110013	-1.171796
2.002718	2.287975	0.709749	-1.362786	-2.484229	-2.930486	-3.261026	-1.257560	0.200407
0.300916	1.148615	0.160711	-3.005557	-3.169231	-2.072234	-2.101037	-1.673495	0.196681
-2.097050	-1.105777	-0.264435	-2.546091	-2.381506	0.391662	-2.314610	-2.343320	-0.655274
-3.491482	-0.352203	-0.348792	-1.283790	-0.625056	1.848002	0.163154	-1.064732	0.848743
-3.197677	-0.461162	-0.884358	-0.704554	-3.597482	2.190487	-0.002543	-0.360931	1.140831
-3.172638	0.294946	-0.611136	-2.758784	-1.915584	-0.382884	2.344799	-1.442117	0.260891
-1.982763	3.057018	-1.739126	-2.623480	-3.910965	-2.966310	-0.517619	-1.111789	-3.799677
-1.190352	3.839157	0.343071	-4.121942	-2.349424	-1.810691	-3.160897	-2.059047	-2.364873
-1.690706	5.014560	1.208955	-1.245872	-1.829563	-0.509228	-1.248833	-1.287090	-3.370497
-1.871725	6.376327	0.141424	1.757230	-1.419483	-1.499920	0.193173	-0.873117	-0.248749
0.339792	4.847059	1.855979	2.319064	2.246015	2.494934	1.428421	-0.905528	-0.012129
0.764745	5.228255	2.965918	2.816129	-1.036669	1.578732	-0.407087	0.259778	1.771163
-1.581766	2.557514	2.214740	2.486725	0.591964	2.532976	2.023450	-0.758797	1.790328
-0.707342	1.615436	4.419946	0.371651	-1.739288	-1.744235	0.920632	-0.578855	3.611265
-0.589681	-0.317379	2.467335	-0.157293	-0.986224	0.341100	1.807360	-0.133092	3.402175
-2.461685	0.618468	0.998305	-3.304608	-1.794847	1.312681	0.223634	0.174190	3.029657
-0.242952	0.194877	-0.906442	-5.479293	-3.820756	-1.809192	-0.510143	-1.258406	3.412712
-1.576382	-0.960052	-0.282909	-2.273949	-3.539852	-3.225019	0.222028	-4.280381	1.790839
-1.659276	-0.445819	-0.677994	-3.523377	-2.365837	-2.231299	1.514549	-2.129132	2.731738
-1.168233	0.209875	-1.254199	-1.911677	-5.148210	1.459268	0.575721	-1.584560	3.638710
-1.036253	0.148229	-3.263724	-2.052149	-3.095273	1.099982	-1.139556	-1.111963	1.850654
-2.001536	-1.587055	-2.237969	-3.384093	-3.631325	0.530644	-1.574780	-0.689940	0.651470
0.152118	0.409220	-1.767435	-0.846710	-4.107468	3.064653	0.492549	-0.504991	4.194059
-0.899790	0.162656	-2.704721	-0.934099	-1.621803	2.473510	-0.245767	0.333886	4.178620
1.781741	-0.259348	-2.388928	-1.252861	-4.515729	0.443916	-0.205627	-2.041608	4.843952
3.610509	0.588307	-1.793656	-2.948797	-1.361448	2.019171	-0.064831	1.175927	4.809756
5.106815	2.381422	-0.730605	-0.851906	-0.955260	-0.884425	0.426223	-0.429506	3.574332
3.391861	1.590896	-0.493375	-1.947288	-0.653965	0.107228	0.576037	3.384192	1.805479
-0.192255	-0.360571	-1.105267	-0.236744	-2.067763	-0.938368	-0.857490	3.343524	2.293698
-2.039832	0.449421	-1.304480	-0.106973	-0.406156	-2.698315	-2.301356	4.608490	0.573988
-3.006169	-1.004629	-2.612414	0.003824	-1.962644	-1.556210	-3.416160	2.484291	-1.864052
-0.808966	-1.359220	-3.507369	1.266947	-0.970327	0.197146	-0.408900	0.391229	-3.509821
0.000177	-0.580453	-4.451846	3.155697	-1.074205	0.225154	2.205325	1.230605	-1.359320
1.457161	-0.792227	-2.077143	3.082573	-0.268379	2.191213	3.135515	-1.596680	-1.402348
5.411386	-1.413144	-3.003762	4.431375	2.702551	1.305926	2.269272	2.410375	-0.275708
5.343452	-0.721302	-2.625601	3.034103	3.541684	-1.668909	0.397198	-0.100527	1.546903
2.028559	-2.245903	-3.955360	1.906359	1.873721	-1.931790	-0.785607	-1.150687	-0.380918
0.297108	-4.270646	-2.909940	-1.607560	2.434962	-2.576117	-1.202641	-1.373203	-2.789070
-1.417300	-2.862832	-3.553839	-3.831652	1.318705	-2.508789	-4.210604	-2.485872	-3.110454
-3.854565	-1.672360	-2.206659	-4.797117	0.047650	-3.733206	-1.548093	-2.211195	-3.660970
-5.901987	-1.685330	0.625703	-1.977255	-0.111701	-2.535968	-2.339307	-4.534070	-3.094519
-2.531465	0.776457	1.177546	-1.354366	0.344450	-2.798573	-0.931146	-2.721694	-0.266401
3.908400	1.802301	4.099571	0.369851	-0.519197	-0.266821	0.029793	-0.828668	3.206784
5.157411	0.192103	2.356377	2.252895	3.016859	1.476888	-0.802390	-1.003388	3.637134
4.274666	-2.795838	2.858366	3.684166	2.742717	0.554055	2.036107	0.281645	4.403050
1.607267	-7.327522	4.382839	1.226466	4.055477	1.034780	4.425685	1.703234	0.872131
1.133614	-7.838148	3.090195	1.616494	4.120039	2.770965	4.562146	2.512781	0.415476
2.480207	-3.695817	3.663235	1.126750	3.914403	-1.292691	4.044090	2.970585	-3.192715
3.881347	-1.636129	2.161561	3.713135	3.498470	-0.063986	3.192720	2.360150	-4.379043
3.946435	0.340317	1.342472	1.159450	1.942739	0.022980	2.182537	0.608877	-2.441108
0.669671	-0.251780	-0.632131	2.972194	2.026211	4.164808	1.158042	-0.756133	1.308088
0.123055	-1.441520	-1.297847	4.851269	2.162685	2.976098	-0.359064	-0.183378	1.450445
-2.917411	-3.869001	-1.858575	2.039073	-0.023138	5.830550	2.548221	-1.297157	1.999663
-4.322528	-0.640126	-2.817015	3.122708	-1.866359	3.649967	1.532899	-0.032268	4.791841
-2.363594	1.982908	-3.502065	-0.181025	1.566524	4.708848	1.409770	-0.531909	7.353578
-1.539110	0.760000	-1.296025	0.471773	2.243310	2.820993	1.052037	2.299121	4.435472
-2.197574	2.639949	2.189907	0.803104	3.813099	1.535505	1.798501	2.584924	3.556225
-1.113687	-0.674943	0.269330	0.869767	2.846193	-0.608417	1.114763	1.785302	0.169734
-1.257346	-1.814677	2.232846	0.111363	3.887590	-2.664772	0.753924	1.652156	-2.348401
-0.829252	-2.175852	1.065356	-0.185207	2.849491	-1.083859	-2.145013	-1.794712	-5.397081
-0.487405	-3.010669	0.356762	-0.658443	1.157398	-1.995178	-2.983548	1.365700	-4.570007
-2.995003	-6.996927	-1.422237	0.138856	1.344809	1.661473	-1.147178	0.918893	-1.598580
-0.035345	-5.914126	-2.435439	-1.470710	1.476026	3.930393	-0.882503	0.974870	2.664800
-1.601132	-2.293666	-3.684242	-3.313439	0.188848	1.950385	-0.012820	0.868831	4.526231
-2.684662	-1.541846	-2.709147	-2.241133	0.179477	3.635548	1.881072	-0.557220	6.477612
-3.245835	-0.045967	-3.676150	-1.900388	-2.962487	-0.236717	-0.424527	-1.084584	4.081643
-0.459350	0.579573	-3.631853	-2.270706	-1.590545	-1.232308	-0.880913	-1.340657	3.278823
-1.284906	0.550073	-2.981352	-0.605985	-1.740094	-1.258026	-1.325886	0.866863	-1.470850
0.391297	-1.863067	-1.987647	-0.912625	-1.858436	-4.220769	-5.296444	-0.548524	-4.690876
1.236160	0.001254	-0.948637	-4.087325	-2.168669	-4.212437	-2.578285	-0.601416	-7.961557
1.001084	4.437437	-0.828421	-2.700085	-2.614193	-4.757928	-4.347009	0.214891	-5.603894
3.104670	1.779281	-2.296496	-1.112702	-3.412807	-0.617343	-0.935012	0.090397	-3.265387
3.106118	1.042086	-1.443062	2.231822	-3.487310	0.088521	1.863205	2.273804	-1.371338
-0.141771	2.135954	-0.404518	0.399390	-0.980903	-1.063737	1.735046	1.392215	-0.134448
-2.634995	0.092884	1.159739	-0.039099	-0.643384	-0.416715	2.454110	3.640230	-0.467318
-5.955755	2.269878	-2.011591	0.417557	0.702047	-2.026713	-0.593499	1.567053	-2.146949
-4.825050	-0.343366	-0.979406	0.276558	-0.685609	-0.852530	0.889420	3.713485	-1.595843
-2.604378	-3.785845	0.854095	0.856106	-1.066951	-0.448465	-1.029932	2.095527	-1.034100
-0.832538	-4.124861	2.262014	1.771400	-1.304679	0.011083	-1.856954	3.282883	-0.007722
-1.595431	-2.994611	1.593752	0.100143	2.275308	0.449115	-1.036543	4.257253	-0.002010
-0.592955	-4.538197	0.896911	0.715835	0.789611	-2.759868	-0.697198	1.355239	-0.522164
-0.203509	-3.508318	0.284893	-0.689724	-0.753070	-1.703266	0.412783	0.322645	-1.510288
-2.143492	-1.705772	0.164099	-0.271832	-3.712334	-2.765878	-1.096799	-0.053329	-3.519781
-1.072504	1.993940	-0.404170	-4.355288	-1.315179	-2.533302	-0.915942	-0.542880	-2.600345
-2.488243	3.046519	-0.504911	-3.271091	-2.551006	-2.947138	2.626156	-1.996607	-3.680781
0.293991	1.980366	-1.070523	-0.412741	-2.654313	-1.445985	2.988596	-0.360507	-2.751990
0.286800	0.137381	-1.305005	-2.426637	-1.839299	-0.582742	4.899380	0.818322	-1.999275
2.142084	0.031164	-2.415155	-0.748676	-1.043964	-1.058009	2.525710	0.066481	-1.172836
1.220944	2.123616	-0.525570	-2.087060	-0.314607	-0.611883	0.899186	-0.011827	-1.023974
1.494481	0.656038	1.311650	-1.204586	0.846174	-0.681765	-2.353888	0.233200	0.200309
0.233196	-2.491869	1.867008	-0.729553	1.005879	-0.439653	-2.503312	-0.667536	-1.595188
-3.080210	-2.683206	1.017405	-0.465360	-0.145792	-3.777246	-4.052584	-1.350134	-1.276166
0.567664	-0.101171	0.713942	-1.700207	-1.259736	-1.705744	-3.804102	-1.816590	1.688172
1.581820	0.831736	0.888823	-1.267292	-0.046254	0.447055	-2.690965	-2.824104	1.788926
1.557157	1.134216	-0.056551	-1.351614	-2.848444	0.981051	-1.794870	-1.061172	0.161495
-0.635422	1.807269	-1.095080	-1.372272	-1.445304	3.255346	-0.925016	-2.950893	0.317676
1.340183	0.652096	-2.783859	-1.346665	-1.928335	2.850640	1.558398	-1.079465	1.502869
1.253073	2.339299	-0.973689	-0.478292	-1.306736	4.952734	1.347774	-0.049185	3.759572
0.504249	3.788977	-0.065367	-0.237552	-1.529004	4.232830	2.338914	0.422248	4.253984
1.561813	3.960231	-0.257490	1.159658	0.975461	2.458128	1.350120	0.169137	2.562402
1.479565	5.666562	1.551442	2.738336	-0.862941	-0.533371	-0.409107	-1.245916	1.610627
-1.126694	3.699871	0.621132	1.201286	0.750893	-0.154065	0.848835	-1.209609	0.756756
-1.385562	3.141258	1.466182	3.248307	2.231462	1.035046	0.164347	-0.979140	-1.129811
-0.592138	3.108724	0.970894	1.714902	-0.378731	-1.683837	-2.204968	-1.473106	-1.622178
3.184079	4.052371	1.417770	1.996972	0.635714	-0.238012	-0.190609	-2.344907	-2.037444
4.974989	3.693998	0.917111	0.687117	1.492499	0.150621	-0.887375	-1.705238	-3.210812
4.088795	3.321507	0.891220	0.334039	-1.081776	-0.185636	-0.956663	-2.442199	-2.834182
-0.325803	3.947999	1.008098	-0.986061	-1.664610	-3.232183	-1.533872	-2.533686	-2.722757
-3.338403	3.000374	1.302549	-2.087482	-1.748501	0.480381	-2.407700	-2.882399	-3.422437
-2.806805	0.420533	0.447073	-2.312522	-2.424847	-2.673542	-2.545846	-2.982734	-2.234024
-1.397906	-2.480823	-4.055227	-1.989579	-3.089149	-0.552151	4.320493	-2.763889	-2.054120
2.282193	0.288407	-0.017650	-1.202054	-1.057704	-0.874746	0.382917	0.594438	-0.248626
4.221594	1.835223	-2.893592	-0.186444	-1.964712	-0.827725	1.955129	-0.603252	-2.328444
4.589599	3.628627	0.559548	-0.665848	-1.699871	-1.805487	3.819731	-0.770355	-1.378274
4.634709	3.601820	-1.854828	0.042635	-1.603281	-0.857631	-0.044377	-0.798669	0.404481
2.752225	2.991903	3.742182	0.530706	-1.251539	-1.904756	1.119608	-0.929593	2.119521
2.210748	3.628475	3.670980	-1.695432	-2.841045	-0.443561	-0.157513	-1.265723	0.435743
-1.057020	2.532640	4.104269	1.595021	-0.434697	-0.001845	-1.717737	-1.661358	-0.374653
-0.925178	-0.564604	2.927950	1.817366	0.837505	0.045993	-2.604764	-2.247896	-1.662570
-4.725026	-4.863854	3.076526	-0.117795	1.566664	-0.159845	-1.567491	-3.295833	-3.639207
-3.744760	-6.562810	1.985398	-0.362061	3.289980	-0.803659	-3.127916	-2.065769	-2.603968
-2.318981	-9.950770	1.851370	1.429971	3.097354	-0.883047	-1.742839	-1.130300	-0.181953
-0.546287	-12.513535	1.657142	-1.597100	3.558088	-1.361308	-2.455157	-1.185024	-3.723963
-0.677177	-13.098002	1.108518	-0.461671	2.736484	-0.695742	0.191631	-1.694639	-2.672700
-1.833948	-8.441870	2.421299	-0.359341	2.226542	3.801654	3.587627	-0.715343	0.851034
-0.192000	-5.491240	0.113488	1.187391	3.290264	3.043580	5.251833	1.761267	0.183439
1.572168	-1.734808	2.691986	2.967127	2.064450	4.186637	5.354751	4.122693	3.505912
-0.180542	0.312024	1.100396	2.151568	0.723504	3.802427	4.240382	4.478037	2.753253
3.088872	0.041959	1.616320	1.485016	0.609025	3.380650	5.421427	4.967201	1.169961
1.436311	0.897898	-0.728140	3.470972	-0.609185	3.668009	2.789790	6.353989	1.953233
2.889975	1.241942	0.204018	1.158938	-0.499725	1.717803	0.869970	3.718802	0.077169
4.810068	1.416191	-1.710003	-0.217186	-2.307893	-1.539965	-0.156329	2.588242	-2.019132
2.624689	2.500847	-1.340802	0.180704	-1.476287	-1.244495	-2.419407	3.199113	-1.247473
2.183041	0.717511	-0.634876	-1.213593	-1.104107	-1.778985	-2.873661	2.423616	-2.372253
-0.887074	1.876785	0.303178	0.195626	-0.984952	-1.314035	-2.592590	2.103053	-1.321475
-4.620357	0.262269	-1.897940	0.920762	-1.388319	0.184258	0.012408	3.181028	-1.776040
-4.860104	-0.561336	0.129974	-0.014483	-0.357607	-0.454606	3.978534	4.418141	-3.263648
-5.286814	-0.497029	0.660721	0.488391	-0.186315	2.194974	5.384191	4.965297	-1.362402
-2.830987	-2.287707	0.999504	3.256688	0.363858	4.893000	3.794779	3.304797	2.846599
-1.669520	-4.367971	-0.384475	-1.047793	-2.346886	4.694973	4.911201	2.335143	1.444252
-1.250612	0.753882	0.785485	1.773152	0.389954	3.047895	4.607259	1.711238	0.800856
-2.066861	2.727751	-1.524112	1.413722	-0.634621	3.101966	2.272553	1.842585	1.751711
-1.450666	4.349340	1.242836	0.389221	-0.653108	1.077787	-0.533514	0.508785	-1.259384
-0.216026	3.529747	-0.815070	-0.028252	-0.106006	-0.479439	-2.280741	2.473541	-0.487432
2.373463	5.145076	2.015472	2.835407	1.225285	0.140188	-0.814625	3.087255	-2.981933
2.342900	1.387627	2.002365	2.783798	-1.893433	0.029769	-0.097166	5.031931	-1.213487
3.280487	1.402101	0.953412	0.159624	-0.031257	-0.751194	1.795139	4.665369	-0.814396
-1.311673	-0.740001	-1.045587	-0.053915	0.155713	-2.540400	3.415690	2.592173	-2.740062
-1.876379	-3.763277	-2.314828	-2.019817	-0.165622	-3.402447	-1.250109	-0.047954	-3.494684
-3.054630	-1.285526	-1.878410	-2.941680	1.961941	-3.487934	-0.116359	-0.210512	-3.770564
-3.928224	3.303554	-2.516230	-2.024702	2.549102	-0.347761	0.838644	-1.231696	-0.268103
-3.260059	4.382763	-2.440586	-1.563082	-0.172337	-1.982525	0.011101	-1.592905	-0.515802
-2.514834	4.423702	1.151823	0.136581	-0.076274	0.637574	0.525113	0.457664	-1.196462
0.176553	4.295973	1.885900	1.395190	0.271192	1.808038	5.530282	3.681512	0.635017
2.005604	4.000378	3.787148	0.504546	-1.289838	0.055869	4.620710	2.871943	0.977134
5.421821	5.042617	2.310067	1.604150	0.201639	-0.135433	2.321198	1.324260	-0.922912
5.009304	4.533492	1.965261	0.684505	2.373123	-1.584266	-0.211852	0.923763	-1.236423
3.658257	2.622303	0.866931	0.615811	3.147516	-1.238529	-1.806238	-2.444044	-2.881298
4.985580	-0.784147	1.286479	-1.160929	1.788419	0.160480	-3.197159	-1.661758	-4.265939
3.216175	-2.191157	1.648408	0.005387	3.762935	0.076962	-1.805613	-1.977578	-1.753146
3.838144	-4.200327	1.861420	0.164659	3.348564	0.653018	-0.175399	-0.168601	-0.101120
3.551889	-3.574954	2.845416	-0.344711	4.436408	-0.336050	-1.004014	-1.089224	0.026938
3.906911	-2.179039	2.594499	-0.330720	3.803369	-0.844041	-0.817058	-1.330846	0.856129
5.857613	1.160722	1.575471	-1.043568	3.151847	-2.945453	-1.329328	-1.926363	3.134450
1.508996	2.739228	1.095733	-0.971852	0.509946	-1.060186	1.361776	-2.552574	0.367502
3.272861	2.210282	-0.622212	-0.364870	-2.510935	1.207762	1.127458	-0.547275	3.955984
5.062211	4.018284	2.297638	1.375378	-2.289793	2.561093	1.297217	1.837736	3.445595
3.062148	3.197436	0.290185	-0.214906	0.916173	2.609508	2.232956	1.201660	4.115835
0.282173	0.782240	-0.576569	1.836581	0.636165	3.701609	2.579576	4.733301	1.625804
-3.899913	-1.382605	2.069078	2.189740	0.483785	2.414596	2.583379	3.473260	3.009001
-4.731806	-1.353996	-0.668373	1.866972	-0.671567	0.649671	-0.722433	4.501841	1.845225
-3.626006	-4.567231	0.361881	0.992280	0.894611	0.205136	-0.963959	5.422945	-2.898624
-4.651210	-3.013411	-2.475858	-0.128136	0.858422	-1.841108	-2.132198	3.875676	-2.998145
-2.519517	-3.303533	-3.604889	-0.517572	-0.231435	0.078540	-0.222048	3.121935	-4.404841
-2.696625	-1.890995	-3.693009	0.783071	-0.659256	1.401382	-0.823707	4.661425	0.406790
0.416168	0.646702	-4.300317	-0.809603	-3.817940	0.251219	0.591026	0.508848	-0.398353
2.882164	1.110461	-3.842110	-2.580093	-1.747286	1.965153	-0.460047	-0.257793	-1.313571
3.091465	2.004982	-1.862786	-1.012098	-2.750293	-0.304215	-0.890525	-0.097997	-1.430163
3.697573	1.700668	-1.892845	1.093785	0.314442	3.182917	-0.911907	-2.895959	1.780170
2.453589	2.517319	-0.211583	3.989456	0.170419	1.302150	0.301210	0.281621	2.867227
-0.688685	-1.712764	0.371900	3.993418	2.733941	4.652084	1.384527	0.368946	3.840110
-0.012746	-5.036778	1.777507	4.662573	1.215209	3.000923	3.588844	-0.143981	3.898118
-2.363093	-5.718823	0.369740	3.269922	3.166225	2.643267	2.438565	-0.280158	4.144450
-2.198324	-3.724598	2.327301	3.203067	0.951190	3.122018	-0.038011	1.981517	4.258407
-0.303136	-2.870501	2.970890	3.153209	0.907806	0.021677	-0.845381	-0.532453	1.369088
3.605571	0.047869	1.987211	0.973451	-0.071126	-1.947355	-1.887844	-0.805566	1.802394
3.978100	3.102014	1.421765	-0.408007	-2.835904	-3.329875	-2.394699	-3.485320	1.800924
2.457452	4.234734	-0.802047	-1.432461	-2.746527	-1.346583	-0.965443	-3.627812	0.911380
5.329031	1.243931	-0.096822	-2.496811	-1.786892	-3.384077	-2.305377	-2.963140	1.538460
3.168737	1.452006	0.345141	-1.145955	0.285902	-1.425756	-3.353898	-0.564901	1.005365
2.793273	-0.695740	0.711844	-0.998090	0.877855	-1.008018	-1.894505	-4.035594	1.303395
-1.248460	-1.297505	1.220888	-0.703116	3.890271	-0.858161	-1.179396	-3.772816	4.003850
-1.758859	3.260012	0.311676	-3.026431	1.170251	-1.151884	-0.371470	-3.007365	0.107731
-5.430123	2.922412	0.391709	-0.613432	0.447395	-1.542187	-1.711527	-3.224638	-1.491863
-4.310349	3.974397	0.103189	-0.401218	-0.642993	-0.817566	-0.832564	-2.179333	-2.393630
-5.134436	3.228467	0.647417	0.010612	-0.639514	-0.976122	-1.268779	-1.835848	-5.113572
-2.368982	4.100124	2.185195	0.128761	-3.417864	0.526449	-1.393673	-0.574181	-6.320287
1.215716	3.415970	1.123725	-0.082770	-0.723842	0.541646	1.856356	-1.332429	-1.583075
2.148259	0.224304	2.958508	0.924821	-0.037148	2.306772	2.342711	0.749110	1.155365
5.368050	-2.444171	3.379646	1.826436	1.397822	2.539228	0.419492	1.229937	3.296232
3.109889	-4.345654	1.858241	0.153176	1.227967	0.912816	-0.267100	2.377357	2.399227
-0.886620	-5.996744	2.121094	-1.183057	2.520091	-0.345564	-1.815664	1.552769	2.735251
-2.922776	-5.034840	-2.635493	-2.825661	2.267695	-2.959809	-0.923497	-2.682822	1.372504
-5.584776	-3.236040	-2.538219	-1.862834	0.089680	-5.715518	-3.371599	-2.948716	-0.158113
-5.202920	-1.864844	-5.137482	-3.652075	-1.453552	-3.964290	-4.348169	-4.911009	0.118099
-4.660704	0.270149	-4.004781	-4.134882	-4.639399	-1.490023	-1.510306	-4.534001	-0.985457
-2.241627	0.533442	-5.056114	0.098547	-3.097461	-1.692715	-2.201708	-2.419488	1.335018
-1.176787	-2.258165	-5.229279	-3.736487	-2.429234	-1.196066	-2.017673	-0.917868	1.206125
-1.629982	-0.154471	-2.420175	-1.360581	-3.495819	-1.354274	-0.871402	-2.163940	0.195164
