X1	X2	X3	X4	X5	X6	X7	X8
-2.263778	-0.336292	-2.798322	-3.519432	-2.412206	-2.096569	-1.206747	-4.013026
-0.275636	-3.336285	-1.891062	-3.421994	-1.372174	-1.112068	-1.896490	-3.765697
0.754578	-0.237363	-3.907888	-2.128449	0.174554	-1.584462	-0.602489	-3.313295
2.360564	1.565472	-2.139800	-2.482299	0.950780	-0.159851	0.135157	-1.756222
2.916823	2.402419	0.749100	0.154857	2.793704	0.896566	-0.869451	-2.116478
4.916054	0.503578	-1.260588	-1.081385	1.413228	3.601589	-1.027211	-3.285964
5.083360	3.333646	0.904932	-0.964027	4.756652	2.532819	-0.680524	0.737118
4.229738	3.979224	-0.955340	1.051632	4.843177	2.188655	1.835112	0.058468
4.691292	4.586609	0.407395	-0.057712	2.306306	3.642499	1.989398	4.100386
0.762919	2.455102	0.509534	3.092540	2.667737	0.531751	0.128334	3.468769
-0.937078	-0.476999	-0.648223	2.192687	3.028473	-0.845288	0.827821	3.663217
-2.541499	-1.464495	2.881221	0.808327	1.533314	0.463580	-0.288640	4.816330
-4.344945	-3.751087	1.528566	0.594958	-0.704939	-2.149742	-0.754249	5.115406
-1.887515	-4.598976	3.086510	-1.903021	-1.818785	-2.326855	-0.595604	5.071344
-1.619609	-3.682563	-0.055050	-4.116812	-0.950324	-1.462558	-0.861505	4.084443
-1.808925	-3.572849	-2.762213	-4.956416	-1.786354	-3.161651	-0.729952	1.232702
0.941936	-3.127036	-3.317182	-3.093034	-2.726274	1.303467	-3.493943	-0.536679
-0.946026	-3.982824	-2.022058	-2.586069	-1.480885	-0.687805	-1.871078	-2.494201
-0.363410	-2.787814	-1.030143	-1.792322	-1.703084	-3.445865	-0.531456	-3.453166
-1.403916	-4.097308	-1.781938	-0.812494	-0.442673	-2.776614	-3.135977	-5.450475
-2.369444	-0.976106	-2.125445	-2.651487	-2.712649	-2.469251	-1.753141	-3.675928
-2.907592	1.447290	-1.876765	-2.159702	2.793688	-0.214376	-3.198545	-3.938126
-1.116662	3.292880	-0.273799	1.197959	1.164039	0.707912	-1.587391	-1.742171
-1.261052	2.626962	4.073351	3.118595	3.188203	-0.311288	0.100723	0.943436
-1.809563	1.621835	1.965183	4.249905	0.427383	1.926126	0.146297	3.536996
-2.347794	2.798698	4.030396	5.712287	-2.188322	2.560753	-0.202268	2.073306
-0.754145	2.293451	2.516588	2.919740	-2.346312	-0.123006	2.382228	1.245165
-1.363315	2.948591	2.659559	4.114162	-4.601385	1.884548	2.749586	-0.181126
1.052796	3.349218	1.406406	2.079852	-3.199241	5.252317	0.922005	-0.608870
1.284387	1.512331	-0.014571	2.113408	-2.592879	2.248501	0.538387	-0.581268
-1.426741	-1.077471	-0.888775	2.416430	-2.837100	3.579899	2.883332	-0.417119
-0.288287	-4.259189	-0.230507	3.743116	-3.525902	4.756413	2.301441	0.394974
-2.670551	-5.893725	-0.261868	1.551165	-3.702085	1.215441	0.407113	-0.076389
-1.597634	-2.474179	-0.731759	0.684675	-3.493849	-0.686614	0.900049	0.003890
-2.574434	1.700147	-0.165682	0.432446	0.425707	-0.384554	-1.543751	-1.522389
-1.008453	1.989353	-1.143739	-4.357725	0.379982	-2.229878	-0.963786	-2.251527
-1.556489	-0.413662	-0.237831	-4.029738	-1.602622	-2.063586	-2.996955	-0.668425
1.213058	0.877300	0.251441	-2.502795	-0.468105	-0.715678	-1.899660	-3.540285
-1.384812	-1.495762	-1.208724	-0.229596	1.793633	-1.897553	-2.419799	-2.693707
-0.438599	-1.930549	-2.128529	1.351857	0.287292	-1.556012	-1.022672	-4.131492
2.639597	-3.075561	-1.983774	2.617263	-1.014827	-1.147653	-1.321479	-1.796941
4.366376	-0.834100	-3.298561	2.685920	-3.166925	0.534622	-1.628320	-2.177556
4.928139	-1.072266	-1.228490	-1.552272	-2.663200	0.488515	-0.925694	-3.366837
3.431086	4.354139	-0.628765	-4.288414	-0.388253	-2.010075	0.077098	-0.570886
4.929717	2.383614	0.762515	-2.743209	2.158016	-0.647047	1.681857	0.282297
2.234531	3.058458	0.784647	-2.626255	5.231109	-1.552502	0.593383	2.267411
0.386230	3.293671	1.787931	1.263444	2.933824	-0.522640	-0.791824	1.785155
-2.662186	3.466752	-0.958234	3.133488	4.334162	-1.029959	-1.699564	3.799127
-3.579519	4.019198	2.160049	3.755377	2.691923	1.230739	-0.690336	4.407826
-2.969866	3.484711	2.342279	2.053408	-0.143092	0.697655	-1.131942	5.259752
-1.518229	2.554188	1.100656	1.686982	-0.728184	-0.254511	-1.398880	4.920404
0.890193	2.901828	2.332978	0.687396	-2.877552	-0.204158	-1.505951	3.764681
4.181300	1.817932	-0.248157	4.900250	-4.737197	0.846112	0.065146	2.626781
4.281993	-0.374703	1.046451	2.615844	-3.891218	0.112601	-0.350191	1.198803
3.375770	-0.106577	4.322500	3.541375	-2.916716	0.511307	-0.594360	0.957347
1.984433	-0.073791	3.264889	0.911744	-0.099190	-1.174768	-1.126961	1.043612
-0.221018	0.513555	3.422416	2.180749	1.112860	-0.398025	-2.410496	2.667096
-2.785084	-1.729941	3.495181	1.718189	3.440133	0.109437	-1.479964	2.667898
-3.201064	-1.608579	1.984883	-2.559636	3.152431	-0.691384	-2.310964	0.517718
-2.500959	-1.720661	1.648219	-1.559528	0.371452	-2.213286	-1.326298	-0.457845
-0.785068	-3.095386	0.234989	-1.794888	-1.140804	-1.216770	-2.224565	-3.257493
-0.431690	-2.021156	-2.131208	-0.206615	-0.219636	-1.828436	0.336034	-2.791126
0.223873	-1.246272	-2.875473	1.828088	0.163656	-1.382284	1.504900	-3.178046
-0.177977	2.238566	-0.970308	1.714022	1.771571	0.783786	4.868632	-3.553054
0.204658	0.939757	-0.893514	-0.580716	1.058709	-0.541526	3.626830	-1.455750
-1.636019	-0.316900	1.105909	1.207076	2.073771	-0.541120	3.329493	3.474165
0.718289	0.385295	4.638358	2.380795	1.442055	-1.044896	5.088522	4.065489
-1.027416	1.327741	5.499133	3.223640	0.662763	-1.006755	5.594917	5.422321
-2.249435	1.093437	4.659934	2.224013	0.804494	-1.598396	1.711576	5.160161
-1.032767	-0.871918	3.369158	2.590010	0.465247	-0.607319	1.553100	5.965307
-1.329712	-0.779423	4.488904	0.584632	-2.240277	0.586774	-2.447211	2.943959
2.551929	0.068720	3.175473	0.715379	-1.662379	-1.755915	-0.526059	3.366816
6.585257	2.737910	1.783562	0.026548	-1.262558	1.913113	-0.072643	2.023976
4.646372	2.061148	0.879171	-0.435559	0.760385	0.403858	1.200337	0.010639
5.342774	-0.312467	-0.121702	-1.155845	-0.569750	3.217019	0.835279	-3.584597
4.675062	1.747164	-1.179957	-1.911410	0.280536	3.696797	2.345684	-1.520432
4.050838	-0.999560	-1.529595	-0.839853	-0.825056	1.075091	-0.565749	-2.371668
0.192201	-0.872138	-2.030018	-0.136477	-1.439726	0.006302	-0.020619	-1.753304
-3.591749	-4.246072	-1.437826	2.322718	-1.766076	0.344328	-0.369829	-0.921643
-4.465713	-3.126861	-0.498720	2.942733	-1.860304	-0.885530	0.070622	-0.132486
-4.492388	-0.644106	-1.596801	5.130465	-1.196212	-0.191272	0.986134	0.173168
-0.077977	-2.147108	-0.820270	2.264415	1.793201	1.120101	-0.938394	-0.817384
-1.361179	0.813733	0.279072	0.003983	0.971734	-1.008311	-0.636763	-1.661841
-0.688193	2.074517	0.376925	-1.217034	0.838187	-1.961708	-0.832972	-0.742406
0.599181	0.327144	0.079087	-5.438734	1.395960	0.773509	-0.234023	-0.531179
0.603341	1.418912	-0.908343	-4.165319	1.501752	0.782641	-1.409216	-1.969960
-1.545911	0.880723	-0.038565	-3.332789	3.738364	2.842486	-1.121152	-1.058052
-0.343375	-0.479825	-3.146580	-1.659645	0.214595	0.802046	-1.134531	-0.965954
-0.882052	-3.837432	-0.713489	-0.564587	0.498545	0.283519	-1.119453	-2.688268
-1.193741	-0.492397	-0.643392	-1.618616	-1.504887	-2.549795	-1.985820	-1.225595
-0.229343	0.716478	-1.443491	-1.423232	-0.755700	-1.349596	0.061968	-3.742735
1.018843	1.915195	-0.462086	-0.694535	-2.105895	-3.658385	-0.246488	1.387911
0.160216	1.866052	-1.493878	-1.188426	0.418428	-2.162361	-1.006891	1.853641
-0.887522	-0.149450	0.366632	-2.249906	-2.771532	-2.477626	0.172859	3.646355
-0.926773	-1.469512	-0.472056	-2.210175	-3.528474	-1.149378	-0.712738	4.629852
-0.823837	-1.475934	-0.649942	-2.593434	-2.190600	-0.266020	-1.447683	5.353031
0.358888	-1.957315	-2.199129	-3.221082	-3.210708	-1.470451	-3.851776	-0.354909
1.520801	-4.954855	-2.540116	-1.453020	-2.542300	-0.552971	-0.105019	-0.133669
0.248801	-2.293855	-1.149604	0.599351	-1.014675	-2.221981	-4.130411	-2.176050
0.741790	0.033485	-0.263193	0.484930	-0.465234	-0.332981	-1.186754	-2.853052
-1.560634	-1.412635	-0.025985	-0.774781	0.148022	0.971828	1.021751	-2.792876
-1.563369	0.718187	-0.207480	-1.125485	1.523995	3.260047	4.404305	-2.130823
-2.196517	2.542748	-1.907178	-0.703280	4.240382	3.602874	3.751806	-0.313895
-1.409376	2.139451	1.025820	0.317432	3.813785	4.622209	4.706253	-1.910891
0.929953	1.841795	-0.207487	-0.223250	3.974803	2.225053	3.547647	-1.702414
3.795870	2.465380	0.356102	-0.649024	3.999335	0.774203	4.370885	-1.132962
4.279276	3.827506	-0.810215	0.718308	3.229082	0.191061	3.934868	0.178461
2.860270	0.532373	-0.767339	-0.731154	1.417643	0.320926	3.206194	0.014857
1.469052	1.155683	0.296231	-1.389510	2.737518	-2.930503	4.885063	-0.503476
0.051323	2.156035	1.637194	1.197939	2.365607	-1.312526	5.044474	1.032061
-1.060618	2.658029	4.069850	0.995693	6.011909	0.860556	3.572527	0.976967
-3.625970	1.527565	0.481798	2.479752	4.992025	0.026343	3.806620	1.742042
-2.908034	2.906245	2.911637	0.277516	4.487153	-0.277165	5.496952	0.961585
-1.282508	1.039669	2.510467	-1.061717	4.761895	2.071931	2.159624	0.876395
0.781006	1.828336	1.350288	-3.715645	4.845250	3.489530	2.707333	-1.789629
0.063509	0.127947	-1.094501	-2.776970	1.411617	3.026833	3.361980	0.083713
0.546200	-0.584296	-1.203499	-1.866992	2.539496	5.645439	3.937763	0.035319
0.959281	0.691105	-0.943208	2.308890	0.967488	5.487247	4.259981	-1.217410
-0.829749	-1.207348	-0.165628	4.341274	-0.276908	2.626257	3.645735	-0.671076
-0.740490	-0.500755	0.107042	3.453760	2.021307	3.941069	4.009922	-3.956479
-1.925542	0.576285	-4.038200	1.868749	2.092434	2.574281	1.744442	-1.731821
-0.582205	-1.200527	-2.502454	2.117940	0.432473	3.713694	2.666295	1.078499
0.712822	-1.455592	0.938081	2.665532	-1.399677	4.477607	2.621078	-0.026321
-1.221162	-1.146609	1.217003	2.811326	1.642784	4.432720	1.301893	1.130620
-0.629456	-2.275376	2.333912	-1.158679	-0.026443	5.202131	0.331036	2.821819
-0.281160	-2.338894	-0.339491	-2.215783	-1.526860	1.193542	0.263909	-1.155624
-1.550075	-2.215061	-0.090707	-5.113987	-1.234866	-2.665050	0.113209	-0.845908
-2.185200	-2.621177	-2.010536	-4.928790	-0.811461	-1.274844	-2.467764	-1.829535
-0.674635	-2.317142	0.531721	-2.068493	-0.649946	-1.772040	-1.998011	-1.058106
-0.453180	1.459846	-0.672935	2.744804	1.117580	-3.489440	-1.057032	-0.781521
0.663065	0.780388	1.400295	2.961901	2.647816	-0.777444	-2.768730	3.332119
2.364901	1.441483	1.353510	1.904598	0.164863	-1.121052	-0.965304	4.359413
0.231927	-3.318167	2.788312	3.476693	-1.621381	0.857936	-0.612256	2.892962
0.463343	-4.418662	3.019699	0.552488	-2.885514	-2.716382	-0.011586	2.907264
-0.587450	-0.581000	2.378372	-1.672019	-0.494337	-0.454006	-1.605096	2.769219
-1.242852	-2.517281	0.561731	-2.919527	0.684450	-3.498435	-3.389586	-0.587274
-2.552063	-0.780604	-0.793226	-3.390137	1.034046	-1.734772	-1.468858	-1.549115
0.109616	0.161131	0.459803	-3.009348	0.664753	-1.160915	-3.039812	-0.984306
-1.838013	-0.802573	-2.133583	-2.183762	1.205469	-3.067666	-1.613648	-1.768546
-0.251351	-0.332117	-2.131185	-0.897278	1.857695	-3.412625	-0.257969	0.465664
-0.646098	-1.496599	-2.478901	0.006403	-1.357269	-3.564893	-2.388676	-0.778877
-0.979253	-1.585419	-2.936433	-2.015719	-0.639323	-2.482770	0.237432	-0.639568
-1.587116	-2.449476	-1.730879	-0.392643	-0.699468	-2.316356	-0.827247	0.306288
-1.360787	-1.641568	-2.851741	-1.457971	0.238997	-3.765753	0.803487	0.634392
-1.739567	-0.580195	-2.660219	-1.843002	-0.667929	-4.222760	-0.420369	2.075744
-0.747154	-1.795255	-2.172511	-0.154937	-0.270744	-2.211078	0.059185	2.279742
0.645350	0.137051	-1.459719	0.378724	0.131749	-1.308107	-1.359851	3.635387
1.700048	-1.292474	-0.397443	4.169580	-1.615547	-0.238648	-0.957979	1.231177
5.865238	-0.189730	-0.354282	3.814433	-3.394734	1.005298	-0.314400	0.226413
5.804021	0.724585	-1.912736	0.821481	-3.700511	0.780231	1.053986	-0.591807
4.855296	-0.497530	0.649394	2.789624	-3.926478	-1.328649	-1.667123	-1.258182
4.523065	-0.226472	1.138309	5.306161	-5.225036	1.026857	-0.716928	-0.548813
3.213827	-2.504341	1.434909	3.635094	-6.626384	2.402948	-1.575629	2.134100
-0.952117	-5.333935	1.243993	3.729621	-4.935522	1.951225	-1.065327	0.459155
-3.701768	-4.086454	0.495062	1.660742	-6.655450	1.368387	-1.764825	-0.459446
-1.170725	-4.463396	-1.209584	3.301857	-4.284168	1.127933	-1.075421	-1.406706
1.126813	-1.022861	-0.778246	3.435366	-6.382577	0.919963	-1.021618	-0.506023
4.085444	1.712753	1.079678	5.339868	-6.238575	0.965276	-0.639817	0.864301
4.253370	4.156746	3.762086	7.507363	-5.659463	1.827272	-3.055918	0.518166
3.085890	3.219021	4.605279	4.029651	-7.839640	1.188051	-1.695223	1.588072
1.262206	2.333577	1.860258	4.929932	-6.842608	3.640811	0.127069	1.911718
2.180116	0.291616	2.800621	-0.008194	-2.789965	2.621553	0.632954	0.676704
-0.965579	-2.043060	2.120570	-2.594229	-3.260712	-0.973323	-1.705866	0.158430
-1.435478	-0.535352	0.254404	-5.352971	-2.166548	0.370181	-2.596295	0.039795
-1.171181	-1.578657	-0.342977	-6.662622	-1.240474	-1.451435	-1.738531	-1.588800
-0.515089	-1.585075	-1.574072	-5.061481	1.579312	-4.113571	-1.431477	-1.625857
-0.048300	-0.509304	-0.567682	-1.509350	3.692208	-2.805227	-1.167733	-2.495476
0.872084	-0.771544	-1.293106	-1.734227	1.814315	-2.790605	0.896999	-1.374356
-3.722835	-0.548393	-1.464645	-1.064614	1.552532	-1.444603	2.987420	-2.565199
-0.226457	-0.940951	0.199803	-0.338511	2.151462	-0.475224	3.875826	-2.470304
-1.132682	-2.116715	-0.746464	2.626582	2.130802	-1.412367	3.717119	-1.007372
-2.255710	-1.355886	-0.036844	4.432365	-0.359746	0.714668	2.793496	-0.625903
-2.942541	0.022538	-0.020739	4.774137	1.721917	3.756280	2.946256	-0.758397
1.882726	0.533859	1.495753	3.462399	1.187791	3.964468	-0.324400	2.062045
3.513290	1.459676	-0.133369	0.564349	1.037678	2.395432	0.048225	-2.505676
0.695753	-1.442408	-0.920304	-1.589213	-2.242424	-0.248828	-2.414170	-0.424162
-2.179486	-0.955493	-1.183853	-5.061586	-0.446714	-1.157212	-1.698285	-1.051712
-2.188427	-3.696477	-2.535316	-5.394271	-1.376591	-3.859221	-2.218421	-1.204226
-1.812669	-2.393560	-0.143091	-4.356569	-0.785557	-2.624555	-3.898579	-2.373004
0.271988	-2.567541	1.423720	-1.862880	-0.200010	-2.810616	-1.889361	-3.046648
1.800644	1.236182	-1.379482	-1.429404	-1.968451	0.339498	-1.520668	-1.167057
3.066599	-1.396490	-0.477696	1.988459	0.652821	2.609286	1.659200	-1.526631
4.069954	0.592543	-0.364424	4.420508	-0.825195	4.505347	0.750442	-2.413870
0.392209	-0.927518	-1.400264	1.265743	0.327903	4.910681	0.713156	-0.770575
1.744164	0.885629	-0.592617	0.367363	-1.068987	2.736087	0.915642	-1.296945
-3.323281	1.602685	-1.835683	-1.783331	0.011036	2.556666	3.142999	-1.524482
-1.353125	-0.809950	-0.870661	-4.505441	0.398872	-1.522783	3.521425	-1.583584
-1.708269	-1.033174	-1.879751	-2.811466	2.092022	-2.689161	3.602319	-2.012353
-2.162011	1.592713	-0.482754	-2.641707	1.584385	-3.625167	2.190081	-1.162088
-1.077053	0.818312	0.018431	-2.248764	3.703662	-3.438002	1.801310	-0.592189
-0.948993	2.470224	-0.517496	-0.841338	2.726752	-1.874066	2.908403	-0.844957
-1.347531	1.290351	2.119664	0.244271	3.642456	-2.239260	0.419062	0.325009
-1.822168	0.801593	0.628313	0.238363	2.523773	-1.725183	0.459384	-1.245093
0.009598	1.638351	-0.040151	0.351337	3.923305	-0.984136	-1.169632	-2.105261
-1.466734	3.154326	0.262774	0.284092	0.325951	-2.192120	-2.002086	-0.398395
-0.901564	2.929518	1.971687	1.709529	2.429511	-1.907234	-1.135480	0.476303
-1.969991	1.688529	2.565487	2.039448	2.100985	-0.939679	0.226385	-0.694666
-1.271115	4.096059	0.987176	1.184146	3.120474	-1.967056	1.020409	0.086797
-0.711135	1.660109	0.262053	0.105425	5.282877	0.130537	4.289790	0.527794
0.025347	2.068080	0.772319	0.717984	6.156594	-2.077802	4.655528	0.277524
-0.479967	1.247073	2.202972	-2.541378	4.925127	-1.680473	3.055320	-1.558314
-1.643477	-0.769912	2.018114	-1.157060	2.629873	-1.629475	1.147968	0.624380
0.332517	-1.561574	2.218943	-0.455564	2.745735	-1.488810	0.863468	2.137308
-2.388586	-4.022912	-0.467039	-2.792291	-0.503788	-2.215277	-1.271979	4.076968
-0.532984	-3.460725	-0.284532	-1.182739	-0.430797	-2.342777	-1.818275	4.726760
-0.754877	0.095487	1.632162	0.920890	1.682810	-0.375009	2.107179	3.413386
1.751034	0.704024	0.804944	-0.831904	3.035231	-1.046175	1.469382	3.359143
-0.509749	2.922688	1.815314	0.070478	2.717868	-2.274973	4.296334	1.529333
-0.438328	3.705479	1.291773	0.040236	4.865120	0.558995	2.337332	1.706156
-0.706002	1.200097	0.152419	-1.385031	3.652487	2.614930	2.995377	1.033011
-0.962270	-0.183856	0.864453	-1.778822	1.473569	2.924932	2.525767	-2.051801
-1.440133	-1.978881	-1.994126	1.313261	-0.861033	4.296200	2.151002	-0.533580
-1.685890	-3.037276	-3.213017	2.078718	-1.304821	2.667234	-2.088521	-0.287227
0.070559	-6.440742	-0.129520	0.142049	-1.916392	-0.166866	-1.185101	-0.534342
-0.417786	-5.190878	-1.793336	0.657652	-3.154349	-2.648900	-3.438541	-1.138724
-1.121126	-0.991183	-4.109764	-1.393271	-2.426390	-1.412668	-2.079640	0.058727
-0.942159	1.479743	-0.373706	-0.508122	-2.084216	-2.781070	-3.789801	-1.551589
-1.801085	1.504200	-2.239860	1.257298	-2.850326	-0.714607	-1.721923	-0.574173
0.662394	3.442489	0.645072	1.104090	0.046379	2.377022	-1.329508	1.038476
-1.625019	3.468410	1.713591	0.896253	-0.998401	3.276717	-1.415157	-0.894342
2.402574	2.066764	0.484396	-0.550715	1.297935	5.839577	2.134629	0.412873
2.572673	1.056850	-0.436413	0.805688	0.618986	3.708102	1.046049	-1.541679
4.835980	0.026169	-0.464535	2.077660	1.248752	3.655693	2.016002	0.224502
5.571193	0.961522	-0.304572	2.490300	0.278834	3.362850	2.190587	-1.364484
1.978914	0.213208	-0.122323	4.731609	-1.410470	1.459071	1.082403	-1.543637
1.529641	4.050227	0.266111	4.243386	-1.632958	2.203458	0.213849	-1.154256
-0.447624	-0.861619	1.244930	3.068030	-2.907031	2.595410	-2.343976	0.134458
-1.235282	1.737968	0.621734	-0.127059	-1.177889	1.692628	-1.295473	0.877105
-1.484233	1.561290	-0.545378	-3.990182	-0.238132	0.948711	-0.751643	0.624186
-2.152277	0.294945	-1.050306	-5.955440	-0.139260	-1.338041	0.863113	-2.206299
-0.327914	1.942036	0.938650	-2.029432	1.715627	-2.643827	3.267195	-1.139051
-0.576643	5.949460	-0.842910	0.173641	1.979928	-2.255148	2.762700	-0.561669
-0.150465	3.895219	3.394613	3.031078	1.587444	0.326496	2.495428	-0.226353
-2.125179	4.082412	1.242618	2.479379	1.872774	2.961806	2.780778	-0.124203
2.074213	3.554839	1.119806	0.959142	1.800519	1.940381	1.515150	0.316181
3.589413	2.810001	1.862777	0.750069	1.754778	1.541722	0.742841	-0.221701
0.619820	3.379597	0.586828	-0.807242	2.989352	0.365929	-0.108148	1.178952
1.129734	2.755827	0.681061	-1.901292	0.542539	-2.139499	-3.057620	0.729439
-0.298744	2.473391	-0.194225	-1.676581	-1.214960	-2.223461	-1.421674	-1.322339
-2.216116	-0.281611	-0.216231	-3.615209	-2.480244	-2.423956	-3.353312	0.573417
-1.659680	-1.384079	-0.087057	-1.222977	-1.211116	-2.431486	-1.909835	-2.760691
-0.458238	-1.201114	-0.113104	0.551815	-1.981774	-1.536149	-2.669143	-1.134365
-2.515389	-0.210815	-0.386471	1.145365	-0.767818	-0.849046	-3.792439	0.653196
-1.056433	2.675316	0.131640	0.194874	-2.736650	-2.127577	-3.694622	1.114593
-1.364271	2.000280	1.142528	1.170641	-0.958568	-2.539341	-1.816593	0.383725
-1.526202	0.301777	-1.429105	-0.144934	-1.009574	-1.124838	-0.579754	-2.002407
-0.274426	-0.901394	-0.289762	0.462147	-0.969967	-1.466469	-0.532906	-0.243904
-2.427545	-1.017733	-1.436043	3.357385	-2.080847	-2.142032	-1.434650	-1.968265
3.437343	-1.361541	0.425052	0.527079	-4.553915	-0.451628	-1.537985	-1.087790
3.332136	1.599183	-1.484077	-0.864772	-2.984372	-0.366457	-2.661614	-0.432678
6.611135	3.949237	-0.944332	0.559932	-3.117616	0.694983	-0.484538	1.546769
2.374940	4.216822	-0.632013	0.193590	-0.910349	-0.611010	1.163443	0.675553
2.931150	4.518236	1.090480	1.558102	-0.729870	-1.727635	2.560328	0.159373
3.629565	5.597080	2.872045	-0.237832	1.768019	-0.020192	2.578516	1.122231
5.905785	4.995353	2.274682	2.964686	0.883420	-0.352180	2.696206	0.675525
2.368809	5.293454	1.447091	3.630757	0.423731	-0.971699	0.762697	0.753656
2.287538	-1.541016	0.663571	4.261979	-0.483047	-0.723650	0.939388	-0.495976
-1.819229	-3.258160	0.081721	-1.437247	-2.405714	0.339769	1.396678	-1.823770
-2.352592	-2.954476	-0.488460	-3.967022	-2.673072	-1.582242	-1.053934	-1.861627
0.434849	-1.731066	0.195028	-5.975548	1.308980	1.338816	-1.671048	-2.877146
2.240893	-0.013031	-0.659616	-0.933623	4.033241	2.668444	-1.654665	-2.007327
3.757240	2.965730	-0.334493	-1.409549	3.519312	3.967743	-0.279787	-1.535170
0.849489	1.729315	0.695097	0.622674	3.431592	5.187712	0.004585	-0.115575
-0.157059	2.426524	-0.999348	1.728045	3.321480	1.789152	-0.119048	0.668459
-0.217005	1.021156	-0.607627	0.843364	5.147377	-0.548436	0.072711	2.227031
-2.923949	0.014911	-0.775042	-1.064069	3.413883	-1.644553	-1.629837	4.278842
0.558208	-1.375413	-0.704294	-3.770756	1.720996	-3.679498	-1.743694	-0.131808
-2.181935	-0.579816	-0.446383	-1.504596	-0.046883	-3.644871	-0.066661	1.538781
-0.831576	0.751902	0.179690	-2.117890	2.286845	-1.693572	-1.110838	-3.626691
0.594182	-0.734060	-1.517977	-1.609539	-0.276820	-0.749499	0.297173	-0.403923
-1.217460	-0.681903	0.185317	0.456958	-0.541077	-0.638754	0.758473	-0.885715
-1.308502	-2.940229	1.399871	3.736099	-0.714428	-1.362035	1.610259	-0.514468
-0.732046	-1.784637	2.525382	3.127784	-2.659273	1.234058	-1.245868	1.753920
2.672809	-2.934028	3.598052	1.616713	-1.717512	0.662126	-1.509811	2.090048
5.428762	-0.381903	1.165078	0.995885	-1.552245	-0.300932	-1.104668	3.193116
5.018212	0.441936	-0.256540	-1.934000	-0.415173	-1.736315	0.829758	-1.081275
2.391760	1.612590	2.412197	-3.539242	-0.513895	2.837077	2.127067	0.109675
4.300703	3.455658	3.161088	0.247657	2.095887	1.192745	2.489958	0.428266
-0.691157	2.918238	1.017233	-2.055202	0.588774	0.866990	2.142031	0.517899
-2.098421	-0.915271	-0.862671	0.678180	0.321465	2.112511	0.316684	-0.637627
-3.851891	-3.162268	-0.127823	-0.441597	-0.491939	-0.745391	0.243417	-1.288511
-1.028566	-4.800955	0.324476	-1.257534	-0.319140	-2.994716	-2.664371	-0.517354
-0.240347	-3.163933	-1.798776	-0.521631	-1.423538	-2.079963	-2.199381	-1.256754
0.381665	-1.963103	-0.519180	-3.687988	-2.727032	-2.364231	-3.382214	-3.190312
0.302570	-0.854365	-0.032136	-2.679106	-1.245524	0.292779	-3.490569	-2.823127
-1.319733	-2.257821	-2.134145	-1.069685	-0.884513	-0.965932	-2.851049	-0.527900
0.789655	-1.190171	-0.651508	-2.391126	0.387001	-0.455263	-2.296653	-0.976429
-0.623465	-1.564316	0.785473	-2.260429	-0.459784	1.057886	-1.603782	-1.197515
0.397805	-3.973657	-1.103602	1.972006	0.550633	-0.470085	-0.705938	0.256642
0.949765	-2.170495	2.081465	1.641878	-0.700348	0.885225	-1.863521	2.174543
0.249914	-1.857231	2.236675	2.240488	-2.198928	0.707917	-2.437231	4.934988
-0.255348	-1.694765	4.069125	2.501933	-3.472007	-0.871410	-1.121769	5.654378
-0.291923	-2.214999	4.725415	1.300716	0.024614	0.248945	1.410763	5.377611
0.058690	-2.695534	3.895544	1.566134	-1.144364	-2.053817	-0.964833	4.590490
0.034389	-3.378370	3.233911	-0.354212	-0.985242	-0.406595	0.077140	5.380413
-1.526826	-3.316809	1.424614	-2.584323	-1.545220	-2.520090	-0.075418	1.104182
0.352345	-1.924450	-0.234746	-3.967298	-0.703798	-1.241801	-2.453908	2.721896
-1.866101	-1.035396	-0.419972	-4.326039	-0.668077	-1.564728	-1.837630	-1.353144
-1.422162	0.658653	-1.375364	-0.871745	-1.997457	-0.158069	-1.772384	-2.436339
-2.690940	1.838996	-0.822324	0.462983	-0.249538	-0.556324	-1.628872	-2.302187
-2.803937	0.797032	-0.556151	2.461445	0.010380	-2.009294	1.089406	1.802511
-0.647551	0.016961	-2.819948	3.989440	0.194096	0.337323	2.088749	3.155856
0.453615	0.111581	-0.113115	2.507869	0.808610	0.435227	4.658257	4.454048
-0.728438	1.599292	0.595847	0.902031	2.696022	0.780718	4.068130	1.239988
0.016388	2.069492	-0.776564	-0.214573	0.587033	-0.184002	2.758066	0.184475
-0.483308	2.338581	0.746352	2.320754	0.522840	0.647165	2.912665	0.980210
-1.871226	1.518658	-0.243407	0.901015	-0.218855	-0.260278	3.732826	0.052492
-1.160466	0.538522	-0.370740	3.970507	1.263248	0.869969	2.554950	-1.729076
1.477169	1.054972	0.093150	0.626932	2.509147	2.167405	4.406335	-0.476296
-1.191120	-0.867793	-1.255438	0.853388	0.592243	0.507632	2.018281	-2.674667
0.141266	-0.995873	-0.085804	-2.326923	2.167135	0.865250	2.868387	0.922311
-2.407775	-1.760970	-1.515049	-2.981904	2.692624	1.055460	4.890753	-1.727561
-1.275742	0.039517	0.025225	-3.533653	4.383809	-3.891839	2.726879	-2.167383
-1.000437	0.780485	-0.415782	-1.581671	1.328291	-1.698345	2.370963	-0.588455
-1.297761	1.786934	-1.511672	-0.950358	-1.916632	-3.248958	-0.257194	-0.559976
-1.515715	1.203763	-0.427545	0.091486	0.716841	-1.253377	-2.458093	-1.823847
-0.773198	-2.947028	-0.352202	-0.832339	0.652610	-1.406003	-1.014935	-0.533666
-1.655613	-2.518940	-2.310345	2.338666	0.575074	-1.096733	-4.638219	-0.202034
2.751841	-0.125675	-2.462374	-0.326798	-1.770766	-0.749969	-3.252447	-2.764050
3.767761	0.275168	-2.945691	-0.966133	-4.197012	0.199990	-5.465618	-2.825214
3.607248	-0.632314	-1.051796	-2.732937	-1.141761	-1.585154	-0.893634	-1.891725
1.103300	1.603181	-0.249090	-3.227510	-2.066216	1.136499	-2.225794	-1.813084
0.795217	-3.079850	-0.874475	-3.684254	-2.197776	1.479848	-1.291599	-2.217589
-1.937302	-1.113607	-2.244951	-3.866668	-1.287041	1.954995	-1.184349	-1.177141
0.122541	-1.825790	-0.444319	-3.413352	-0.225611	-0.320460	-0.401845	-0.085038
-2.532353	-1.990701	-2.034581	-0.115206	-1.766886	1.839283	-0.854187	-2.413882
-0.847187	-2.488740	-2.103736	-2.370331	0.701133	2.761726	-0.044676	-2.401371
-0.518260	0.820293	-1.079887	-0.603326	-0.357753	2.460968	0.151689	-1.132605
1.182126	0.787995	-1.854634	-0.421891	-0.960144	3.316110	0.817007	-1.054683
-1.095230	0.763568	0.015923	-0.443626	-0.284141	0.468153	2.017278	-3.805006
-1.347428	0.495510	0.725581	1.538568	2.046857	1.014797	-0.419098	-1.613073
0.599930	-0.100280	0.254541	4.881891	2.223449	-0.228158	-0.591423	-0.330083
0.977345	-1.922702	-1.432399	2.861644	-1.137964	-1.687811	-2.723596	-3.657036
-0.479586	-2.361756	-1.077639	4.235927	-2.349882	-1.688161	-0.274217	-1.033332
2.071136	0.584156	-3.575181	3.847040	-2.711906	0.548191	-1.760386	-1.801670
5.000912	0.644734	0.410474	1.144582	-2.956935	0.880347	-1.300204	-0.629550
3.861640	0.901077	-0.873673	-2.272747	-0.322570	1.969507	-0.482872	0.454628
6.064419	1.224385	1.548275	-3.425746	-2.271709	2.910471	-1.082388	-1.529334
1.153249	0.638257	-1.283781	-3.903814	0.438246	3.159240	0.746846	-0.916638
0.833127	-1.441407	-0.805243	-0.737354	0.396396	2.899214	-0.574170	-0.419481
-1.434546	-2.147207	-3.478812	2.171837	0.611440	3.173594	1.498765	0.295936
-4.274171	-1.517946	-1.025188	4.666858	-1.918120	0.888281	0.663150	0.946213
-2.876850	-3.529022	-2.633573	0.885308	-1.909785	-0.796127	1.801985	0.314651
-1.797983	-2.585637	-3.086866	1.017789	-0.960454	-1.785127	-0.310430	-0.337849
-0.936671	-3.060690	-2.231569	-0.154200	-1.165229	-3.259919	-2.311496	-3.281987
-2.142416	-0.167583	-0.793183	-0.960459	-1.511008	-0.142104	-2.184211	-1.971062
0.092383	1.060784	-1.943008	-4.018087	0.506409	-3.111080	-2.678977	-0.709575
-0.753377	2.067111	-0.745545	-1.319185	2.139322	-1.608947	-2.373794	1.181476
0.026304	1.356097	-1.668595	-1.824653	2.007230	-0.516705	-3.072761	1.899690
-0.803974	0.706641	-0.363359	-2.701789	2.372535	-1.449054	-3.490379	1.336569
0.307287	-1.505556	-0.158937	-1.003694	3.003936	-2.367592	-1.399047	1.260612
-0.379714	-1.323895	-1.514430	-1.685769	0.322434	-0.467620	0.311434	0.182320
-0.837277	0.737024	-0.465138	-1.575112	1.611628	1.992963	1.492465	-2.308005
0.339796	-1.079601	0.562037	-1.574623	4.377120	3.379257	2.235645	0.106035
-2.386195	-2.018268	-1.200606	0.315996	1.864009	4.084363	3.592775	-3.157858
-0.746051	-0.583979	-2.879065	2.867848	2.209895	2.802281	2.408654	-1.538584
-2.162374	0.177366	-0.755844	0.964932	2.007479	4.050511	4.095382	-0.781942
0.780136	-0.556034	1.786559	1.535948	2.914760	3.116854	3.348261	-1.628432
-1.673321	-0.008478	1.171942	0.023096	0.027841	2.880711	1.303689	-0.168154
0.526452	-1.691467	-0.818295	-1.218723	-0.049181	1.531181	-0.597733	-0.463606
0.118056	0.564399	0.245647	-3.437009	0.924397	1.890764	-0.539105	1.471011
-2.506911	2.181520	0.551368	-1.235362	-1.187326	3.055162	-0.589626	-0.394802
-1.658049	2.301794	0.132266	0.508419	-1.668050	-0.734725	-0.092198	1.352256
-1.360560	1.015623	0.721842	1.534133	-3.298474	-2.031497	-0.695319	1.131185
-0.812844	0.883205	2.109095	-2.759120	-0.820097	-2.808055	-1.819989	-0.195614
-0.178903	-1.443559	-1.828576	-3.752538	-2.787420	-3.407496	-3.466908	-2.376341
-3.249936	0.351930	-1.204771	-2.980822	-1.758942	-2.325522	-3.108476	-1.657995
0.430054	0.330372	-2.585391	-1.297271	-2.133063	-1.742032	-3.971593	-3.124376
0.287868	4.857166	-1.969036	-0.098085	-3.417682	-2.658525	-3.461859	-1.097284
0.039405	2.272914	0.411194	2.288836	-1.801899	-1.316701	-3.638972	1.587183
0.321562	2.359514	-0.270703	0.365893	0.143787	-1.593161	-1.449333	2.514425
1.703341	2.245266	3.027574	-0.207015	2.332276	0.217197	-2.876042	0.598542
2.833539	-0.102930	1.289023	1.031614	0.420368	0.613873	-0.739198	2.877735
5.442556	-0.445474	0.287845	0.559579	0.974064	-0.073233	-1.750301	1.702104
4.046791	-0.186467	-0.107160	0.833381	-1.625135	-0.057622	-2.480151	1.045150
3.555844	3.570293	1.783706	4.653119	-3.663330	0.313108	-3.380946	0.856074
1.597613	1.814303	-0.254557	5.252596	-3.978619	-1.292143	-0.437488	3.956576
0.255898	3.728865	-0.002248	4.469310	-4.909003	0.971725	-0.983475	4.219656
-1.497903	2.155979	0.713231	5.584063	-0.985780	-0.606389	-1.313007	3.309416
-2.942389	1.637243	1.063480	2.796453	2.818550	-0.390083	1.834117	3.901854
-0.688062	-0.635341	-0.324901	-1.940717	2.869987	-1.574357	1.700096	3.911474
-2.466023	-3.324375	-1.140712	-4.712148	0.877733	-4.606912	1.103332	4.747473
-1.950272	-3.052457	-1.700854	-8.389139	1.404886	-1.015547	0.279024	3.244854
-2.819810	0.560311	-1.561127	-4.207390	2.234249	-3.268861	0.564474	-0.744983
0.786761	1.305430	-0.929731	0.069699	0.584522	-0.638656	0.663882	-3.205938
-1.934258	2.543699	1.585033	1.204829	-0.091895	0.751570	0.721448	1.215690
-1.277068	4.990319	1.166466	4.365100	0.972799	0.134017	-0.373727	1.750401
-1.085971	2.942990	2.396766	1.603413	-1.712696	2.349284	1.488857	1.865296
-0.256466	3.644411	3.900835	1.543968	-0.483579	2.948372	1.685502	1.212576
0.163944	4.394383	3.843570	0.568365	3.611652	5.951982	0.637607	3.155940
-2.399239	2.552906	0.982373	1.892006	4.047396	1.976712	0.766274	-1.096410
-1.464618	-0.209422	-0.142356	0.103089	3.455653	2.101864	-0.455597	-1.994675
-2.418593	-0.798198	-0.760919	-1.989983	3.247826	0.981138	-0.013006	-1.607552
0.510135	0.983576	-2.148715	-3.877712	2.421014	-1.312068	0.841448	-2.339943
-1.216534	-1.237700	-1.414545	-4.455396	2.815719	2.955749	-0.517433	-0.662447
-0.185701	0.764675	-1.073508	-1.710134	2.872640	3.682187	0.071650	0.371538
-0.770367	0.835300	-1.107904	0.023972	2.966679	1.973147	-0.610902	1.373311
-2.295832	0.479376	-2.522234	-1.367675	2.696836	2.953129	-0.132987	2.951374
-0.037797	-2.729198	-0.797599	-2.822675	-0.228088	-0.030168	1.381694	0.253325
-1.069864	-3.366721	-0.395197	-2.658129	-0.216592	-1.782742	-0.124257	-0.776433
-0.532631	-1.581394	-0.431429	-1.231535	-0.671175	-1.021394	-0.404939	-1.601901
-1.246101	-2.322716	-1.517195	2.545506	0.126963	-0.523324	-1.457552	1.277322
-0.344974	0.099113	0.882704	2.194196	-1.235477	0.173868	2.458005	-0.851563
0.264850	-2.677307	-0.143230	3.577235	-1.000194	0.204082	1.882633	1.624443
0.911970	0.002123	1.053901	2.098324	-1.339687	0.677818	1.093533	-0.904158
0.447585	-2.238696	-0.546202	2.827462	0.068545	0.480176	-0.953794	-3.597466
1.754995	-0.084764	-1.163140	2.129451	-2.425799	0.911857	0.911752	-1.749881
-1.033902	-0.659481	-1.023412	2.408590	-1.209615	0.862359	0.676272	-0.388302
-1.321205	-2.192147	-1.289718	3.280581	-1.279105	3.550884	0.694868	-1.184530
-2.387715	-3.536862	-0.410958	4.809624	-2.626767	2.124830	-0.148559	1.629038
-1.132532	-4.219625	1.051967	3.414320	-5.118900	0.622799	-0.630009	-0.517000
-1.406858	-5.059738	-1.605841	4.686168	-5.080703	-0.505610	1.306619	0.793958
-1.505094	-3.812999	0.274716	0.876870	-2.751176	-0.557197	-2.282973	0.087812
-0.530838	-3.471909	0.090539	-3.093373	-2.970217	-3.160063	-2.653586	-0.813238
0.250907	-4.290268	-1.679073	-8.910263	-3.042326	-3.645807	-3.039516	-0.658892
0.545742	-2.229475	-3.103418	-6.769297	-2.708602	-2.666828	-1.078964	-1.427548
-2.069334	-3.007730	-3.427797	-5.178575	-0.102443	-3.351029	-3.408429	0.587793
-3.531922	-3.307733	-1.055210	-1.500697	-1.524749	-2.973107	-3.914009	-0.025369
-0.364423	-3.451885	-1.765156	1.647837	-2.094619	-2.573065	-1.175904	1.315568
-0.865936	-1.683985	0.880364	-0.346371	-1.552652	-1.478001	-2.230011	2.225003
-0.172962	-3.167833	2.309350	0.134079	-2.753647	-0.827315	-3.055831	1.814038
0.062698	-2.315829	2.715103	1.822188	-2.702103	-0.069909	-3.120161	1.957271
-0.991156	-1.631573	4.594523	0.065055	-0.916718	-1.029981	-1.370702	2.589203
1.997074	-3.927965	-0.141791	0.823583	-2.632393	-0.994733	-1.785450	3.825836
4.114490	-0.654604	0.101563	-1.600630	-1.566026	-2.141864	-0.141507	2.921368
3.330690	0.998109	0.770784	0.211618	-0.150916	-1.894875	-1.998869	0.198401
3.231874	2.763875	-1.761428	3.222528	0.752638	2.040535	-1.790436	0.499734
1.084041	3.807993	-1.695572	1.097500	3.820637	-0.569635	0.009693	-0.447032
0.322391	4.255764	1.384152	1.239134	5.624582	-1.766385	0.658720	-0.069396
-2.563677	3.788588	1.425043	-0.285369	3.644075	-1.121315	2.455245	-2.406060
-2.968362	3.695064	1.812102	-1.388007	1.160615	-1.257225	1.725671	-0.182021
0.373334	1.173494	2.759930	-0.473182	2.019605	1.428584	2.629998	0.610219
1.069611	3.273977	-0.008674	-2.484991	2.604745	0.308012	1.187928	0.887161
-1.045431	2.549113	-0.243209	0.120965	2.071237	0.108259	3.700962	1.685705
1.253408	-0.119598	0.606125	-1.320312	1.655281	-0.406074	1.122802	2.273352
0.917026	-1.513256	1.231228	-1.037823	2.285178	-0.589990	3.132348	1.014401
-1.444676	-1.069059	0.626100	-1.548766	2.915231	-2.572087	2.702003	-0.938847
-1.486799	0.545490	-0.605759	-1.564142	5.355038	-1.209065	3.100767	-0.309692
0.141357	1.336294	-1.145947	-0.501848	4.220003	1.061674	2.129142	0.387566
-1.965409	0.714551	-2.019966	1.170415	2.259426	2.759731	2.120629	-2.519073
0.890103	0.825762	-2.225514	2.541447	1.606608	4.230205	3.464430	-1.598009
0.542493	-3.203373	-3.022792	1.687251	1.272150	4.352496	3.451947	-1.709142
-2.027640	-3.058954	-2.562700	1.825925	0.533754	1.414004	1.894480	-1.547571
-0.248595	-1.412280	-3.201536	0.445372	-2.255280	-0.963772	-1.193469	-3.098097
-0.178074	1.139947	-3.136601	-1.907309	-4.234150	-3.902531	-2.188598	-2.910419
-1.432877	2.542829	0.062106	-2.513017	-4.160456	-1.343574	-3.702505	-1.424738
-1.782103	1.496466	-0.042016	-1.850251	-3.760095	-0.128502	-2.127691	-2.111154
1.058946	0.872457	-2.261366	-4.758110	-1.751467	1.186686	-2.416952	-3.046366
-2.508830	-0.963997	-2.880943	-2.464395	0.087729	4.269089	-1.207887	-0.426774
-0.647430	2.170503	-1.807048	-0.406503	1.507295	3.037307	1.844904	-2.568179
3.123144	4.212559	0.154919	-0.793235	1.432631	0.504739	0.244925	-3.329281
1.725293	5.074069	0.824360	1.385810	1.757040	1.070485	0.835076	-1.039579
4.853416	4.275534	0.696275	0.249732	2.760421	1.105745	3.521858	-0.182573
5.341713	0.388355	0.592762	0.096634	1.678477	5.455318	3.588174	0.360835
3.292784	1.906431	-0.492876	0.221214	1.206609	3.093505	3.726525	-1.781853
0.388128	-1.723438	-0.406740	-0.640426	0.770217	2.607704	2.163613	2.187461
-2.690355	-3.383851	2.613571	2.112915	0.310903	1.400015	1.745139	1.794579
-2.495165	-4.488409	1.370856	0.897637	-2.520532	-1.639761	1.103504	2.136199
-3.121202	-5.341311	1.670816	0.053741	0.934014	-1.467326	2.906911	2.694021
-1.135866	-1.146757	2.512452	1.109127	1.013142	-2.948879	-2.112939	4.247747
-2.191859	0.278853	2.062863	1.808497	1.378452	0.082178	-0.019344	4.762274
-1.879580	0.284718	1.903551	2.092251	2.064246	-0.115654	-0.856603	5.195203
0.242871	2.790240	0.162014	3.401589	4.694326	0.820224	2.375486	1.894335
2.081394	4.144018	-0.233046	5.364713	5.298893	1.341911	3.492325	0.089067
0.291688	2.700852	-0.007429	4.791923	5.188747	4.450008	5.202215	-2.776099
1.940252	5.870542	1.756165	3.338819	4.817590	3.522414	3.573857	-0.760264
3.382488	3.552889	1.669636	4.193003	4.495024	1.519329	4.529255	1.575272
3.989694	4.494792	2.196485	2.284076	2.079850	1.480951	2.666009	1.616008
0.250571	4.406852	2.154812	-0.846463	1.372368	0.283982	2.873620	-0.480055
-1.669782	-0.054331	0.366517	-3.374412	-1.317420	-3.998081	1.848892	-0.141619
-2.038865	1.342043	0.803501	-4.531670	-1.470912	-4.140136	-0.532576	-0.645783
-2.984578	-1.885127	-0.029836	-3.771238	-0.251408	-1.507785	-3.407980	-1.615148
-5.351521	-4.171939	-0.768895	-0.796014	-1.773505	-4.029129	-1.852020	-1.133315
-1.502995	-5.102794	-1.491173	-1.199396	-3.484004	-1.289066	-3.010293	-1.080583
-3.819399	-4.683892	-1.679772	-1.614186	-1.203602	-2.120399	-3.806898	-3.721553
-1.402034	-4.298833	-1.961991	-0.788182	-2.193698	-0.595927	-4.496233	-1.569425
-0.192200	-3.522816	-1.289830	2.382418	-0.848191	-3.335151	-3.907996	-2.696401
-1.914497	-3.946841	-1.476788	1.500813	-3.622080	-2.277671	-2.556487	-3.479779
2.976074	1.081291	-2.038465	-0.045696	-1.398664	-0.731188	-3.120302	-2.162862
3.587314	1.123581	-1.707961	-0.405008	-2.515140	-1.727802	-4.105841	-1.652649
2.281323	3.326329	-1.194176	-1.335421	-1.428609	-2.061613	-3.028701	-1.969440
1.384600	2.180835	-0.071408	1.270264	-1.536568	-3.006523	-3.233181	-0.373837
-1.725755	-1.617501	0.406841	1.973048	-1.007517	-0.084232	0.101621	-0.233639
-2.216542	-2.488078	1.383773	1.314433	-0.598153	0.384360	1.354106	0.587452
-1.341261	-1.686498	0.658287	2.887018	1.909223	-0.038547	2.496177	-0.067263
-0.889913	-2.110758	0.765385	0.904706	0.333714	-0.983254	0.911634	1.640614
2.097204	-0.472261	2.449665	0.425696	0.114520	-1.944262	2.367781	1.197683
2.783187	-0.538604	1.807929	-1.013511	-2.914756	-0.740872	0.772617	2.878743
0.712738	1.159811	2.708777	-0.603814	-0.688714	-0.318082	-2.799854	1.472595
-0.046443	0.196286	0.641309	1.517689	-2.135953	0.918005	-0.391831	2.300736
-2.151058	0.702419	2.797025	3.124997	-3.361171	3.042989	-2.177213	0.785068
-1.720905	1.768412	2.814726	1.713611	-3.640567	2.151270	-2.210298	1.143488
2.015414	1.683664	1.235712	1.726833	-2.482640	-0.356053	-0.120983	3.679197
3.791500	2.734776	2.703183	0.349663	-2.986189	-0.539379	-1.138768	1.040393
5.225653	0.557147	3.462039	-1.707997	-3.242211	-0.355711	-0.492151	0.063477
4.704272	-2.325022	1.350381	-1.323748	-0.062607	0.063852	0.385770	1.999347
4.134458	0.530268	0.103209	-2.521189	0.195926	-0.608491	-2.804703	2.383602
3.295311	0.455619	-2.469976	-4.417618	1.716688	0.851460	-0.301068	-1.039658
-1.941971	1.755830	-0.312276	-1.344734	1.529480	3.090204	-1.516225	-0.692633
-3.418086	0.962801	-1.695788	-1.064237	1.881805	4.376740	1.771929	-2.069225
